0
0
0
-4.38957e-05
0.00632102 -7.44339e-05 -4.31087e-09 -7.44339e-05 0.0065425 -1.42373e-07 -4.31087e-09 -1.42373e-07 1.21851e-06 
1
0
0
-0.000278248
0.0093053 -0.000180885 -4.21132e-09 -0.000180885 0.00905162 -1.84351e-07 -4.21132e-09 -1.84351e-07 1.03651e-06 
2
0
0
-0.00138353
0.0107701 -0.00025599 -3.75941e-09 -0.00025599 0.00996569 -2.08399e-07 -3.75941e-09 -2.08399e-07 1.03685e-06 
3
0
0
-0.000375571
0.0114639 -0.00029714 -3.35027e-09 -0.00029714 0.010272 -2.19305e-07 -3.35027e-09 -2.19305e-07 1.0371e-06 
4
0
0
8.44384e-05
0.0117902 -0.000317565 -3.05746e-09 -0.000317565 0.0103719 -2.2496e-07 -3.05746e-09 -2.2496e-07 1.03671e-06 
5
0
0
0.000158727
0.0119437 -0.000327281 -2.85304e-09 -0.000327281 0.0104043 -2.28749e-07 -2.85304e-09 -2.28749e-07 1.03631e-06 
6
0
0
0.000365256
0.0120159 -0.000331818 -2.70029e-09 -0.000331818 0.0104149 -2.31832e-07 -2.70029e-09 -2.31832e-07 1.036e-06 
7
0
0
0.000312665
0.01205 -0.000333917 -2.57341e-09 -0.000333917 0.0104184 -2.34577e-07 -2.57341e-09 -2.34577e-07 1.03576e-06 
8
0
0
0.000139165
0.0120662 -0.00033489 -2.46167e-09 -0.00033489 0.0104197 -2.37095e-07 -2.46167e-09 -2.37095e-07 1.03558e-06 
9
0
0
-0.000366807
0.0120739 -0.000335345 -2.35959e-09 -0.000335345 0.0104202 -2.3942e-07 -2.35959e-09 -2.3942e-07 1.03545e-06 
10
0
0
3.85272e-05
0.0120777 -0.000335567 -2.26503e-09 -0.000335567 0.0104205 -2.41558e-07 -2.26503e-09 -2.41558e-07 1.03535e-06 
11
0
0
0.000363946
0.0120795 -0.000335666 -2.17283e-09 -0.000335666 0.0104206 -2.43518e-07 -2.17283e-09 -2.43518e-07 1.03528e-06 
12
0
0
2.24333e-05
0.0120804 -0.00033571 -2.08664e-09 -0.00033571 0.0104207 -2.45305e-07 -2.08664e-09 -2.45305e-07 1.03523e-06 
13
0
0
0.000719338
0.0120809 -0.00033574 -2.01243e-09 -0.00033574 0.0104208 -2.46927e-07 -2.01243e-09 -2.46927e-07 1.03519e-06 
14
0
0
0.000375882
0.0120812 -0.000335745 -1.93778e-09 -0.000335745 0.0104209 -2.48393e-07 -1.93778e-09 -2.48393e-07 1.03517e-06 
15
0
0
0.00020552
0.0120814 -0.000335755 -1.87543e-09 -0.000335755 0.010421 -2.49712e-07 -1.87543e-09 -2.49712e-07 1.03515e-06 
16
0
0
-5.03381e-05
0.0120815 -0.000335764 -1.81975e-09 -0.000335764 0.010421 -2.50895e-07 -1.81975e-09 -2.50895e-07 1.03514e-06 
17
0
0
-6.26376e-07
0.0120815 -0.000335774 -1.77049e-09 -0.000335774 0.0104211 -2.51953e-07 -1.77049e-09 -2.51953e-07 1.03514e-06 
18
0
0
-1.62132e-05
0.0120816 -0.000335779 -1.72032e-09 -0.000335779 0.0104211 -2.52894e-07 -1.72032e-09 -2.52894e-07 1.03514e-06 
19
0
0
-0.000223302
0.0120816 -0.000335782 -1.6763e-09 -0.000335782 0.0104212 -2.53732e-07 -1.6763e-09 -2.53732e-07 1.03514e-06 
20
0
0
0.000141981
0.0120816 -0.000335788 -1.63911e-09 -0.000335788 0.0104212 -2.54476e-07 -1.63911e-09 -2.54476e-07 1.03514e-06 
21
0
0
-0.0010013
0.0120817 -0.000335785 -1.60256e-09 -0.000335785 0.0104212 -2.55136e-07 -1.60256e-09 -2.55136e-07 1.03515e-06 
22
0
0
-0.000651971
0.0120817 -0.000335803 -1.58186e-09 -0.000335803 0.0104213 -2.5572e-07 -1.58186e-09 -2.5572e-07 1.03515e-06 
23
0
0
0.000173045
0.0120817 -0.000335805 -1.55573e-09 -0.000335805 0.0104213 -2.56235e-07 -1.55573e-09 -2.56235e-07 1.03516e-06 
24
0
0
-0.00104914
0.0120817 -0.000335793 -1.52564e-09 -0.000335793 0.0104213 -2.5669e-07 -1.52564e-09 -2.5669e-07 1.03516e-06 
25
0
0
-0.000552055
0.0120817 -0.000335808 -1.51329e-09 -0.000335808 0.0104213 -2.5709e-07 -1.51329e-09 -2.5709e-07 1.03517e-06 
26
0
0
0.000418231
0.0120817 -0.000335807 -1.49795e-09 -0.000335807 0.0104213 -2.57434e-07 -1.49795e-09 -2.57434e-07 1.03517e-06 
27
0
0
0.000114329
0.0120817 -0.000335791 -1.47633e-09 -0.000335791 0.0104213 -2.57739e-07 -1.47633e-09 -2.57739e-07 1.03518e-06 
28
0
0
0.000717684
0.0120817 -0.00033579 -1.46389e-09 -0.00033579 0.0104214 -2.58008e-07 -1.46389e-09 -2.58008e-07 1.03518e-06 
29
0
0
0.000329681
0.0120817 -0.000335781 -1.44759e-09 -0.000335781 0.0104214 -2.58244e-07 -1.44759e-09 -2.58244e-07 1.03519e-06 
30
0
0
-0.000340834
0.0120817 -0.000335783 -1.43863e-09 -0.000335783 0.0104214 -2.58453e-07 -1.43863e-09 -2.58453e-07 1.03519e-06 
31
0
0
-0.000467427
0.0120817 -0.000335795 -1.43523e-09 -0.000335795 0.0104214 -2.58635e-07 -1.43523e-09 -2.58635e-07 1.03519e-06 
32
0
0
-0.00117728
0.0120817 -0.000335802 -1.43014e-09 -0.000335802 0.0104214 -2.58795e-07 -1.43014e-09 -2.58795e-07 1.0352e-06 
33
0
0
-0.000217271
0.0120817 -0.000335816 -1.4303e-09 -0.000335816 0.0104214 -2.58934e-07 -1.4303e-09 -2.58934e-07 1.0352e-06 
34
0
0
0.00028083
0.0120817 -0.000335806 -1.4082e-09 -0.000335806 0.0104214 -2.59059e-07 -1.4082e-09 -2.59059e-07 1.0352e-06 
35
0
0
-8.0541e-05
0.0120817 -0.000335794 -1.38955e-09 -0.000335794 0.0104214 -2.59168e-07 -1.38955e-09 -2.59168e-07 1.0352e-06 
36
0
0
0.000434982
0.0120817 -0.000335796 -1.3808e-09 -0.000335796 0.0104214 -2.59261e-07 -1.3808e-09 -2.59261e-07 1.03521e-06 
37
0
0
-0.000778287
0.0120817 -0.000335788 -1.36895e-09 -0.000335788 0.0104214 -2.59343e-07 -1.36895e-09 -2.59343e-07 1.03521e-06 
38
0
0
-0.000629766
0.0120817 -0.000335805 -1.37187e-09 -0.000335805 0.0104214 -2.59414e-07 -1.37187e-09 -2.59414e-07 1.03521e-06 
39
0
0
-8.93911e-05
0.0120817 -0.000335809 -1.36926e-09 -0.000335809 0.0104214 -2.59476e-07 -1.36926e-09 -2.59476e-07 1.03521e-06 
40
0
0
0.00059483
0.0120817 -0.000335802 -1.36197e-09 -0.000335802 0.0104214 -2.5953e-07 -1.36197e-09 -2.5953e-07 1.03521e-06 
41
0
0
-0.000500068
0.0120817 -0.000335788 -1.35229e-09 -0.000335788 0.0104214 -2.59578e-07 -1.35229e-09 -2.59578e-07 1.03521e-06 
42
0
0
-0.000524399
0.0120817 -0.000335801 -1.3567e-09 -0.000335801 0.0104214 -2.59619e-07 -1.3567e-09 -2.59619e-07 1.03521e-06 
43
0
0
0.000819988
0.0120817 -0.000335806 -1.35801e-09 -0.000335806 0.0104214 -2.59654e-07 -1.35801e-09 -2.59654e-07 1.03522e-06 
44
0
0
-0.000510559
0.0120817 -0.000335786 -1.34663e-09 -0.000335786 0.0104214 -2.59685e-07 -1.34663e-09 -2.59685e-07 1.03522e-06 
45
0
0
0.000364025
0.0120817 -0.0003358 -1.35439e-09 -0.0003358 0.0104214 -2.59711e-07 -1.35439e-09 -2.59711e-07 1.03522e-06 
46
0
0
-0.000187152
0.0120817 -0.000335791 -1.34869e-09 -0.000335791 0.0104214 -2.59735e-07 -1.34869e-09 -2.59735e-07 1.03522e-06 
47
0
0
-0.000381833
0.0120817 -0.000335797 -1.3512e-09 -0.000335797 0.0104214 -2.59756e-07 -1.3512e-09 -2.59756e-07 1.03522e-06 
48
0
0
0.000445385
0.0120817 -0.000335802 -1.35349e-09 -0.000335802 0.0104214 -2.59774e-07 -1.35349e-09 -2.59774e-07 1.03522e-06 
49
0
0
0.000851875
0.0120817 -0.000335791 -1.34659e-09 -0.000335791 0.0104214 -2.59791e-07 -1.34659e-09 -2.59791e-07 1.03522e-06 
50
0
0
-0.000274846
0.0120817 -0.00033578 -1.33961e-09 -0.00033578 0.0104214 -2.59805e-07 -1.33961e-09 -2.59805e-07 1.03522e-06 
51
0
0
0.00106808
0.0120817 -0.000335794 -1.34949e-09 -0.000335794 0.0104214 -2.59816e-07 -1.34949e-09 -2.59816e-07 1.03522e-06 
52
0
0
0.000272463
0.0120817 -0.000335778 -1.34312e-09 -0.000335778 0.0104214 -2.59825e-07 -1.34312e-09 -2.59825e-07 1.03522e-06 
53
0
0
0.000326826
0.0120817 -0.000335785 -1.34861e-09 -0.000335785 0.0104214 -2.59833e-07 -1.34861e-09 -2.59833e-07 1.03522e-06 
54
0
0
-0.000402619
0.0120817 -0.000335786 -1.34967e-09 -0.000335786 0.0104214 -2.59842e-07 -1.34967e-09 -2.59842e-07 1.03522e-06 
55
0
0
-0.00074776
0.0120817 -0.000335798 -1.35597e-09 -0.000335798 0.0104214 -2.59849e-07 -1.35597e-09 -2.59849e-07 1.03522e-06 
56
0
0
9.39594e-05
0.0120817 -0.000335809 -1.36035e-09 -0.000335809 0.0104214 -2.59855e-07 -1.36035e-09 -2.59855e-07 1.03522e-06 
57
0
0
-0.000120972
0.0120817 -0.000335799 -1.35452e-09 -0.000335799 0.0104214 -2.59861e-07 -1.35452e-09 -2.59861e-07 1.03522e-06 
58
0
0
-0.000341922
0.0120817 -0.000335799 -1.35445e-09 -0.000335799 0.0104214 -2.59864e-07 -1.35445e-09 -2.59864e-07 1.03522e-06 
59
0
0
-0.000398798
0.0120817 -0.000335802 -1.35636e-09 -0.000335802 0.0104214 -2.59867e-07 -1.35636e-09 -2.59867e-07 1.03522e-06 
60
0
0
-0.000427717
0.0120817 -0.000335804 -1.35802e-09 -0.000335804 0.0104214 -2.5987e-07 -1.35802e-09 -2.5987e-07 1.03522e-06 
61
0
0
0.000749013
0.0120817 -0.000335806 -1.35937e-09 -0.000335806 0.0104214 -2.59873e-07 -1.35937e-09 -2.59873e-07 1.03522e-06 
62
0
0
-9.12539e-05
0.0120817 -0.000335788 -1.34984e-09 -0.000335788 0.0104214 -2.59876e-07 -1.34984e-09 -2.59876e-07 1.03522e-06 
63
0
0
-4.67297e-05
0.0120817 -0.000335794 -1.3542e-09 -0.000335794 0.0104214 -2.59878e-07 -1.3542e-09 -2.59878e-07 1.03522e-06 
64
0
0
0.000465616
0.0120817 -0.000335796 -1.35519e-09 -0.000335796 0.0104214 -2.5988e-07 -1.35519e-09 -2.5988e-07 1.03522e-06 
65
0
0
-0.00065123
0.0120817 -0.000335788 -1.35064e-09 -0.000335788 0.0104214 -2.59882e-07 -1.35064e-09 -2.59882e-07 1.03522e-06 
66
0
0
-0.000157726
0.0120817 -0.000335803 -1.35102e-09 -0.000335803 0.0104214 -2.59878e-07 -1.35102e-09 -2.59878e-07 1.03522e-06 
67
0
0
-0.000504376
0.0120817 -0.000335801 -1.34412e-09 -0.000335801 0.0104214 -2.59876e-07 -1.34412e-09 -2.59876e-07 1.03522e-06 
68
0
0
-0.000843416
0.0120817 -0.000335806 -1.34344e-09 -0.000335806 0.0104214 -2.59876e-07 -1.34344e-09 -2.59876e-07 1.03522e-06 
69
0
0
0.0002395
0.0120817 -0.000335813 -1.34556e-09 -0.000335813 0.0104214 -2.59876e-07 -1.34556e-09 -2.59876e-07 1.03522e-06 
70
0
0
-0.000218597
0.0120817 -0.000335798 -1.33688e-09 -0.000335798 0.0104214 -2.59876e-07 -1.33688e-09 -2.59876e-07 1.03522e-06 
71
0
0
0.000220068
0.0120817 -0.0003358 -1.33715e-09 -0.0003358 0.0104214 -2.59877e-07 -1.33715e-09 -2.59877e-07 1.03522e-06 
72
0
0
-0.000241424
0.0120817 -0.000335794 -1.33352e-09 -0.000335794 0.0104214 -2.59877e-07 -1.33352e-09 -2.59877e-07 1.03522e-06 
73
0
0
5.45335e-05
0.0120817 -0.000335799 -1.33624e-09 -0.000335799 0.0104214 -2.59877e-07 -1.33624e-09 -2.59877e-07 1.03522e-06 
74
0
0
-0.000315571
0.0120817 -0.000335796 -1.33053e-09 -0.000335796 0.0104214 -2.59873e-07 -1.33053e-09 -2.59873e-07 1.03522e-06 
75
0
0
-0.000599011
0.0120817 -0.000335801 -1.33021e-09 -0.000335801 0.0104214 -2.59871e-07 -1.33021e-09 -2.59871e-07 1.03522e-06 
76
0
0
-0.000404883
0.0120817 -0.000335807 -1.33211e-09 -0.000335807 0.0104214 -2.59869e-07 -1.33211e-09 -2.59869e-07 1.03522e-06 
77
0
0
0.000531719
0.0120817 -0.000335806 -1.33089e-09 -0.000335806 0.0104214 -2.59869e-07 -1.33089e-09 -2.59869e-07 1.03522e-06 
78
0
0
-0.000374395
0.0120817 -0.000335791 -1.32235e-09 -0.000335791 0.0104214 -2.59869e-07 -1.32235e-09 -2.59869e-07 1.03522e-06 
79
0
0
0.00013601
0.0120817 -0.0003358 -1.32631e-09 -0.0003358 0.0104214 -2.59868e-07 -1.32631e-09 -2.59868e-07 1.03522e-06 
80
0
0
0.000417333
0.0120817 -0.000335795 -1.32229e-09 -0.000335795 0.0104214 -2.59869e-07 -1.32229e-09 -2.59869e-07 1.03522e-06 
81
0
0
-3.28709e-05
0.0120817 -0.000335789 -1.31811e-09 -0.000335789 0.0104214 -2.5987e-07 -1.31811e-09 -2.5987e-07 1.03522e-06 
82
0
0
-0.000272847
0.0120817 -0.000335794 -1.31601e-09 -0.000335794 0.0104214 -2.59871e-07 -1.31601e-09 -2.59871e-07 1.03522e-06 
83
0
0
-0.000865099
0.0120817 -0.000335799 -1.31595e-09 -0.000335799 0.0104214 -2.59873e-07 -1.31595e-09 -2.59873e-07 1.03522e-06 
84
0
0
-0.000376405
0.0120817 -0.000335811 -1.32076e-09 -0.000335811 0.0104214 -2.59874e-07 -1.32076e-09 -2.59874e-07 1.03522e-06 
85
0
0
-0.00135596
0.0120817 -0.000335807 -1.31644e-09 -0.000335807 0.0104214 -2.59875e-07 -1.31644e-09 -2.59875e-07 1.03522e-06 
86
0
0
-8.28524e-05
0.0120817 -0.000335822 -1.32235e-09 -0.000335822 0.0104214 -2.59873e-07 -1.32235e-09 -2.59873e-07 1.03522e-06 
87
0
0
-0.00022196
0.0120817 -0.000335807 -1.31288e-09 -0.000335807 0.0104214 -2.59872e-07 -1.31288e-09 -2.59872e-07 1.03522e-06 
88
0
0
0.00024319
0.0120817 -0.000335803 -1.31092e-09 -0.000335803 0.0104214 -2.59872e-07 -1.31092e-09 -2.59872e-07 1.03522e-06 
89
0
0
-0.000113279
0.0120817 -0.000335795 -1.30633e-09 -0.000335795 0.0104214 -2.59872e-07 -1.30633e-09 -2.59872e-07 1.03522e-06 
90
0
0
-5.23129e-05
0.0120817 -0.000335797 -1.31004e-09 -0.000335797 0.0104214 -2.59875e-07 -1.31004e-09 -2.59875e-07 1.03522e-06 
91
0
0
0.000288561
0.0120817 -0.000335797 -1.31197e-09 -0.000335797 0.0104214 -2.59878e-07 -1.31197e-09 -2.59878e-07 1.03522e-06 
92
0
0
0.000501376
0.0120817 -0.000335792 -1.31154e-09 -0.000335792 0.0104214 -2.5988e-07 -1.31154e-09 -2.5988e-07 1.03522e-06 
93
0
0
0.000965753
0.0120817 -0.000335786 -1.31092e-09 -0.000335786 0.0104214 -2.59881e-07 -1.31092e-09 -2.59881e-07 1.03522e-06 
94
0
0
0.00163364
0.0120817 -0.000335777 -1.30664e-09 -0.000335777 0.0104214 -2.59882e-07 -1.30664e-09 -2.59882e-07 1.03522e-06 
95
0
0
-0.000127709
0.0120818 -0.000335763 -1.29905e-09 -0.000335763 0.0104214 -2.59883e-07 -1.29905e-09 -2.59883e-07 1.03522e-06 
96
0
0
-0.000371927
0.0120817 -0.000335785 -1.31086e-09 -0.000335785 0.0104214 -2.59883e-07 -1.31086e-09 -2.59883e-07 1.03522e-06 
97
0
0
0.000170616
0.0120817 -0.000335798 -1.31705e-09 -0.000335798 0.0104214 -2.59884e-07 -1.31705e-09 -2.59884e-07 1.03522e-06 
98
0
0
0.00113585
0.0120817 -0.000335794 -1.32382e-09 -0.000335794 0.0104214 -2.59891e-07 -1.32382e-09 -2.59891e-07 1.03522e-06 
99
0
0
-0.000731101
0.0120817 -0.000335777 -1.32104e-09 -0.000335777 0.0104214 -2.59896e-07 -1.32104e-09 -2.59896e-07 1.03522e-06 
100
0
0
0.000257094
0.0120817 -0.0003358 -1.33755e-09 -0.0003358 0.0104214 -2.59897e-07 -1.33755e-09 -2.59897e-07 1.03522e-06 
101
0
0
-0.000209503
0.0120817 -0.000335793 -1.33563e-09 -0.000335793 0.0104214 -2.59898e-07 -1.33563e-09 -2.59898e-07 1.03522e-06 
102
0
0
-0.000593418
0.0120817 -0.000335798 -1.34006e-09 -0.000335798 0.0104214 -2.59899e-07 -1.34006e-09 -2.59899e-07 1.03522e-06 
103
0
0
-0.000631135
0.0120817 -0.000335806 -1.34487e-09 -0.000335806 0.0104214 -2.59901e-07 -1.34487e-09 -2.59901e-07 1.03522e-06 
104
0
0
-0.000725305
0.0120817 -0.00033581 -1.347e-09 -0.00033581 0.0104214 -2.59903e-07 -1.347e-09 -2.59903e-07 1.03522e-06 
105
0
0
-0.000468748
0.0120817 -0.000335812 -1.34831e-09 -0.000335812 0.0104214 -2.59903e-07 -1.34831e-09 -2.59903e-07 1.03522e-06 
106
0
0
-0.000168469
0.0120817 -0.000335809 -1.34799e-09 -0.000335809 0.0104214 -2.59905e-07 -1.34799e-09 -2.59905e-07 1.03522e-06 
107
0
0
-0.000875935
0.0120817 -0.000335804 -1.34639e-09 -0.000335804 0.0104214 -2.59906e-07 -1.34639e-09 -2.59906e-07 1.03522e-06 
108
0
0
-0.000345168
0.0120817 -0.000335813 -1.35257e-09 -0.000335813 0.0104214 -2.59907e-07 -1.35257e-09 -2.59907e-07 1.03522e-06 
109
0
0
0.000313328
0.0120817 -0.000335808 -1.3497e-09 -0.000335808 0.0104214 -2.59907e-07 -1.3497e-09 -2.59907e-07 1.03522e-06 
110
0
0
-0.000162315
0.0120817 -0.000335795 -1.3431e-09 -0.000335795 0.0104214 -2.59907e-07 -1.3431e-09 -2.59907e-07 1.03522e-06 
111
0
0
0.000333435
0.0120817 -0.000335798 -1.34484e-09 -0.000335798 0.0104214 -2.59907e-07 -1.34484e-09 -2.59907e-07 1.03522e-06 
112
0
0
-0.000402191
0.0120817 -0.000335791 -1.34147e-09 -0.000335791 0.0104214 -2.59907e-07 -1.34147e-09 -2.59907e-07 1.03522e-06 
113
0
0
0.00013439
0.0120817 -0.0003358 -1.34798e-09 -0.0003358 0.0104214 -2.59907e-07 -1.34798e-09 -2.59907e-07 1.03522e-06 
114
0
0
-0.000695472
0.0120817 -0.000335795 -1.35064e-09 -0.000335795 0.0104214 -2.59913e-07 -1.35064e-09 -2.59913e-07 1.03522e-06 
115
0
0
-0.000414497
0.0120817 -0.000335807 -1.36019e-09 -0.000335807 0.0104214 -2.59917e-07 -1.36019e-09 -2.59917e-07 1.03522e-06 
116
0
0
-0.00107878
0.0120817 -0.000335806 -1.36172e-09 -0.000335806 0.0104214 -2.59919e-07 -1.36172e-09 -2.59919e-07 1.03522e-06 
117
0
0
-5.74701e-05
0.0120817 -0.000335817 -1.36896e-09 -0.000335817 0.0104214 -2.59921e-07 -1.36896e-09 -2.59921e-07 1.03522e-06 
118
0
0
-0.00059834
0.0120817 -0.000335805 -1.36335e-09 -0.000335805 0.0104214 -2.59922e-07 -1.36335e-09 -2.59922e-07 1.03522e-06 
119
0
0
-0.000244908
0.0120817 -0.000335809 -1.36615e-09 -0.000335809 0.0104214 -2.59923e-07 -1.36615e-09 -2.59923e-07 1.03522e-06 
120
0
0
0.00108216
0.0120817 -0.000335804 -1.36555e-09 -0.000335804 0.0104214 -2.59923e-07 -1.36555e-09 -2.59923e-07 1.03522e-06 
121
0
0
0.000717385
0.0120817 -0.000335782 -1.35427e-09 -0.000335782 0.0104214 -2.59923e-07 -1.35427e-09 -2.59923e-07 1.03522e-06 
122
0
0
0.000267543
0.0120817 -0.000335779 -1.35665e-09 -0.000335779 0.0104214 -2.59927e-07 -1.35665e-09 -2.59927e-07 1.03522e-06 
123
0
0
0.000772425
0.0120817 -0.000335785 -1.36293e-09 -0.000335785 0.0104214 -2.5993e-07 -1.36293e-09 -2.5993e-07 1.03522e-06 
124
0
0
0.000275182
0.0120817 -0.000335779 -1.36095e-09 -0.000335779 0.0104214 -2.59932e-07 -1.36095e-09 -2.59932e-07 1.03522e-06 
125
0
0
-0.000390268
0.0120817 -0.000335785 -1.36477e-09 -0.000335785 0.0104214 -2.59934e-07 -1.36477e-09 -2.59934e-07 1.03522e-06 
126
0
0
-0.00122621
0.0120817 -0.000335798 -1.37206e-09 -0.000335798 0.0104214 -2.59935e-07 -1.37206e-09 -2.59935e-07 1.03522e-06 
127
0
0
-0.000172626
0.0120817 -0.000335816 -1.38322e-09 -0.000335816 0.0104214 -2.59933e-07 -1.38322e-09 -2.59933e-07 1.03522e-06 
128
0
0
0.000319601
0.0120817 -0.000335806 -1.37791e-09 -0.000335806 0.0104214 -2.59931e-07 -1.37791e-09 -2.59931e-07 1.03522e-06 
129
0
0
-0.000215637
0.0120817 -0.000335795 -1.37109e-09 -0.000335795 0.0104214 -2.59927e-07 -1.37109e-09 -2.59927e-07 1.03522e-06 
130
0
0
-0.000447789
0.0120817 -0.000335799 -1.37227e-09 -0.000335799 0.0104214 -2.59925e-07 -1.37227e-09 -2.59925e-07 1.03522e-06 
131
0
0
-0.000894783
0.0120817 -0.000335804 -1.37662e-09 -0.000335804 0.0104214 -2.59923e-07 -1.37662e-09 -2.59923e-07 1.03522e-06 
132
0
0
-0.000111776
0.0120817 -0.000335813 -1.38166e-09 -0.000335813 0.0104214 -2.59921e-07 -1.38166e-09 -2.59921e-07 1.03522e-06 
133
0
0
0.000777307
0.0120817 -0.000335804 -1.37617e-09 -0.000335804 0.0104214 -2.59917e-07 -1.37617e-09 -2.59917e-07 1.03522e-06 
134
0
0
0.000185799
0.0120817 -0.000335786 -1.36576e-09 -0.000335786 0.0104214 -2.59912e-07 -1.36576e-09 -2.59912e-07 1.03522e-06 
135
0
0
0.000669404
0.0120817 -0.000335789 -1.36769e-09 -0.000335789 0.0104214 -2.59909e-07 -1.36769e-09 -2.59909e-07 1.03522e-06 
136
0
0
0.000487838
0.0120817 -0.000335783 -1.36428e-09 -0.000335783 0.0104214 -2.59906e-07 -1.36428e-09 -2.59906e-07 1.03522e-06 
137
0
0
-4.64549e-05
0.0120817 -0.000335783 -1.36442e-09 -0.000335783 0.0104214 -2.59905e-07 -1.36442e-09 -2.59905e-07 1.03522e-06 
138
0
0
-0.000802924
0.0120817 -0.000335792 -1.36302e-09 -0.000335792 0.0104214 -2.59898e-07 -1.36302e-09 -2.59898e-07 1.03522e-06 
139
0
0
-0.00102424
0.0120817 -0.000335807 -1.36633e-09 -0.000335807 0.0104214 -2.59892e-07 -1.36633e-09 -2.59892e-07 1.03522e-06 
140
0
0
-0.000184285
0.0120817 -0.000335816 -1.36916e-09 -0.000335816 0.0104214 -2.59886e-07 -1.36916e-09 -2.59886e-07 1.03522e-06 
141
0
0
-0.00145713
0.0120817 -0.000335806 -1.36289e-09 -0.000335806 0.0104214 -2.5988e-07 -1.36289e-09 -2.5988e-07 1.03522e-06 
142
0
0
-0.000623858
0.0120817 -0.000335823 -1.37238e-09 -0.000335823 0.0104214 -2.59875e-07 -1.37238e-09 -2.59875e-07 1.03522e-06 
143
0
0
-0.000524105
0.0120817 -0.000335816 -1.36937e-09 -0.000335816 0.0104214 -2.59869e-07 -1.36937e-09 -2.59869e-07 1.03522e-06 
144
0
0
-0.00123016
0.0120817 -0.000335812 -1.36853e-09 -0.000335812 0.0104214 -2.59862e-07 -1.36853e-09 -2.59862e-07 1.03522e-06 
145
0
0
-0.00188808
0.0120817 -0.000335821 -1.37349e-09 -0.000335821 0.0104214 -2.59853e-07 -1.37349e-09 -2.59853e-07 1.03522e-06 
146
0
0
1.58687e-05
0.0120817 -0.000335835 -1.37418e-09 -0.000335835 0.0104215 -2.59843e-07 -1.37418e-09 -2.59843e-07 1.03522e-06 
147
0
0
0.000393792
0.0120817 -0.000335811 -1.3566e-09 -0.000335811 0.0104214 -2.59834e-07 -1.3566e-09 -2.59834e-07 1.03522e-06 
148
0
0
-0.000117685
0.0120817 -0.000335795 -1.34802e-09 -0.000335795 0.0104214 -2.59828e-07 -1.34802e-09 -2.59828e-07 1.03522e-06 
149
0
0
-0.000149774
0.0120817 -0.000335797 -1.35041e-09 -0.000335797 0.0104214 -2.5982e-07 -1.35041e-09 -2.5982e-07 1.03522e-06 
150
0
0
0.000297029
0.0120817 -0.000335799 -1.35206e-09 -0.000335799 0.0104214 -2.59811e-07 -1.35206e-09 -2.59811e-07 1.03522e-06 
151
0
0
0.00149264
0.0120817 -0.000335792 -1.34929e-09 -0.000335792 0.0104214 -2.59802e-07 -1.34929e-09 -2.59802e-07 1.03522e-06 
152
0
0
0.00126557
0.0120818 -0.000335771 -1.33856e-09 -0.000335771 0.0104214 -2.59797e-07 -1.33856e-09 -2.59797e-07 1.03522e-06 
153
0.0513778
0
-0.000264804
0.0120818 -0.000335766 -1.33792e-09 -0.000335766 0.0104214 -2.59795e-07 -1.33792e-09 -2.59795e-07 1.03522e-06 
154
0.0525906
0
-0.00106708
0.0120817 -0.000335789 -1.34712e-09 -0.000335789 0.0104214 -2.5979e-07 -1.34712e-09 -2.5979e-07 1.03522e-06 
155
0.0519916
0
1.33927e-05
0.0120817 -0.00033581 -1.35658e-09 -0.00033581 0.0104214 -2.59786e-07 -1.35658e-09 -2.59786e-07 1.03522e-06 
156
0.0512519
0
0.000133891
0.0120817 -0.000335801 -1.35126e-09 -0.000335801 0.0104214 -2.59788e-07 -1.35126e-09 -2.59788e-07 1.03522e-06 
157
0.0513844
0
-0.00092964
0.0120817 -0.000335796 -1.3492e-09 -0.000335796 0.0104214 -2.5979e-07 -1.3492e-09 -2.5979e-07 1.03522e-06 
158
0.0512654
0
-0.00058297
0.0120817 -0.00033581 -1.35901e-09 -0.00033581 0.0104214 -2.59789e-07 -1.35901e-09 -2.59789e-07 1.03522e-06 
159
0.0502709
0
-8.23975e-05
0.0120817 -0.00033581 -1.35905e-09 -0.00033581 0.0104214 -2.5979e-07 -1.35905e-09 -2.5979e-07 1.03522e-06 
160
0.0506815
0
-0.000671972
0.0120817 -0.000335803 -1.35303e-09 -0.000335803 0.0104214 -2.59792e-07 -1.35303e-09 -2.59792e-07 1.03522e-06 
161
0.0534458
0
-0.00187861
0.0120817 -0.000335809 -1.35539e-09 -0.000335809 0.0104214 -2.59791e-07 -1.35539e-09 -2.59791e-07 1.03522e-06 
162
0.0565935
0
-0.00046249
0.0120817 -0.00033583 -1.37043e-09 -0.00033583 0.0104214 -2.59784e-07 -1.37043e-09 -2.59784e-07 1.03522e-06 
163
0.0600755
0
-0.000151347
0.0120817 -0.000335816 -1.36463e-09 -0.000335816 0.0104214 -2.59776e-07 -1.36463e-09 -2.59776e-07 1.03522e-06 
164
0.063432
0
-0.0011961
0.0120817 -0.000335806 -1.36068e-09 -0.000335806 0.0104214 -2.59767e-07 -1.36068e-09 -2.59767e-07 1.03522e-06 
165
0.0670033
0
-0.00218485
0.0120817 -0.000335818 -1.36865e-09 -0.000335818 0.0104214 -2.59758e-07 -1.36865e-09 -2.59758e-07 1.03522e-06 
166
0.0705382
0
-0.00196166
0.0120817 -0.000335839 -1.38066e-09 -0.000335839 0.0104215 -2.59748e-07 -1.38066e-09 -2.59748e-07 1.03522e-06 
167
0.0730508
0
-0.00109443
0.0120817 -0.000335843 -1.38479e-09 -0.000335843 0.0104215 -2.59739e-07 -1.38479e-09 -2.59739e-07 1.03522e-06 
168
0.0752212
0
-0.000527792
0.0120817 -0.000335831 -1.38076e-09 -0.000335831 0.0104214 -2.59732e-07 -1.38076e-09 -2.59732e-07 1.03522e-06 
169
0.0789712
0
-0.000797576
0.0120817 -0.000335817 -1.37448e-09 -0.000335817 0.0104214 -2.59726e-07 -1.37448e-09 -2.59726e-07 1.03522e-06 
170
0.0832758
0
-0.000572643
0.0120817 -0.000335817 -1.36901e-09 -0.000335817 0.0104214 -2.59717e-07 -1.36901e-09 -2.59717e-07 1.03522e-06 
171
0.0888759
0
-0.00114725
0.0120817 -0.000335813 -1.36393e-09 -0.000335813 0.0104214 -2.59705e-07 -1.36393e-09 -2.59705e-07 1.03522e-06 
172
0.0948513
0
-0.000746156
0.0120817 -0.00033582 -1.36729e-09 -0.00033582 0.0104214 -2.59691e-07 -1.36729e-09 -2.59691e-07 1.03522e-06 
173
0.100345
0
-0.0013436
0.0120817 -0.000335817 -1.36486e-09 -0.000335817 0.0104214 -2.59675e-07 -1.36486e-09 -2.59675e-07 1.03522e-06 
174
0.1044
0
-0.00125832
0.0120817 -0.000335825 -1.36959e-09 -0.000335825 0.0104214 -2.5966e-07 -1.36959e-09 -2.5966e-07 1.03522e-06 
175
0.107586
0
-0.00121311
0.0120817 -0.000335827 -1.37163e-09 -0.000335827 0.0104214 -2.59649e-07 -1.37163e-09 -2.59649e-07 1.03522e-06 
176
0.110765
0
-0.000699975
0.0120817 -0.000335827 -1.37251e-09 -0.000335827 0.0104214 -2.5964e-07 -1.37251e-09 -2.5964e-07 1.03522e-06 
177
0.115642
0
-0.00183582
0.0120817 -0.000335819 -1.36923e-09 -0.000335819 0.0104214 -2.59632e-07 -1.36923e-09 -2.59632e-07 1.03522e-06 
178
0.119941
0
-0.00215218
0.0120817 -0.000335833 -1.36936e-09 -0.000335833 0.0104214 -2.59619e-07 -1.36936e-09 -2.59619e-07 1.03522e-06 
179
0.123969
0
-0.00187956
0.0120817 -0.000335844 -1.36955e-09 -0.000335844 0.0104215 -2.59608e-07 -1.36955e-09 -2.59608e-07 1.03522e-06 
180
0.126719
0
-0.00150965
0.0120817 -0.000335844 -1.3667e-09 -0.000335844 0.0104215 -2.59597e-07 -1.3667e-09 -2.59597e-07 1.03522e-06 
181
0.127099
0
-0.000290219
0.0120817 -0.000335838 -1.36387e-09 -0.000335838 0.0104215 -2.59589e-07 -1.36387e-09 -2.59589e-07 1.03522e-06 
182
0.127129
0
-0.00118615
0.0120817 -0.000335816 -1.35392e-09 -0.000335816 0.0104214 -2.59588e-07 -1.35392e-09 -2.59588e-07 1.03522e-06 
183
0.128723
0
-0.000840814
0.0120817 -0.000335822 -1.359e-09 -0.000335822 0.0104214 -2.59588e-07 -1.359e-09 -2.59588e-07 1.03522e-06 
184
0.131874
0
-0.00164909
0.0120817 -0.000335819 -1.35715e-09 -0.000335819 0.0104214 -2.59584e-07 -1.35715e-09 -2.59584e-07 1.03522e-06 
185
0.135869
0
-0.00091125
0.0120817 -0.000335831 -1.36464e-09 -0.000335831 0.0104214 -2.59576e-07 -1.36464e-09 -2.59576e-07 1.03522e-06 
186
0.139442
0
-0.00141228
0.0120817 -0.000335823 -1.35284e-09 -0.000335823 0.0104214 -2.59565e-07 -1.35284e-09 -2.59565e-07 1.03522e-06 
187
0.140522
0
-0.000481058
0.0120817 -0.000335829 -1.35055e-09 -0.000335829 0.0104214 -2.59556e-07 -1.35055e-09 -2.59556e-07 1.03522e-06 
188
0.140847
0
-0.00110502
0.0120817 -0.000335816 -1.34149e-09 -0.000335816 0.0104214 -2.59552e-07 -1.34149e-09 -2.59552e-07 1.03522e-06 
189
0.144172
0
-0.00135819
0.0120817 -0.000335821 -1.34316e-09 -0.000335821 0.0104214 -2.59551e-07 -1.34316e-09 -2.59551e-07 1.03522e-06 
190
0.148517
0
-0.000682117
0.0120817 -0.000335827 -1.34553e-09 -0.000335827 0.0104214 -2.59543e-07 -1.34553e-09 -2.59543e-07 1.03522e-06 
191
0.152614
0
-0.000374648
0.0120817 -0.000335818 -1.34065e-09 -0.000335818 0.0104214 -2.59532e-07 -1.34065e-09 -2.59532e-07 1.03522e-06 
192
0.15526
0
-0.00179646
0.0120817 -0.00033581 -1.33837e-09 -0.00033581 0.0104214 -2.59521e-07 -1.33837e-09 -2.59521e-07 1.03522e-06 
193
0.155953
0
-0.000837169
0.0120817 -0.00033583 -1.35197e-09 -0.00033583 0.0104214 -2.59513e-07 -1.35197e-09 -2.59513e-07 1.03522e-06 
194
0.158828
0
-6.19032e-05
0.0120817 -0.000335822 -1.33768e-09 -0.000335822 0.0104214 -2.59511e-07 -1.33768e-09 -2.59511e-07 1.03522e-06 
195
0.163231
0
0.000205203
0.0120817 -0.000335807 -1.32226e-09 -0.000335807 0.0104214 -2.59504e-07 -1.32226e-09 -2.59504e-07 1.03522e-06 
196
0.166888
0
-0.00118145
0.0120817 -0.000335797 -1.31445e-09 -0.000335797 0.0104214 -2.59493e-07 -1.31445e-09 -2.59493e-07 1.03522e-06 
197
0.169314
0
-0.00142727
0.0120817 -0.000335815 -1.32435e-09 -0.000335815 0.0104214 -2.59483e-07 -1.32435e-09 -2.59483e-07 1.03522e-06 
198
0.173457
0
-0.00164364
0.0120817 -0.000335826 -1.33048e-09 -0.000335826 0.0104214 -2.59476e-07 -1.33048e-09 -2.59476e-07 1.03522e-06 
199
0.179904
0
-0.001452
0.0120817 -0.000335833 -1.33359e-09 -0.000335833 0.0104214 -2.59465e-07 -1.33359e-09 -2.59465e-07 1.03522e-06 
200
0.185744
0
-0.00245167
0.0120817 -0.000335833 -1.33421e-09 -0.000335833 0.0104214 -2.59449e-07 -1.33421e-09 -2.59449e-07 1.03522e-06 
201
0.191984
0
-0.0023257
0.0120817 -0.000335849 -1.34475e-09 -0.000335849 0.0104215 -2.59433e-07 -1.34475e-09 -2.59433e-07 1.03522e-06 
202
0.19763
0
-0.00318192
0.0120817 -0.000335853 -1.33596e-09 -0.000335853 0.0104215 -2.59417e-07 -1.33596e-09 -2.59417e-07 1.03522e-06 
203
0.204224
0
-0.00228913
0.0120817 -0.000335868 -1.3344e-09 -0.000335868 0.0104215 -2.59401e-07 -1.3344e-09 -2.59401e-07 1.03522e-06 
204
0.208505
0
-0.00060791
0.0120817 -0.000335859 -1.32359e-09 -0.000335859 0.0104215 -2.59384e-07 -1.32359e-09 -2.59384e-07 1.03522e-06 
205
0.211272
0
-0.00162151
0.0120817 -0.00033583 -1.30728e-09 -0.00033583 0.0104214 -2.59372e-07 -1.30728e-09 -2.59372e-07 1.03522e-06 
206
0.215013
0
-0.00297898
0.0120817 -0.000335834 -1.31136e-09 -0.000335834 0.0104214 -2.59365e-07 -1.31136e-09 -2.59365e-07 1.03522e-06 
207
0.219922
0
-0.0032349
0.0120817 -0.000335858 -1.3241e-09 -0.000335858 0.0104215 -2.59355e-07 -1.3241e-09 -2.59355e-07 1.03522e-06 
208
0.224064
0
-0.00301665
0.0120817 -0.000335871 -1.33013e-09 -0.000335871 0.0104215 -2.59342e-07 -1.33013e-09 -2.59342e-07 1.03522e-06 
209
0.2279
0
-0.00352693
0.0120817 -0.000335872 -1.33196e-09 -0.000335872 0.0104215 -2.59331e-07 -1.33196e-09 -2.59331e-07 1.03522e-06 
210
0.23063
0
-0.00183806
0.0120817 -0.000335881 -1.33126e-09 -0.000335881 0.0104215 -2.5932e-07 -1.33126e-09 -2.5932e-07 1.03522e-06 
211
0.232882
0
-0.000889466
0.0120817 -0.000335857 -1.31383e-09 -0.000335857 0.0104215 -2.59313e-07 -1.31383e-09 -2.59313e-07 1.03522e-06 
212
0.23625
0
-0.00205838
0.0120817 -0.000335833 -1.29833e-09 -0.000335833 0.0104214 -2.59307e-07 -1.29833e-09 -2.59307e-07 1.03522e-06 
213
0.239763
0
-0.00181672
0.0120817 -0.000335843 -1.30098e-09 -0.000335843 0.0104215 -2.59298e-07 -1.30098e-09 -2.59298e-07 1.03522e-06 
214
0.241825
0
-0.00221968
0.0120817 -0.000335842 -1.29946e-09 -0.000335842 0.0104215 -2.59289e-07 -1.29946e-09 -2.59289e-07 1.03522e-06 
215
0.243225
0
-0.00255053
0.0120817 -0.000335849 -1.30465e-09 -0.000335849 0.0104215 -2.59283e-07 -1.30465e-09 -2.59283e-07 1.03522e-06 
216
0.244934
0
-0.00208774
0.0120817 -0.000335856 -1.3096e-09 -0.000335856 0.0104215 -2.59279e-07 -1.3096e-09 -2.59279e-07 1.03522e-06 
217
0.247662
0
-0.00259215
0.0120817 -0.000335852 -1.30872e-09 -0.000335852 0.0104215 -2.59275e-07 -1.30872e-09 -2.59275e-07 1.03522e-06 
218
0.250911
0
-0.00262159
0.0120817 -0.000335858 -1.29458e-09 -0.000335858 0.0104215 -2.59268e-07 -1.29458e-09 -2.59268e-07 1.03522e-06 
219
0.253702
0
-0.00127996
0.0120817 -0.000335861 -1.28519e-09 -0.000335861 0.0104215 -2.5926e-07 -1.28519e-09 -2.5926e-07 1.03522e-06 
220
0.255013
0
-0.00227726
0.0120817 -0.000335841 -1.26746e-09 -0.000335841 0.0104215 -2.59252e-07 -1.26746e-09 -2.59252e-07 1.03522e-06 
221
0.256507
0
-0.000665804
0.0120817 -0.000335849 -1.26998e-09 -0.000335849 0.0104215 -2.59248e-07 -1.26998e-09 -2.59248e-07 1.03522e-06 
222
0.258394
0
-0.000833917
0.0120817 -0.000335827 -1.25577e-09 -0.000335827 0.0104214 -2.59245e-07 -1.25577e-09 -2.59245e-07 1.03522e-06 
223
0.261142
0
-0.000153491
0.0120817 -0.000335821 -1.25087e-09 -0.000335821 0.0104214 -2.5924e-07 -1.25087e-09 -2.5924e-07 1.03522e-06 
224
0.26357
0
-0.00231677
0.0120817 -0.000335808 -1.24243e-09 -0.000335808 0.0104214 -2.59233e-07 -1.24243e-09 -2.59233e-07 1.03522e-06 
225
0.260635
0
-0.00234697
0.0120817 -0.000335837 -1.25878e-09 -0.000335837 0.0104215 -2.59226e-07 -1.25878e-09 -2.59226e-07 1.03522e-06 
226
0.258789
0
-0.00217607
0.0120817 -0.000335849 -1.24812e-09 -0.000335849 0.0104215 -2.59233e-07 -1.24812e-09 -2.59233e-07 1.03522e-06 
227
0.259317
0
-0.00143696
0.0120817 -0.00033585 -1.23709e-09 -0.00033585 0.0104215 -2.59238e-07 -1.23709e-09 -2.59238e-07 1.03522e-06 
228
0.260768
0
-0.00148584
0.0120817 -0.000335839 -1.22214e-09 -0.000335839 0.0104215 -2.59237e-07 -1.22214e-09 -2.59237e-07 1.03522e-06 
229
0.26255
0
-0.00259525
0.0120817 -0.000335836 -1.21459e-09 -0.000335836 0.0104214 -2.59234e-07 -1.21459e-09 -2.59234e-07 1.03522e-06 
230
0.263963
0
-0.00249683
0.0120817 -0.000335852 -1.22048e-09 -0.000335852 0.0104215 -2.59229e-07 -1.22048e-09 -2.59229e-07 1.03522e-06 
231
0.264714
0
-0.00289843
0.0120817 -0.000335857 -1.22162e-09 -0.000335857 0.0104215 -2.59225e-07 -1.22162e-09 -2.59225e-07 1.03522e-06 
232
0.266474
0
-0.00253228
0.0120817 -0.000335865 -1.22176e-09 -0.000335865 0.0104215 -2.59223e-07 -1.22176e-09 -2.59223e-07 1.03522e-06 
233
0.270921
0
-0.00182346
0.0120817 -0.000335862 -1.21918e-09 -0.000335862 0.0104215 -2.59218e-07 -1.21918e-09 -2.59218e-07 1.03522e-06 
234
0.273655
0
-0.00172753
0.0120817 -0.00033585 -1.19137e-09 -0.00033585 0.0104215 -2.59207e-07 -1.19137e-09 -2.59207e-07 1.03522e-06 
235
0.274769
0
-0.00226752
0.0120817 -0.000335844 -1.1769e-09 -0.000335844 0.0104215 -2.592e-07 -1.1769e-09 -2.592e-07 1.03522e-06 
236
0.275314
0
-0.00453742
0.0120817 -0.00033585 -1.16988e-09 -0.00033585 0.0104215 -2.59197e-07 -1.16988e-09 -2.59197e-07 1.03522e-06 
237
0.275649
0
-0.00632404
0.0120817 -0.000335888 -1.17953e-09 -0.000335888 0.0104215 -2.59195e-07 -1.17953e-09 -2.59195e-07 1.03522e-06 
238
0.276403
-0.050378
-0.00679956
0.0120817 -0.000335931 -1.18939e-09 -0.000335931 0.0104215 -2.59194e-07 -1.18939e-09 -2.59194e-07 1.03522e-06 
239
0.277506
-0.0517894
-0.00818998
0.0120817 -0.000335955 -1.18894e-09 -0.000335955 0.0104215 -2.59192e-07 -1.18894e-09 -2.59192e-07 1.03522e-06 
240
0.278136
-0.0523203
-0.0114008
0.0120816 -0.000335986 -1.19541e-09 -0.000335986 0.0104215 -2.59189e-07 -1.19541e-09 -2.59189e-07 1.03522e-06 
241
0.278201
-0.054275
-0.0162575
0.0120816 -0.000336049 -1.22098e-09 -0.000336049 0.0104215 -2.59187e-07 -1.22098e-09 -2.59187e-07 1.03522e-06 
242
0.28047
-0.0555831
-0.0188773
0.0120816 -0.00033615 -1.25833e-09 -0.00033615 0.0104216 -2.59186e-07 -1.25833e-09 -2.59186e-07 1.03522e-06 
243
0.283042
-0.0570612
-0.0170379
0.0120815 -0.00033623 -1.28597e-09 -0.00033623 0.0104216 -2.5918e-07 -1.28597e-09 -2.5918e-07 1.03522e-06 
244
0.28536
-0.0572357
-0.018313
0.0120815 -0.000336231 -1.27596e-09 -0.000336231 0.0104216 -2.59174e-07 -1.27596e-09 -2.59174e-07 1.03522e-06 
245
0.287845
-0.0572782
-0.0201417
0.0120815 -0.000336252 -1.2835e-09 -0.000336252 0.0104216 -2.59167e-07 -1.2835e-09 -2.59167e-07 1.03522e-06 
246
0.289269
-0.0571332
-0.0196758
0.0120815 -0.000336289 -1.30012e-09 -0.000336289 0.0104216 -2.59161e-07 -1.30012e-09 -2.59161e-07 1.03522e-06 
247
0.291143
-0.0581456
-0.0163623
0.0120815 -0.000336295 -1.30234e-09 -0.000336295 0.0104216 -2.59157e-07 -1.30234e-09 -2.59157e-07 1.03522e-06 
248
0.292315
-0.0594198
-0.0160099
0.0120815 -0.000336245 -1.27378e-09 -0.000336245 0.0104216 -2.59152e-07 -1.27378e-09 -2.59152e-07 1.03522e-06 
249
0.294031
-0.0594373
-0.0212632
0.0120815 -0.000336221 -1.25771e-09 -0.000336221 0.0104216 -2.59149e-07 -1.25771e-09 -2.59149e-07 1.03522e-06 
250
0.295235
-0.0643856
-0.0231363
0.0120815 -0.000336295 -1.29329e-09 -0.000336295 0.0104216 -2.59144e-07 -1.29329e-09 -2.59144e-07 1.03522e-06 
251
0.298031
-0.067498
-0.0225074
0.0120814 -0.000336352 -1.29798e-09 -0.000336352 0.0104216 -2.59141e-07 -1.29798e-09 -2.59141e-07 1.03522e-06 
252
0.302207
-0.069971
-0.0201001
0.0120814 -0.000336364 -1.28491e-09 -0.000336364 0.0104216 -2.59134e-07 -1.28491e-09 -2.59134e-07 1.03522e-06 
253
0.305304
-0.0702349
-0.0197549
0.0120814 -0.000336331 -1.25522e-09 -0.000336331 0.0104216 -2.59123e-07 -1.25522e-09 -2.59123e-07 1.03522e-06 
254
0.308013
-0.0707409
-0.0208504
0.0120815 -0.000336313 -1.24453e-09 -0.000336313 0.0104216 -2.59115e-07 -1.24453e-09 -2.59115e-07 1.03522e-06 
255
0.311705
-0.071113
-0.0198481
0.0120815 -0.000336323 -1.24803e-09 -0.000336323 0.0104216 -2.59107e-07 -1.24803e-09 -2.59107e-07 1.03522e-06 
256
0.315885
-0.0727528
-0.019139
0.0120815 -0.000336311 -1.2403e-09 -0.000336311 0.0104216 -2.59098e-07 -1.2403e-09 -2.59098e-07 1.03522e-06 
257
0.318629
-0.076736
-0.0223954
0.0120815 -0.000336295 -1.22609e-09 -0.000336295 0.0104216 -2.59087e-07 -1.22609e-09 -2.59087e-07 1.03522e-06 
258
0.323116
-0.0774827
-0.0261441
0.0120814 -0.000336341 -1.23109e-09 -0.000336341 0.0104216 -2.59079e-07 -1.23109e-09 -2.59079e-07 1.03522e-06 
259
0.328317
-0.0786445
-0.0248312
0.0120814 -0.000336418 -1.26069e-09 -0.000336418 0.0104217 -2.59067e-07 -1.26069e-09 -2.59067e-07 1.03522e-06 
260
0.333855
-0.0809375
-0.0229751
0.0120814 -0.000336426 -1.25609e-09 -0.000336426 0.0104217 -2.59054e-07 -1.25609e-09 -2.59054e-07 1.03522e-06 
261
0.339643
-0.0821957
-0.0227645
0.0120814 -0.0003364 -1.23243e-09 -0.0003364 0.0104216 -2.59039e-07 -1.23243e-09 -2.59039e-07 1.03522e-06 
262
0.345734
-0.0830491
-0.025576
0.0120814 -0.000336387 -1.22033e-09 -0.000336387 0.0104216 -2.59024e-07 -1.22033e-09 -2.59024e-07 1.03522e-06 
263
0.352905
-0.0818156
-0.0254194
0.0120814 -0.000336426 -1.23569e-09 -0.000336426 0.0104217 -2.59008e-07 -1.23569e-09 -2.59008e-07 1.03522e-06 
264
0.357047
-0.0810862
-0.0265168
0.0120814 -0.000336439 -1.24501e-09 -0.000336439 0.0104217 -2.58989e-07 -1.24501e-09 -2.58989e-07 1.03522e-06 
265
0.362286
-0.0883605
-0.0252611
0.0120814 -0.000336461 -1.2583e-09 -0.000336461 0.0104217 -2.58977e-07 -1.2583e-09 -2.58977e-07 1.03522e-06 
266
0.367436
-0.0921022
-0.024949
0.0120814 -0.000336449 -1.22256e-09 -0.000336449 0.0104217 -2.58964e-07 -1.22256e-09 -2.58964e-07 1.03522e-06 
267
0.372548
-0.0949528
-0.0236135
0.0120814 -0.00033644 -1.19859e-09 -0.00033644 0.0104217 -2.5895e-07 -1.19859e-09 -2.5895e-07 1.03522e-06 
268
0.377474
-0.0965607
-0.024108
0.0120814 -0.000336415 -1.17264e-09 -0.000336415 0.0104216 -2.58937e-07 -1.17264e-09 -2.58937e-07 1.03522e-06 
269
0.381175
-0.0971658
-0.0251428
0.0120814 -0.000336414 -1.1641e-09 -0.000336414 0.0104216 -2.58924e-07 -1.1641e-09 -2.58924e-07 1.03522e-06 
270
0.385079
-0.0978171
-0.0265829
0.0120814 -0.00033643 -1.16822e-09 -0.00033643 0.0104217 -2.58913e-07 -1.16822e-09 -2.58913e-07 1.03522e-06 
271
0.389142
-0.0978489
-0.028837
0.0120814 -0.000336458 -1.17832e-09 -0.000336458 0.0104217 -2.58903e-07 -1.17832e-09 -2.58903e-07 1.03522e-06 
272
0.391843
-0.0981363
-0.0332644
0.0120814 -0.000336505 -1.19874e-09 -0.000336505 0.0104217 -2.58892e-07 -1.19874e-09 -2.58892e-07 1.03522e-06 
273
0.392969
-0.10454
-0.0355079
0.0120813 -0.000336593 -1.2374e-09 -0.000336593 0.0104217 -2.58884e-07 -1.2374e-09 -2.58884e-07 1.03522e-06 
274
0.395361
-0.109431
-0.0380631
0.0120813 -0.000336662 -1.24021e-09 -0.000336662 0.0104217 -2.58881e-07 -1.24021e-09 -2.58881e-07 1.03522e-06 
275
0.397362
-0.112734
-0.0389215
0.0120812 -0.000336729 -1.24472e-09 -0.000336729 0.0104218 -2.58875e-07 -1.24472e-09 -2.58875e-07 1.03522e-06 
276
0.398185
-0.113424
-0.0408197
0.0120812 -0.000336768 -1.24315e-09 -0.000336768 0.0104218 -2.58869e-07 -1.24315e-09 -2.58869e-07 1.03522e-06 
277
0.397631
-0.114717
-0.0429645
0.0120812 -0.000336813 -1.25724e-09 -0.000336813 0.0104218 -2.58867e-07 -1.25724e-09 -2.58867e-07 1.03522e-06 
278
0.398599
-0.114622
-0.0461365
0.0120812 -0.000336864 -1.27359e-09 -0.000336864 0.0104218 -2.58867e-07 -1.27359e-09 -2.58867e-07 1.03522e-06 
279
0.398141
-0.117364
-0.0470483
0.0120811 -0.000336934 -1.30406e-09 -0.000336934 0.0104218 -2.58865e-07 -1.30406e-09 -2.58865e-07 1.03522e-06 
280
0.397779
-0.119446
-0.0469074
0.0120811 -0.000336975 -1.3091e-09 -0.000336975 0.0104218 -2.58866e-07 -1.3091e-09 -2.58866e-07 1.03522e-06 
281
0.392116
-0.124559
-0.0495521
0.0120811 -0.000336988 -1.30262e-09 -0.000336988 0.0104219 -2.58867e-07 -1.30262e-09 -2.58867e-07 1.03522e-06 
282
0.386764
-0.127706
-0.0569827
0.0120811 -0.000337035 -1.30107e-09 -0.000337035 0.0104219 -2.58881e-07 -1.30107e-09 -2.58881e-07 1.03522e-06 
283
0.381402
-0.131419
-0.0628952
0.012081 -0.00033717 -1.3473e-09 -0.00033717 0.0104219 -2.58894e-07 -1.3473e-09 -2.58894e-07 1.03522e-06 
284
0.379445
-0.136796
-0.0617451
0.0120809 -0.000337316 -1.39317e-09 -0.000337316 0.010422 -2.58908e-07 -1.39317e-09 -2.58908e-07 1.03522e-06 
285
0.380392
-0.139785
-0.0622775
0.0120809 -0.000337353 -1.37941e-09 -0.000337353 0.010422 -2.58914e-07 -1.37941e-09 -2.58914e-07 1.03522e-06 
286
0.383047
-0.140935
-0.0680931
0.0120809 -0.000337375 -1.37157e-09 -0.000337375 0.010422 -2.58912e-07 -1.37157e-09 -2.58912e-07 1.03522e-06 
287
0.388339
-0.141453
-0.0705797
0.0120809 -0.000337476 -1.41169e-09 -0.000337476 0.010422 -2.58905e-07 -1.41169e-09 -2.58905e-07 1.03522e-06 
288
0.395859
-0.14196
-0.0703801
0.0120808 -0.000337554 -1.44236e-09 -0.000337554 0.0104221 -2.58891e-07 -1.44236e-09 -2.58891e-07 1.03522e-06 
289
0.400595
-0.147717
-0.0669422
0.0120808 -0.00033758 -1.44926e-09 -0.00033758 0.0104221 -2.58872e-07 -1.44926e-09 -2.58872e-07 1.03522e-06 
290
0.407214
-0.152467
-0.0624678
0.0120808 -0.000337535 -1.40264e-09 -0.000337535 0.010422 -2.58859e-07 -1.40264e-09 -2.58859e-07 1.03522e-06 
291
0.413578
-0.155197
-0.0674154
0.0120809 -0.000337448 -1.33892e-09 -0.000337448 0.010422 -2.58842e-07 -1.33892e-09 -2.58842e-07 1.03522e-06 
292
0.42025
-0.153452
-0.070098
0.0120808 -0.000337493 -1.3492e-09 -0.000337493 0.010422 -2.58825e-07 -1.3492e-09 -2.58825e-07 1.03522e-06 
293
0.422186
-0.152504
-0.0665498
0.0120808 -0.000337552 -1.3815e-09 -0.000337552 0.0104221 -2.58807e-07 -1.3815e-09 -2.58807e-07 1.03522e-06 
294
0.427017
-0.154638
-0.0608039
0.0120808 -0.000337519 -1.36692e-09 -0.000337519 0.010422 -2.58801e-07 -1.36692e-09 -2.58801e-07 1.03522e-06 
295
0.431063
-0.156812
-0.0560818
0.0120809 -0.000337415 -1.30929e-09 -0.000337415 0.010422 -2.58789e-07 -1.30929e-09 -2.58789e-07 1.03522e-06 
296
0.433698
-0.15967
