0
0
0
0.00129695
0.00800061 -2.68385e-11 1.2769e-14 -2.68385e-11 0.00900061 -9.84301e-12 1.2769e-14 -9.84301e-12 1.24978e-06 
1
0
0
0.000512842
0.0150026 -3.27076e-08 -1.17225e-11 -3.27076e-08 0.0170026 -6.44607e-09 -1.17225e-11 -6.44607e-09 1.03722e-06 
2
0
0
-2.64454e-05
0.0220062 -5.91743e-08 -3.81012e-11 -5.91743e-08 0.0250061 -1.73394e-08 -3.81012e-11 -1.73394e-08 1.03685e-06 
3
0
0
-0.000778898
0.0290117 -5.89869e-08 -7.37085e-11 -5.89869e-08 0.0330113 -3.11621e-08 -7.37085e-11 -3.11621e-08 1.03711e-06 
4
0
0
0.000514809
0.036019 1.57135e-08 -1.19655e-10 1.57135e-08 0.0410185 -4.77664e-08 -1.19655e-10 -4.77664e-08 1.03672e-06 
5
0
0
-0.000302111
0.043028 -5.35947e-08 -1.46537e-10 -5.35947e-08 0.0490275 -6.69317e-08 -1.46537e-10 -6.69317e-08 1.03632e-06 
6
0
0
0.00084994
0.0500387 -1.53491e-08 -1.96385e-10 -1.53491e-08 0.0570384 -8.83137e-08 -1.96385e-10 -8.83137e-08 1.03601e-06 
7
0
0
-8.15753e-05
0.0570507 -1.7353e-07 -2.18129e-10 -1.7353e-07 0.0650513 -1.11523e-07 -2.18129e-10 -1.11523e-07 1.03577e-06 
8
0
0
0.000682502
0.0640641 -1.6918e-07 -2.70766e-10 -1.6918e-07 0.0730661 -1.36176e-07 -2.70766e-10 -1.36176e-07 1.03559e-06 
9
0
0
-0.000227051
0.0710785 -3.37384e-07 -2.92787e-10 -3.37384e-07 0.0810826 -1.61906e-07 -2.92787e-10 -1.61906e-07 1.03545e-06 
10
0
0
-0.000137865
0.0780938 -2.97808e-07 -3.47244e-10 -2.97808e-07 0.0891008 -1.88378e-07 -3.47244e-10 -1.88378e-07 1.03535e-06 
11
0
0
-0.000171986
0.0851099 -2.79646e-07 -3.82712e-10 -2.79646e-07 0.0971206 -2.15287e-07 -3.82712e-10 -2.15287e-07 1.03528e-06 
12
0
0
-0.000626689
0.0921267 -2.50242e-07 -4.15892e-10 -2.50242e-07 0.105142 -2.42364e-07 -4.15892e-10 -2.42364e-07 1.03523e-06 
13
0
0
0.00010767
0.099144 -7.08626e-08 -4.61093e-10 -7.08626e-08 0.113165 -2.69367e-07 -4.61093e-10 -2.69367e-07 1.03519e-06 
14
0
0
0.00119195
0.106162 -1.35362e-07 -4.67697e-10 -1.35362e-07 0.121188 -2.96097e-07 -4.67697e-10 -2.96097e-07 1.03517e-06 
15
0
0
-9.41704e-05
0.11318 -6.12079e-07 -4.47002e-10 -6.12079e-07 0.129214 -3.22389e-07 -4.47002e-10 -3.22389e-07 1.03515e-06 
16
0
0
-0.000479381
0.120198 -6.0512e-07 -5.03655e-10 -6.0512e-07 0.13724 -3.48098e-07 -5.03655e-10 -3.48098e-07 1.03515e-06 
17
0
0
-0.000971582
0.127217 -4.3335e-07 -5.4697e-10 -4.3335e-07 0.145267 -3.73107e-07 -5.4697e-10 -3.73107e-07 1.03514e-06 
18
0
0.0504286
0.000302769
0.134236 -2.88518e-08 -5.94979e-10 -2.88518e-08 0.153294 -3.97336e-07 -5.94979e-10 -3.97336e-07 1.03514e-06 
19
0
0.0553728
0.000760398
0.141255 -2.08519e-07 -5.70816e-10 -2.08519e-07 0.161323 -4.20717e-07 -5.70816e-10 -4.20717e-07 1.03514e-06 
20
0
0.0603034
0.000222052
0.148274 -6.26787e-07 -5.58524e-10 -6.26787e-07 0.169352 -4.43201e-07 -5.58524e-10 -4.43201e-07 1.03515e-06 
21
0
0.0656793
-8.09838e-05
0.155293 -7.8173e-07 -5.87082e-10 -7.8173e-07 0.177382 -4.64761e-07 -5.87082e-10 -4.64761e-07 1.03515e-06 
22
0
0.0708265
-0.00040104
0.162313 -7.75957e-07 -6.18275e-10 -7.75957e-07 0.185412 -4.85376e-07 -6.18275e-10 -4.85376e-07 1.03515e-06 
23
0
0.0761636
-0.000544845
0.169332 -5.84179e-07 -6.52225e-10 -5.84179e-07 0.193443 -5.05043e-07 -6.52225e-10 -5.05043e-07 1.03516e-06 
24
0
0.0815053
-0.000470405
0.176352 -2.96346e-07 -6.81879e-10 -2.96346e-07 0.201475 -5.23765e-07 -6.81879e-10 -5.23765e-07 1.03517e-06 
25
0
0.0855729
0.000634782
0.183371 -4.21807e-08 -7.0143e-10 -4.21807e-08 0.209506 -5.41554e-07 -7.0143e-10 -5.41554e-07 1.03517e-06 
26
0
0.0912407
0.000224368
0.190391 -4.98965e-07 -6.62827e-10 -4.98965e-07 0.217538 -5.58424e-07 -6.62827e-10 -5.58424e-07 1.03518e-06 
27
0
0.0974976
-0.000915012
0.197411 -6.93853e-07 -6.82723e-10 -6.93853e-07 0.22557 -5.74401e-07 -6.82723e-10 -5.74401e-07 1.03518e-06 
28
0
0.102446
-0.000137453
0.20443 -9.27147e-08 -7.56059e-10 -9.27147e-08 0.233603 -5.89515e-07 -7.56059e-10 -5.89515e-07 1.03519e-06 
29
0
0.10784
-6.64166e-07
0.21145 -3.59873e-08 -7.49704e-10 -3.59873e-08 0.241636 -6.03792e-07 -7.49704e-10 -6.03792e-07 1.03519e-06 
30
0
0.113057
0.000171009
0.21847 -7.94161e-08 -7.54799e-10 -7.94161e-08 0.249669 -6.17264e-07 -7.54799e-10 -6.17264e-07 1.03519e-06 
31
0
0.118951
0.000347277
0.22549 -2.57114e-07 -7.57767e-10 -2.57114e-07 0.257702 -6.29964e-07 -7.57767e-10 -6.29964e-07 1.0352e-06 
32
0
0.124205
0.000375788
0.23251 -5.81447e-07 -7.60858e-10 -5.81447e-07 0.265735 -6.41925e-07 -7.60858e-10 -6.41925e-07 1.0352e-06 
33
0
0.129868
0.00051071
0.23953 -9.3858e-07 -7.67193e-10 -9.3858e-07 0.273769 -6.53183e-07 -7.67193e-10 -6.53183e-07 1.0352e-06 
34
0
0.135335
0.000502083
0.24655 -1.42102e-06 -7.70037e-10 -1.42102e-06 0.281802 -6.63767e-07 -7.70037e-10 -6.63767e-07 1.03521e-06 
35
0
0.140776
0.000222267
0.253569 -1.90905e-06 -7.7775e-10 -1.90905e-06 0.289836 -6.73712e-07 -7.7775e-10 -6.73712e-07 1.03521e-06 
36
0
0.146351
-0.000246554
0.260589 -2.15631e-06 -8.0117e-10 -2.15631e-06 0.29787 -6.83053e-07 -8.0117e-10 -6.83053e-07 1.03521e-06 
37
0
0.151521
1.17371e-05
0.267609 -1.97242e-06 -8.41944e-10 -1.97242e-06 0.305903 -6.91821e-07 -8.41944e-10 -6.91821e-07 1.03521e-06 
38
0
0.156387
0.00108066
0.274629 -2.02972e-06 -8.51255e-10 -2.02972e-06 0.313937 -7.0005e-07 -8.51255e-10 -7.0005e-07 1.03521e-06 
39
0
0.162798
-0.000469741
0.281649 -3.13798e-06 -8.0685e-10 -3.13798e-06 0.321971 -7.07768e-07 -8.0685e-10 -7.07768e-07 1.03522e-06 
40
0
0.167945
-0.00039539
0.288669 -2.71077e-06 -8.88104e-10 -2.71077e-06 0.330005 -7.15002e-07 -8.88104e-10 -7.15002e-07 1.03522e-06 
41
0
0.173007
0.00033878
0.295689 -2.34861e-06 -9.18347e-10 -2.34861e-06 0.33804 -7.21777e-07 -9.18347e-10 -7.21777e-07 1.03522e-06 
42
0
0.179355
-0.000536607
0.302709 -2.75388e-06 -9.02392e-10 -2.75388e-06 0.346074 -7.28125e-07 -9.02392e-10 -7.28125e-07 1.03522e-06 
43
0
0.184773
-0.000491013
0.309729 -2.21873e-06 -9.62373e-10 -2.21873e-06 0.354108 -7.34069e-07 -9.62373e-10 -7.34069e-07 1.03522e-06 
44
0
0.190321
-0.000424648
0.316749 -1.72064e-06 -9.93063e-10 -1.72064e-06 0.362142 -7.39638e-07 -9.93063e-10 -7.39638e-07 1.03522e-06 
45
0
0.195951
-4.99536e-05
0.323769 -1.28547e-06 -1.01745e-09 -1.28547e-06 0.370177 -7.44844e-07 -1.01745e-09 -7.44844e-07 1.03522e-06 
46
0
0.20151
-0.000571504
0.330789 -1.27432e-06 -1.02306e-09 -1.27432e-06 0.378211 -7.49718e-07 -1.02306e-09 -7.49718e-07 1.03522e-06 
47
0
0.206678
0.000273688
0.337809 -6.43594e-07 -1.06986e-09 -6.43594e-07 0.386245 -7.5428e-07 -1.06986e-09 -7.5428e-07 1.03522e-06 
48
0
0.211059
0.000826402
0.344829 -1.02193e-06 -1.0534e-09 -1.02193e-06 0.39428 -7.58549e-07 -1.0534e-09 -7.58549e-07 1.03522e-06 
49
0
0.217443
-0.000799633
0.351849 -2.09057e-06 -1.0275e-09 -2.09057e-06 0.402314 -7.62538e-07 -1.0275e-09 -7.62538e-07 1.03522e-06 
50
0
0.222329
0.000241002
0.358869 -1.12868e-06 -1.12258e-09 -1.12868e-06 0.410349 -7.66267e-07 -1.12258e-09 -7.66267e-07 1.03522e-06 
51
0
0.227153
0.00126637
0.365889 -1.4859e-06 -1.10631e-09 -1.4859e-06 0.418383 -7.69754e-07 -1.10631e-09 -7.69754e-07 1.03522e-06 
52
0
0.233911
3.46814e-05
0.372909 -3.19497e-06 -1.05678e-09 -3.19497e-06 0.426418 -7.73018e-07 -1.05678e-09 -7.73018e-07 1.03522e-06 
53
0
0.239868
-0.000403981
0.379929 -3.28846e-06 -1.12212e-09 -3.28846e-06 0.434452 -7.76065e-07 -1.12212e-09 -7.76065e-07 1.03522e-06 
54
0
0.245314
-0.000807511
0.386949 -2.78493e-06 -1.17757e-09 -2.78493e-06 0.442487 -7.7891e-07 -1.17757e-09 -7.7891e-07 1.03522e-06 
55
0
0.250598
-0.000714253
0.393969 -1.71088e-06 -1.23368e-09 -1.71088e-06 0.450521 -7.81573e-07 -1.23368e-09 -7.81573e-07 1.03522e-06 
56
0
0.256189
-0.000240902
0.400989 -7.48226e-07 -1.26686e-09 -7.48226e-07 0.458556 -7.84063e-07 -1.26686e-09 -7.84063e-07 1.03522e-06 
57
0
0.261751
-0.000539396
0.408009 -4.48714e-07 -1.27421e-09 -4.48714e-07 0.46659 -7.86387e-07 -1.27421e-09 -7.86387e-07 1.03523e-06 
58
0
0.266653
0.000822767
0.415029 2.94076e-07 -1.31366e-09 2.94076e-07 0.474625 -7.88559e-07 -1.31366e-09 -7.88559e-07 1.03523e-06 
59
0
0.272875
0.000264169
0.422049 -9.79011e-07 -1.26625e-09 -9.79011e-07 0.482659 -7.9059e-07 -1.26625e-09 -7.9059e-07 1.03523e-06 
60
0
0.279553
-0.000580644
0.429069 -1.42651e-06 -1.29843e-09 -1.42651e-06 0.490694 -7.9249e-07 -1.29843e-09 -7.9249e-07 1.03523e-06 
61
0
0.284674
-0.000305851
0.436089 -5.79154e-07 -1.37099e-09 -5.79154e-07 0.498728 -7.94264e-07 -1.37099e-09 -7.94264e-07 1.03523e-06 
62
0
0.291156
-0.0008708
0.443109 -1.47434e-07 -1.3931e-09 -1.47434e-07 0.506763 -7.95918e-07 -1.3931e-09 -7.95918e-07 1.03523e-06 
63
0
0.297059
-0.000494036
0.450129 1.1911e-06 -1.45555e-09 1.1911e-06 0.514798 -7.97466e-07 -1.45555e-09 -7.97466e-07 1.03523e-06 
64
0
0.302969
-0.000555463
0.457149 1.94258e-06 -1.47714e-09 1.94258e-06 0.522832 -7.98914e-07 -1.47714e-09 -7.98914e-07 1.03523e-06 
65
0
0.307883
0.000403983
0.464169 2.80746e-06 -1.51082e-09 2.80746e-06 0.530867 -8.00269e-07 -1.51082e-09 -8.00269e-07 1.03523e-06 
66
0
0.314316
-0.000271843
0.471189 2.08657e-06 -1.48522e-09 2.08657e-06 0.538901 -8.01534e-07 -1.48522e-09 -8.01534e-07 1.03523e-06 
67
0
0.319255
0.00051305
0.478209 2.49952e-06 -1.53457e-09 2.49952e-06 0.546936 -8.02717e-07 -1.53457e-09 -8.02717e-07 1.03523e-06 
68
0
0.32417
0.000874613
0.485229 1.57073e-06 -1.51777e-09 1.57073e-06 0.554971 -8.03824e-07 -1.51777e-09 -8.03824e-07 1.03523e-06 
69
0
0.330715
-0.000180044
0.492249 -1.47988e-09 -1.50228e-09 -1.47988e-09 0.563005 -8.0486e-07 -1.50228e-09 -8.0486e-07 1.03523e-06 
70
0
0.336344
0.000151322
0.499269 2.69766e-07 -1.56953e-09 2.69766e-07 0.57104 -8.05828e-07 -1.56953e-09 -8.05828e-07 1.03523e-06 
71
0
0.341817
0.000187238
0.506289 -4.90234e-08 -1.58426e-09 -4.90234e-08 0.579075 -8.06734e-07 -1.58426e-09 -8.06734e-07 1.03523e-06 
72
0
0.347921
-0.000540195
0.513309 -4.37007e-07 -1.60142e-09 -4.37007e-07 0.587109 -8.07582e-07 -1.60142e-09 -8.07582e-07 1.03523e-06 
73
0
0.353588
-0.000696822
0.520329 5.12409e-07 -1.66478e-09 5.12409e-07 0.595144 -8.08376e-07 -1.66478e-09 -8.08376e-07 1.03523e-06 
74
0
0.357891
0.00062456
0.527349 1.76847e-06 -1.71253e-09 1.76847e-06 0.603178 -8.09122e-07 -1.71253e-09 -8.09122e-07 1.03523e-06 
75
0
0.362891
0.00134549
0.534369 5.37151e-07 -1.66977e-09 5.37151e-07 0.611213 -8.09815e-07 -1.66977e-09 -8.09815e-07 1.03523e-06 
76
0
0.368683
0.001628
0.541389 -2.09499e-06 -1.62901e-09 -2.09499e-06 0.619248 -8.10465e-07 -1.62901e-09 -8.10465e-07 1.03523e-06 
77
0
0.375669
0.00031067
0.548409 -5.31115e-06 -1.60686e-09 -5.31115e-06 0.627282 -8.11077e-07 -1.60686e-09 -8.11077e-07 1.03523e-06 
78
0
0.381968
-0.00028918
0.555429 -5.97099e-06 -1.68099e-09 -5.97099e-06 0.635317 -8.11649e-07 -1.68099e-09 -8.11649e-07 1.03523e-06 
79
0
0.387366
-0.000301054
0.562449 -5.4407e-06 -1.74824e-09 -5.4407e-06 0.643352 -8.12185e-07 -1.74824e-09 -8.12185e-07 1.03523e-06 
80
0
0.391938
0.000801234
0.569469 -4.87908e-06 -1.78607e-09 -4.87908e-06 0.651386 -8.12688e-07 -1.78607e-09 -8.12688e-07 1.03523e-06 
81
0
0.39809
-0.000410697
0.576489 -6.56729e-06 -1.75187e-09 -6.56729e-06 0.659421 -8.13163e-07 -1.75187e-09 -8.13163e-07 1.03523e-06 
82
0
0.402356
0.00075
0.583509 -5.76305e-06 -1.82772e-09 -5.76305e-06 0.667456 -8.13606e-07 -1.82772e-09 -8.13606e-07 1.03523e-06 
83
0
0.408562
0.00048964
0.590529 -7.38437e-06 -1.79743e-09 -7.38437e-06 0.67549 -8.14021e-07 -1.79743e-09 -8.14021e-07 1.03523e-06 
84
0
0.414084
0.000675801
0.597549 -8.47167e-06 -1.8208e-09 -8.47167e-06 0.683525 -8.14414e-07 -1.8208e-09 -8.14414e-07 1.03523e-06 
85
0
0.42044
0.000405487
0.604569 -9.97154e-06 -1.82939e-09 -9.97154e-06 0.69156 -8.14785e-07 -1.82939e-09 -8.14785e-07 1.03523e-06 
86
0
0.426406
0.000261696
0.611589 -1.09007e-05 -1.86252e-09 -1.09007e-05 0.699594 -8.15134e-07 -1.86252e-09 -8.15134e-07 1.03523e-06 
87
0
0.431399
0.000527354
0.618609 -1.15237e-05 -1.89543e-09 -1.15237e-05 0.707629 -8.15462e-07 -1.89543e-09 -8.15462e-07 1.03523e-06 
88
0
0.436647
0.000385399
0.625629 -1.27446e-05 -1.90329e-09 -1.27446e-05 0.715664 -8.15771e-07 -1.90329e-09 -8.15771e-07 1.03523e-06 
89
0
0.441856
0.00133109
0.632649 -1.36594e-05 -1.92745e-09 -1.36594e-05 0.723698 -8.1606e-07 -1.92745e-09 -8.1606e-07 1.03523e-06 
90
0
0.447461
0.00157107
0.639669 -1.67366e-05 -1.89438e-09 -1.67366e-05 0.731733 -8.16334e-07 -1.89438e-09 -8.16334e-07 1.03523e-06 
91
0
0.455257
7.43542e-05
0.646689 -2.03999e-05 -1.87982e-09 -2.03999e-05 0.739768 -8.16589e-07 -1.87982e-09 -8.16589e-07 1.03523e-06 
92
0
0.461598
-0.000398266
0.653709 -2.06201e-05 -1.974e-09 -2.06201e-05 0.747802 -8.16826e-07 -1.974e-09 -8.16826e-07 1.03523e-06 
93
0
0.469595
-0.000413396
0.660729 -1.97305e-05 -2.0452e-09 -1.97305e-05 0.755837 -8.17055e-07 -2.0452e-09 -8.17055e-07 1.03523e-06 
94
0
0.476895
0.000959664
0.667749 -1.87948e-05 -2.09975e-09 -1.87948e-05 0.763872 -8.17262e-07 -2.09975e-09 -8.17262e-07 1.03523e-06 
95
0
0.483461
0.00104731
0.674769 -2.11483e-05 -2.06896e-09 -2.11483e-05 0.771906 -8.17469e-07 -2.06896e-09 -8.17469e-07 1.03523e-06 
96
0
0.492019
0.00153799
0.681789 -2.37389e-05 -2.07363e-09 -2.37389e-05 0.779941 -8.17668e-07 -2.07363e-09 -8.17668e-07 1.03523e-06 
97
0
0.501904
-0.0021847
0.688809 -2.75601e-05 -2.06857e-09 -2.75601e-05 0.787976 -8.17851e-07 -2.06857e-09 -8.17851e-07 1.03523e-06 
98
0
0.508735
-0.0026369
0.695829 -2.2191e-05 -2.30181e-09 -2.2191e-05 0.79601 -8.18013e-07 -2.30181e-09 -8.18013e-07 1.03523e-06 
99
0
0.511624
-0.00387311
0.702849 -1.56339e-05 -2.4317e-09 -1.56339e-05 0.804045 -8.18194e-07 -2.4317e-09 -8.18194e-07 1.03523e-06 
100
0
0.510342
-0.00412377
0.709869 -5.88252e-06 -2.57778e-09 -5.88252e-06 0.81208 -8.1836e-07 -2.57778e-09 -8.1836e-07 1.03523e-06 
101
0
0.500822
-0.00164713
0.716889 4.60762e-06 -2.66952e-09 4.60762e-06 0.820114 -8.18514e-07 -2.66952e-09 -8.18514e-07 1.03523e-06 
102
0
0.497914
0.00165526
0.723909 8.81097e-06 -2.5634e-09 8.81097e-06 0.828149 -8.18666e-07 -2.5634e-09 -8.18666e-07 1.03523e-06 
103
0
0.500293
0.000662825
0.730929 4.45005e-06 -2.36351e-09 4.45005e-06 0.836184 -8.18811e-07 -2.36351e-09 -8.18811e-07 1.03523e-06 
104
0
0.509356
0.00291352
0.737949 2.65877e-06 -2.36527e-09 2.65877e-06 0.844218 -8.18925e-07 -2.36527e-09 -8.18925e-07 1.03523e-06 
105
0
0.52338
0.00387366
0.744969 -5.12885e-06 -2.25849e-09 -5.12885e-06 0.852253 -8.19018e-07 -2.25849e-09 -8.19018e-07 1.03523e-06 
106
0
0.543135
-0.00162025
0.751989 -1.55655e-05 -2.1945e-09 -1.55655e-05 0.860288 -8.19142e-07 -2.1945e-09 -8.19142e-07 1.03523e-06 
107
0
0.550755
-0.00164172
0.759009 -1.12256e-05 -2.51868e-09 -1.12256e-05 0.868322 -8.19293e-07 -2.51868e-09 -8.19293e-07 1.03523e-06 
108
0
0.552461
0.00145575
0.766029 -6.78612e-06 -2.63027e-09 -6.78612e-06 0.876357 -8.19402e-07 -2.63027e-09 -8.19402e-07 1.03523e-06 
109
0
0.559489
-0.00164377
0.773049 -1.08486e-05 -2.50214e-09 -1.08486e-05 0.884392 -8.19499e-07 -2.50214e-09 -8.19499e-07 1.03523e-06 
110
0
0.565182
-0.00370613
0.780069 -6.32001e-06 -2.66289e-09 -6.32001e-06 0.892426 -8.19601e-07 -2.66289e-09 -8.19601e-07 1.03523e-06 
111
0
0.566666
0.000894823
0.787089 4.0433e-06 -2.85481e-09 4.0433e-06 0.900461 -8.19703e-07 -2.85481e-09 -8.19703e-07 1.03523e-06 
112
0
0.572723
0.00159179
0.794109 1.45992e-06 -2.68244e-09 1.45992e-06 0.908496 -8.19795e-07 -2.68244e-09 -8.19795e-07 1.03523e-06 
113
0
0.581665
-9.80979e-05
0.801129 -3.13914e-06 -2.6197e-09 -3.13914e-06 0.91653 -8.1989e-07 -2.6197e-09 -8.1989e-07 1.03523e-06 
114
0
0.589363
-0.00106074
0.808149 -2.90309e-06 -2.7146e-09 -2.90309e-06 0.924565 -8.19982e-07 -2.7146e-09 -8.19982e-07 1.03523e-06 
115
0
0.594638
3.02086e-05
0.815169 1.37129e-07 -2.81579e-09 1.37129e-07 0.9326 -8.20062e-07 -2.81579e-09 -8.20062e-07 1.03523e-06 
116
0
0.599821
0.00103643
0.822189 1.43068e-09 -2.80472e-09 1.43068e-09 0.940634 -8.20146e-07 -2.80472e-09 -8.20146e-07 1.03523e-06 
117
0
0.606696
-0.000336627
0.829209 -3.11459e-06 -2.76223e-09 -3.11459e-06 0.948669 -8.20235e-07 -2.76223e-09 -8.20235e-07 1.03523e-06 
118
0
0.61257
-0.000759694
0.836229 -2.15618e-06 -2.84285e-09 -2.15618e-06 0.956704 -8.20318e-07 -2.84285e-09 -8.20318e-07 1.03523e-06 
119
0
0.616995
0.000598197
0.843249 8.49869e-08 -2.90703e-09 8.49869e-08 0.964738 -8.20393e-07 -2.90703e-09 -8.20393e-07 1.03523e-06 
120
0
0.622571
0.00147034
0.850269 -1.77887e-06 -2.86653e-09 -1.77887e-06 0.972773 -8.20469e-07 -2.86653e-09 -8.20469e-07 1.03523e-06 
121
0
0.629839
0.00113185
0.857289 -6.32889e-06 -2.82019e-09 -6.32889e-06 0.980808 -8.20546e-07 -2.82019e-09 -8.20546e-07 1.03523e-06 
122
0
0.637491
-0.000756476
0.864309 -9.87093e-06 -2.83674e-09 -9.87093e-06 0.988842 -8.20616e-07 -2.83674e-09 -8.20616e-07 1.03523e-06 
123
0
0.642959
-0.000835731
0.871329 -7.56262e-06 -2.96048e-09 -7.56262e-06 0.996877 -8.20684e-07 -2.96048e-09 -8.20684e-07 1.03523e-06 
124
0
0.648031
-1.1472e-05
0.878349 -4.98641e-06 -3.01865e-09 -4.98641e-06 1.00491 -8.20752e-07 -3.01865e-09 -8.20752e-07 1.03523e-06 
125
0
0.654279
-0.000681685
0.885369 -4.99704e-06 -3.01288e-09 -4.99704e-06 1.01295 -8.20821e-07 -3.01288e-09 -8.20821e-07 1.03523e-06 
126
0
0.660147
-0.000560955
0.892389 -2.86972e-06 -3.07388e-09 -2.86972e-06 1.02098 -8.20886e-07 -3.07388e-09 -8.20886e-07 1.03523e-06 
127
0
0.665376
0.000484732
0.899409 -1.11324e-06 -3.10934e-09 -1.11324e-06 1.02902 -8.20951e-07 -3.10934e-09 -8.20951e-07 1.03523e-06 
128
0
0.671754
5.82533e-05
0.906429 -2.73076e-06 -3.08262e-09 -2.73076e-06 1.03705 -8.21018e-07 -3.08262e-09 -8.21018e-07 1.03523e-06 
129
0
0.678295
-0.000307872
0.913449 -2.96783e-06 -3.11855e-09 -2.96783e-06 1.04509 -8.21083e-07 -3.11855e-09 -8.21083e-07 1.03523e-06 
130
0
0.68446
0.000315775
0.920469 -2.00148e-06 -3.16906e-09 -2.00148e-06 1.05312 -8.21145e-07 -3.16906e-09 -8.21145e-07 1.03523e-06 
131
0
0.691455
-0.000304903
0.927489 -3.09553e-06 -3.16928e-09 -3.09553e-06 1.06115 -8.21205e-07 -3.16928e-09 -8.21205e-07 1.03523e-06 
132
0
0.697092
0.0002088
0.934509 -2.12345e-06 -3.22621e-09 -2.12345e-06 1.06919 -8.21265e-07 -3.22621e-09 -8.21265e-07 1.03523e-06 
133
0
0.702645
0.000568575
0.941529 -2.87331e-06 -3.23175e-09 -2.87331e-06 1.07722 -8.21327e-07 -3.23175e-09 -8.21327e-07 1.03523e-06 
134
0
0.709521
-0.000825531
0.948549 -4.84894e-06 -3.22926e-09 -4.84894e-06 1.08526 -8.21387e-07 -3.22926e-09 -8.21387e-07 1.03523e-06 
135
0
0.713322
0.000811087
0.955569 -2.07423e-06 -3.32615e-09 -2.07423e-06 1.09329 -8.21445e-07 -3.32615e-09 -8.21445e-07 1.03523e-06 
136
0
0.720046
0.000361293
0.962589 -4.91371e-06 -3.27487e-09 -4.91371e-06 1.10133 -8.21504e-07 -3.27487e-09 -8.21504e-07 1.03523e-06 
137
0
0.727118
0.000442332
0.969609 -6.21361e-06 -3.305e-09 -6.21361e-06 1.10936 -8.21561e-07 -3.305e-09 -8.21561e-07 1.03523e-06 
138
0
0.733555
0.000608265
0.976629 -7.8058e-06 -3.32726e-09 -7.8058e-06 1.1174 -8.21619e-07 -3.32726e-09 -8.21619e-07 1.03523e-06 
139
0
0.741022
-0.000815929
0.983649 -9.99316e-06 -3.33983e-09 -9.99316e-06 1.12543 -8.21674e-07 -3.33983e-09 -8.21674e-07 1.03523e-06 
140
0
0.746076
0.000180954
0.990669 -7.14772e-06 -3.44392e-09 -7.14772e-06 1.13347 -8.21731e-07 -3.44392e-09 -8.21731e-07 1.03523e-06 
141
0
0.752579
-0.000972018
0.997689 -7.84046e-06 -3.43653e-09 -7.84046e-06 1.1415 -8.21785e-07 -3.43653e-09 -8.21785e-07 1.03523e-06 
142
0
0.758281
-0.0007182
1.00471 -4.39244e-06 -3.5239e-09 -4.39244e-06 1.14954 -8.21838e-07 -3.5239e-09 -8.21838e-07 1.03523e-06 
143
0
0.763755
-0.000429647
1.01173 -1.83877e-06 -3.56069e-09 -1.83877e-06 1.15757 -8.21892e-07 -3.56069e-09 -8.21892e-07 1.03523e-06 
144
0
0.769866
-0.000663538
1.01875 -3.18946e-07 -3.58151e-09 -3.18946e-07 1.16561 -8.2195e-07 -3.58151e-09 -8.2195e-07 1.03523e-06 
145
0
0.774939
0.000357909
1.02577 2.07051e-06 -3.62736e-09 2.07051e-06 1.17364 -8.22005e-07 -3.62736e-09 -8.22005e-07 1.03523e-06 
146
0
0.781964
0.000161044
1.03279 7.00724e-07 -3.60454e-09 7.00724e-07 1.18167 -8.22059e-07 -3.60454e-09 -8.22059e-07 1.03523e-06 
147
0
0.788336
0.000446554
1.03981 5.4668e-08 -3.63222e-09 5.4668e-08 1.18971 -8.2211e-07 -3.63222e-09 -8.2211e-07 1.03523e-06 
148
0
0.795972
-0.00111846
1.04683 -1.66542e-06 -3.64145e-09 -1.66542e-06 1.19774 -8.22162e-07 -3.64145e-09 -8.22162e-07 1.03523e-06 
149
0
0.800316
-0.00018944
1.05385 2.50783e-06 -3.75462e-09 2.50783e-06 1.20578 -8.22216e-07 -3.75462e-09 -8.22216e-07 1.03523e-06 
150
0
0.804847
0.00104595
1.06087 3.18076e-06 -3.75271e-09 3.18076e-06 1.21381 -8.22269e-07 -3.75271e-09 -8.22269e-07 1.03523e-06 
151
0
0.810558
0.000885953
1.06789 -8.65176e-07 -3.69991e-09 -8.65176e-07 1.22185 -8.22321e-07 -3.69991e-09 -8.22321e-07 1.03523e-06 
152
0
0.818464
-0.000134478
1.07491 -4.32175e-06 -3.70493e-09 -4.32175e-06 1.22988 -8.22373e-07 -3.70493e-09 -8.22373e-07 1.03523e-06 
153
0
0.824558
2.96189e-06
1.08193 -3.84726e-06 -3.78113e-09 -3.84726e-06 1.23792 -8.22427e-07 -3.78113e-09 -8.22427e-07 1.03523e-06 
154
0
0.829594
-0.000136942
1.08895 -3.90534e-06 -3.81148e-09 -3.90534e-06 1.24595 -8.2248e-07 -3.81148e-09 -8.2248e-07 1.03523e-06 
155
0
0.835166
-0.00018238
1.09597 -3.41435e-06 -3.84353e-09 -3.41435e-06 1.25399 -8.22532e-07 -3.84353e-09 -8.22532e-07 1.03523e-06 
156
0
0.840929
0.000806415
1.10299 -2.74038e-06 -3.8747e-09 -2.74038e-06 1.26202 -8.22583e-07 -3.8747e-09 -8.22583e-07 1.03523e-06 
157
0
0.848729
-0.000262728
1.11001 -5.99306e-06 -3.84782e-09 -5.99306e-06 1.27006 -8.22636e-07 -3.84782e-09 -8.22636e-07 1.03523e-06 
158
0
0.855783
-0.00131936
1.11703 -4.9883e-06 -3.92252e-09 -4.9883e-06 1.27809 -8.22687e-07 -3.92252e-09 -8.22687e-07 1.03523e-06 
159
0
0.861951
-0.000256798
1.12405 2.77721e-07 -4.02718e-09 2.77721e-07 1.28613 -8.22737e-07 -4.02718e-09 -8.22737e-07 1.03523e-06 
160
0
0.868351
0.000562188
1.13107 1.27177e-06 -4.02727e-09 1.27177e-06 1.29416 -8.22787e-07 -4.02727e-09 -8.22787e-07 1.03523e-06 
161
0
0.875214
-0.000807865
1.13809 -1.0669e-06 -4.00783e-09 -1.0669e-06 1.30219 -8.22838e-07 -4.00783e-09 -8.22838e-07 1.03523e-06 
162
0
0.880615
-0.00126672
1.14511 2.20111e-06 -4.10022e-09 2.20111e-06 1.31023 -8.22891e-07 -4.10022e-09 -8.22891e-07 1.03523e-06 
163
0
0.886077
-0.000840622
1.15213 7.38377e-06 -4.17418e-09 7.38377e-06 1.31826 -8.2294e-07 -4.17418e-09 -8.2294e-07 1.03523e-06 
164
0
0.891326
7.5003e-05
1.15915 1.08288e-05 -4.20068e-09 1.08288e-05 1.3263 -8.22993e-07 -4.20068e-09 -8.22993e-07 1.03523e-06 
165
0
0.895475
0.0002151
1.16617 1.0469e-05 -4.18305e-09 1.0469e-05 1.33433 -8.23047e-07 -4.18305e-09 -8.23047e-07 1.03523e-06 
166
0
0.90246
-0.000189614
1.17319 9.51832e-06 -4.18391e-09 9.51832e-06 1.34237 -8.23098e-07 -4.18391e-09 -8.23098e-07 1.03523e-06 
167
0
0.908597
0.00141722
1.18021 1.0274e-05 -4.22867e-09 1.0274e-05 1.3504 -8.23146e-07 -4.22867e-09 -8.23146e-07 1.03523e-06 
168
0
0.916007
0.000133673
1.18723 4.19755e-06 -4.16839e-09 4.19755e-06 1.35844 -8.23193e-07 -4.16839e-09 -8.23193e-07 1.03523e-06 
169
0
0.922434
0.000440723
1.19425 3.57914e-06 -4.23728e-09 3.57914e-06 1.36647 -8.23245e-07 -4.23728e-09 -8.23245e-07 1.03523e-06 
170
0
0.929074
0.00070075
1.20127 1.63528e-06 -4.25308e-09 1.63528e-06 1.37451 -8.23293e-07 -4.25308e-09 -8.23293e-07 1.03523e-06 
171
0
0.933871
0.00136842
1.20829 -1.44591e-06 -4.25898e-09 -1.44591e-06 1.38254 -8.2334e-07 -4.25898e-09 -8.2334e-07 1.03523e-06 
172
0
0.940412
-0.000804303
1.21531 -7.45345e-06 -4.22895e-09 -7.45345e-06 1.39058 -8.23394e-07 -4.22895e-09 -8.23394e-07 1.03523e-06 
173
0
0.944059
0.00122359
1.22233 -3.97544e-06 -4.35335e-09 -3.97544e-06 1.39861 -8.23443e-07 -4.35335e-09 -8.23443e-07 1.03523e-06 
174
0
0.951514
-0.000195647
1.22935 -9.41416e-06 -4.28464e-09 -9.41416e-06 1.40665 -8.23487e-07 -4.28464e-09 -8.23487e-07 1.03523e-06 
175
0
0.957611
-0.000441594
1.23637 -8.59316e-06 -4.36547e-09 -8.59316e-06 1.41468 -8.23539e-07 -4.36547e-09 -8.23539e-07 1.03523e-06 
176
0
0.96502
-0.000872043
1.24339 -6.67084e-06 -4.42088e-09 -6.67084e-06 1.42271 -8.23589e-07 -4.42088e-09 -8.23589e-07 1.03523e-06 
177
0
0.971735
-0.00101245
1.25041 -2.80752e-06 -4.49125e-09 -2.80752e-06 1.43075 -8.23642e-07 -4.49125e-09 -8.23642e-07 1.03523e-06 
178
0
0.978194
-0.00144235
1.25743 1.71094e-06 -4.55075e-09 1.71094e-06 1.43878 -8.23693e-07 -4.55075e-09 -8.23693e-07 1.03523e-06 
179
0
0.983496
-0.000663909
1.26445 8.20422e-06 -4.6254e-09 8.20422e-06 1.44682 -8.23743e-07 -4.6254e-09 -8.23743e-07 1.03523e-06 
180
0
0.98925
-0.00139403
1.27147 1.1185e-05 -4.63432e-09 1.1185e-05 1.45485 -8.23792e-07 -4.63432e-09 -8.23792e-07 1.03523e-06 
181
0
0.993721
-0.000468067
1.27849 1.753e-05 -4.70785e-09 1.753e-05 1.46289 -8.23841e-07 -4.70785e-09 -8.23841e-07 1.03523e-06 
182
0
0.999184
-0.000592591
1.28551 1.96416e-05 -4.70265e-09 1.96416e-05 1.47092 -8.2389e-07 -4.70265e-09 -8.2389e-07 1.03523e-06 
183
0
1.00466
0.000712326
1.29253 2.23424e-05 -4.73365e-09 2.23424e-05 1.47896 -8.23938e-07 -4.73365e-09 -8.23938e-07 1.03523e-06 
184
0
1.01213
0.000109927
1.29955 1.89764e-05 -4.69058e-09 1.89764e-05 1.48699 -8.23985e-07 -4.69058e-09 -8.23985e-07 1.03523e-06 
185
0
1.0186
-0.000307042
1.30657 1.84153e-05 -4.73266e-09 1.84153e-05 1.49503 -8.24033e-07 -4.73266e-09 -8.24033e-07 1.03523e-06 
186
0
1.02403
-7.10465e-05
1.31359 1.98159e-05 -4.78414e-09 1.98159e-05 1.50306 -8.24087e-07 -4.78414e-09 -8.24087e-07 1.03523e-06 
187
0
1.02975
0.00033323
1.32061 2.01064e-05 -4.80185e-09 2.01064e-05 1.5111 -8.24138e-07 -4.80185e-09 -8.24138e-07 1.03523e-06 
188
0
1.03493
0.000821708
1.32763 1.84735e-05 -4.8018e-09 1.84735e-05 1.51913 -8.24189e-07 -4.8018e-09 -8.24189e-07 1.03523e-06 
189
0
1.04105
-5.85558e-05
1.33465 1.44936e-05 -4.78578e-09 1.44936e-05 1.52717 -8.24239e-07 -4.78578e-09 -8.24239e-07 1.03523e-06 
190
0
1.04722
0.000190731
1.34167 1.47295e-05 -4.84247e-09 1.47295e-05 1.5352 -8.24288e-07 -4.84247e-09 -8.24288e-07 1.03523e-06 
191
0
1.05363
0.000299414
1.34869 1.37608e-05 -4.8607e-09 1.37608e-05 1.54323 -8.24338e-07 -4.8607e-09 -8.24338e-07 1.03523e-06 
192
0
1.05967
3.60823e-05
1.35571 1.22586e-05 -4.8777e-09 1.22586e-05 1.55127 -8.24388e-07 -4.8777e-09 -8.24388e-07 1.03523e-06 
193
0
1.06537
0.000294223
1.36273 1.20363e-05 -4.913e-09 1.20363e-05 1.5593 -8.24436e-07 -4.913e-09 -8.24436e-07 1.03523e-06 
194
0
1.07063
0.000954385
1.36975 1.05445e-05 -4.92431e-09 1.05445e-05 1.56734 -8.24483e-07 -4.92431e-09 -8.24483e-07 1.03523e-06 
195
0
1.0774
0.000163135
1.37677 5.78423e-06 -4.90302e-09 5.78423e-06 1.57537 -8.24532e-07 -4.90302e-09 -8.24532e-07 1.03523e-06 
196
0
1.08444
-0.000196762
1.38379 4.92843e-06 -4.95605e-09 4.92843e-06 1.58341 -8.24583e-07 -4.95605e-09 -8.24583e-07 1.03523e-06 
197
0
1.0901
-2.24238e-05
1.39081 5.86455e-06 -5.01047e-09 5.86455e-06 1.59144 -8.24635e-07 -5.01047e-09 -8.24635e-07 1.03523e-06 
198
0
1.09637
-0.00110844
1.39783 5.9312e-06 -5.03437e-09 5.9312e-06 1.59948 -8.24684e-07 -5.03437e-09 -8.24684e-07 1.03523e-06 
199
0
1.10179
-6.87693e-05
1.40485 1.14733e-05 -5.12513e-09 1.14733e-05 1.60751 -8.2473e-07 -5.12513e-09 -8.2473e-07 1.03523e-06 
200
0
1.10856
-7.67849e-05
1.41187 1.1776e-05 -5.11798e-09 1.1776e-05 1.61555 -8.2478e-07 -5.11798e-09 -8.2478e-07 1.03523e-06 
201
0
1.115
-0.00022726
1.41889 1.21212e-05 -5.14359e-09 1.21212e-05 1.62358 -8.24834e-07 -5.14359e-09 -8.24834e-07 1.03523e-06 
202
0
1.12063
-0.000501947
1.42591 1.32384e-05 -5.18174e-09 1.32384e-05 1.63162 -8.24886e-07 -5.18174e-09 -8.24886e-07 1.03523e-06 
203
0
1.12632
-0.000862035
1.43293 1.5774e-05 -5.22805e-09 1.5774e-05 1.63965 -8.24934e-07 -5.22805e-09 -8.24934e-07 1.03523e-06 
204
0
1.1303
0.00112936
1.43995 2.01834e-05 -5.28484e-09 2.01834e-05 1.64769 -8.24983e-07 -5.28484e-09 -8.24983e-07 1.03523e-06 
205
0
1.13646
0.00122427
1.44697 1.42724e-05 -5.2067e-09 1.42724e-05 1.65572 -8.25032e-07 -5.2067e-09 -8.25032e-07 1.03523e-06 
206
0
1.14488
-0.000263112
1.45399 7.83751e-06 -5.19323e-09 7.83751e-06 1.66375 -8.25083e-07 -5.19323e-09 -8.25083e-07 1.03523e-06 
207
0
1.15187
-0.00058299
1.46101 9.17171e-06 -5.29003e-09 9.17171e-06 1.67179 -8.25134e-07 -5.29003e-09 -8.25134e-07 1.03523e-06 
208
0
1.15787
-0.00050905
1.46803 1.21982e-05 -5.35579e-09 1.21982e-05 1.67982 -8.25183e-07 -5.35579e-09 -8.25183e-07 1.03523e-06 
209
0
1.16304
0.000833819
1.47505 1.48479e-05 -5.39417e-09 1.48479e-05 1.68786 -8.2523e-07 -5.39417e-09 -8.2523e-07 1.03523e-06 
210
0
1.16984
0.000317128
1.48207 1.03662e-05 -5.35029e-09 1.03662e-05 1.69589 -8.25278e-07 -5.35029e-09 -8.25278e-07 1.03523e-06 
211
0
1.17586
-0.000136216
1.48909 8.62538e-06 -5.3855e-09 8.62538e-06 1.70393 -8.25328e-07 -5.3855e-09 -8.25328e-07 1.03523e-06 
212
0
1.18075
-0.000247986
1.49611 9.31145e-06 -5.4357e-09 9.31145e-06 1.71196 -8.25376e-07 -5.4357e-09 -8.25376e-07 1.03523e-06 
213
0
1.18406
0.000341175
1.50313 1.06041e-05 -5.47119e-09 1.06041e-05 1.72 -8.25424e-07 -5.47119e-09 -8.25424e-07 1.03523e-06 
214
0
1.18861
0.000396512
1.51015 8.70884e-06 -5.45919e-09 8.70884e-06 1.72803 -8.25474e-07 -5.45919e-09 -8.25474e-07 1.03523e-06 
215
0
1.19608
0.00141387
1.51717 6.50349e-06 -5.46586e-09 6.50349e-06 1.73607 -8.25525e-07 -5.46586e-09 -8.25525e-07 1.03523e-06 
216
0
1.20672
0.000516055
1.52419 -1.27937e-06 -5.4318e-09 -1.27937e-06 1.7441 -8.25574e-07 -5.4318e-09 -8.25574e-07 1.03523e-06 
217
0
1.2149
-0.000483847
1.53121 -4.16198e-06 -5.49864e-09 -4.16198e-06 1.75214 -8.25618e-07 -5.49864e-09 -8.25618e-07 1.03523e-06 
218
0
1.22243
-0.00107626
1.53823 -1.53501e-06 -5.59289e-09 -1.53501e-06 1.76017 -8.25663e-07 -5.59289e-09 -8.25663e-07 1.03523e-06 
219
0
1.22782
-0.000762468
1.54525 4.3913e-06 -5.68085e-09 4.3913e-06 1.76821 -8.25718e-07 -5.68085e-09 -8.25718e-07 1.03523e-06 
220
0
1.2311
-0.00128434
1.55227 8.59583e-06 -5.71547e-09 8.59583e-06 1.77624 -8.25772e-07 -5.71547e-09 -8.25772e-07 1.03523e-06 
221
0
1.23162
-0.000337626
1.55929 1.57419e-05 -5.77498e-09 1.57419e-05 1.78428 -8.25818e-07 -5.77498e-09 -8.25818e-07 1.03523e-06 
222
0
1.235
0.000374644
1.56631 1.75955e-05 -5.75057e-09 1.75955e-05 1.79231 -8.25862e-07 -5.75057e-09 -8.25862e-07 1.03523e-06 
223
0
1.23986
0.00162754
1.57333 1.54334e-05 -5.72199e-09 1.54334e-05 1.80034 -8.25914e-07 -5.72199e-09 -8.25914e-07 1.03523e-06 
224
0
1.24746
0.00123632
1.58035 6.15108e-06 -5.65699e-09 6.15108e-06 1.80838 -8.2597e-07 -5.65699e-09 -8.2597e-07 1.03523e-06 
225
0
1.25753
0.000888162
1.58737 -9.42197e-07 -5.67292e-09 -9.42197e-07 1.81641 -8.26021e-07 -5.67292e-09 -8.26021e-07 1.03523e-06 
226
0
1.2666
-0.000645786
1.59439 -6.07318e-06 -5.7171e-09 -6.07318e-06 1.82445 -8.26069e-07 -5.7171e-09 -8.26069e-07 1.03523e-06 
227
0
1.2719
-0.00037947
1.60141 -2.40416e-06 -5.83599e-09 -2.40416e-06 1.83248 -8.26115e-07 -5.83599e-09 -8.26115e-07 1.03523e-06 
228
0
1.27777
-0.000984029
1.60843 -2.57258e-07 -5.87239e-09 -2.57258e-07 1.84052 -8.26168e-07 -5.87239e-09 -8.26168e-07 1.03523e-06 
229
0
1.28126
-0.00115222
1.61545 5.40709e-06 -5.94252e-09 5.40709e-06 1.84855 -8.26222e-07 -5.94252e-09 -8.26222e-07 1.03523e-06 
230
0
1.28446
0.000108709
1.62247 1.20766e-05 -5.99238e-09 1.20766e-05 1.85659 -8.26273e-07 -5.99238e-09 -8.26273e-07 1.03523e-06 
231
0
1.29091
0.000373106
1.62949 1.13951e-05 -5.95742e-09 1.13951e-05 1.86462 -8.26322e-07 -5.95742e-09 -8.26322e-07 1.03523e-06 
232
0
1.29871
0.000100906
1.63651 9.15668e-06 -5.9589e-09 9.15668e-06 1.87266 -8.26372e-07 -5.9589e-09 -8.26372e-07 1.03523e-06 
233
0
1.30606
0.000305886
1.64353 8.51585e-06 -5.99894e-09 8.51585e-06 1.88069 -8.26422e-07 -5.99894e-09 -8.26422e-07 1.03523e-06 
234
0
1.31285
8.18179e-05
1.65055 6.65713e-06 -6.02073e-09 6.65713e-06 1.88873 -8.26476e-07 -6.02073e-09 -8.26476e-07 1.03523e-06 
235
0
1.31877
0.000481624
1.65757 6.12488e-06 -6.05875e-09 6.12488e-06 1.89676 -8.26526e-07 -6.05875e-09 -8.26526e-07 1.03523e-06 
236
0
1.32492
-9.67782e-05
1.66459 3.1998e-06 -6.06382e-09 3.1998e-06 1.9048 -8.26575e-07 -6.06382e-09 -8.26575e-07 1.03523e-06 
237
0
1.32921
-0.000459468
1.67161 3.73594e-06 -6.11443e-09 3.73594e-06 1.91283 -8.26624e-07 -6.11443e-09 -8.26624e-07 1.03523e-06 
238
0
1.33337
0.000588026
1.67863 6.46176e-06 -6.16177e-09 6.46176e-06 1.92086 -8.26668e-07 -6.16177e-09 -8.26668e-07 1.03523e-06 
239
0
1.3388
0.00106941
1.68565 2.8557e-06 -6.13246e-09 2.8557e-06 1.9289 -8.26715e-07 -6.13246e-09 -8.26715e-07 1.03523e-06 
240
0
1.34591
0.000391424
1.69267 -3.69266e-06 -6.1119e-09 -3.69266e-06 1.93693 -8.26769e-07 -6.1119e-09 -8.26769e-07 1.03523e-06 
241
0
1.35357
0.00039294
1.69969 -6.12788e-06 -6.15942e-09 -6.12788e-06 1.94497 -8.2682e-07 -6.15942e-09 -8.2682e-07 1.03523e-06 
242
0
1.36037
-0.000855252
1.70671 -8.58231e-06 -6.19251e-09 -8.58231e-06 1.953 -8.26868e-07 -6.19251e-09 -8.26868e-07 1.03523e-06 
243
0
1.36481
-0.00034217
1.71373 -3.36109e-06 -6.29153e-09 -3.36109e-06 1.96104 -8.26918e-07 -6.29153e-09 -8.26918e-07 1.03523e-06 
244
0
1.37076
-0.000654931
1.72075 -1.29045e-06 -6.30991e-09 -1.29045e-06 1.96907 -8.2697e-07 -6.30991e-09 -8.2697e-07 1.03523e-06 
245
0
1.3771
-0.00141366
1.72777 2.73056e-06 -6.35978e-09 2.73056e-06 1.97711 -8.27018e-07 -6.35978e-09 -8.27018e-07 1.03523e-06 
246
0
1.38201
0.000111878
1.73479 1.14977e-05 -6.44644e-09 1.14977e-05 1.98514 -8.27065e-07 -6.44644e-09 -8.27065e-07 1.03523e-06 
247
0
1.38928
-0.000473353
1.74181 1.07526e-05 -6.41335e-09 1.07526e-05 1.99318 -8.27116e-07 -6.41335e-09 -8.27116e-07 1.03523e-06 
248
0
1.39598
-0.000576251
1.74883 1.36825e-05 -6.46688e-09 1.36825e-05 2.00121 -8.27164e-07 -6.46688e-09 -8.27164e-07 1.03523e-06 
249
0
1.40219
-0.00104058
1.75585 1.72736e-05 -6.51397e-09 1.72736e-05 2.00925 -8.27212e-07 -6.51397e-09 -8.27212e-07 1.03523e-06 
250
0
1.40584
-0.000146627
1.76287 2.38209e-05 -6.57986e-09 2.38209e-05 2.01728 -8.27264e-07 -6.57986e-09 -8.27264e-07 1.03523e-06 
251
0
1.41125
-0.000223506
1.76989 2.47088e-05 -6.5672e-09 2.47088e-05 2.02532 -8.27313e-07 -6.5672e-09 -8.27313e-07 1.03523e-06 
252
0
1.41632
0.00127077
1.77691 2.60913e-05 -6.59008e-09 2.60913e-05 2.03335 -8.27362e-07 -6.59008e-09 -8.27362e-07 1.03523e-06 
253
0
1.4236
4.95272e-06
1.78393 1.78996e-05 -6.52866e-09 1.78996e-05 2.04138 -8.27412e-07 -6.52866e-09 -8.27412e-07 1.03523e-06 
254
0
1.42991
-0.00058115
1.79095 1.78232e-05 -6.59791e-09 1.78232e-05 2.04942 -8.2746e-07 -6.59791e-09 -8.2746e-07 1.03523e-06 
255
0
1.43506
0.000270823
1.79797 2.15338e-05 -6.66618e-09 2.15338e-05 2.05745 -8.27512e-07 -6.66618e-09 -8.27512e-07 1.03523e-06 
256
0
1.44195
-0.000633936
1.80499 1.97324e-05 -6.65584e-09 1.97324e-05 2.06549 -8.27564e-07 -6.65584e-09 -8.27564e-07 1.03523e-06 
257
0
1.44828
-0.000487676
1.81201 2.38164e-05 -6.72689e-09 2.38164e-05 2.07352 -8.27616e-07 -6.72689e-09 -8.27616e-07 1.03523e-06 
258
0
1.45375
-0.000245273
1.81903 2.69602e-05 -6.7629e-09 2.69602e-05 2.08156 -8.27666e-07 -6.7629e-09 -8.27666e-07 1.03523e-06 
259
0
1.45854
0.000329139
1.82605 2.85255e-05 -6.78139e-09 2.85255e-05 2.08959 -8.27716e-07 -6.78139e-09 -8.27716e-07 1.03523e-06 
260
0
1.46474
0.000439534
1.83307 2.63124e-05 -6.77128e-09 2.63124e-05 2.09763 -8.27767e-07 -6.77128e-09 -8.27767e-07 1.03523e-06 
261
0
1.47053
0.000230325
1.84009 2.33609e-05 -6.78006e-09 2.33609e-05 2.10566 -8.27816e-07 -6.78006e-09 -8.27816e-07 1.03523e-06 
262
0
1.47603
0.000813628
1.84711 2.17873e-05 -6.80745e-09 2.17873e-05 2.1137 -8.27866e-07 -6.80745e-09 -8.27866e-07 1.03523e-06 
263
0
1.48268
8.36085e-05
1.85413 1.63203e-05 -6.79486e-09 1.63203e-05 2.12173 -8.27916e-07 -6.79486e-09 -8.27916e-07 1.03523e-06 
264
0
1.48899
8.6388e-05
1.86115 1.57165e-05 -6.84702e-09 1.57165e-05 2.12977 -8.27966e-07 -6.84702e-09 -8.27966e-07 1.03523e-06 
265
0
1.49595
-0.000273842
1.86817 1.50921e-05 -6.87822e-09 1.50921e-05 2.1378 -8.28017e-07 -6.87822e-09 -8.28017e-07 1.03523e-06 
266
0
1.50073
0.000496293
1.87519 1.68937e-05 -6.92934e-09 1.68937e-05 2.14584 -8.28065e-07 -6.92934e-09 -8.28065e-07 1.03523e-06 
267
0
1.50646
-2.96929e-05
1.88221 1.34913e-05 -6.9157e-09 1.34913e-05 2.15387 -8.28113e-07 -6.9157e-09 -8.28113e-07 1.03523e-06 
268
0
1.51186
5.16422e-05
1.88923 1.36487e-05 -6.95765e-09 1.36487e-05 2.1619 -8.28161e-07 -6.95765e-09 -8.28161e-07 1.03523e-06 
269
0
1.51808
-0.000239756
1.89625 1.32524e-05 -6.98106e-09 1.32524e-05 2.16994 -8.2821e-07 -6.98106e-09 -8.2821e-07 1.03523e-06 
270
0
1.52409
0.000266265
1.90327 1.48486e-05 -7.02478e-09 1.48486e-05 2.17797 -8.28261e-07 -7.02478e-09 -8.28261e-07 1.03523e-06 
271
0
1.5304
-1.08965e-05
1.91029 1.29758e-05 -7.02972e-09 1.29758e-05 2.18601 -8.28312e-07 -7.02972e-09 -8.28312e-07 1.03523e-06 
272
0
1.53597
0.000472334
1.91731 1.30067e-05 -7.06663e-09 1.30067e-05 2.19404 -8.28364e-07 -7.06663e-09 -8.28364e-07 1.03523e-06 
273
0
1.54278
-0.000355161
1.92433 9.69472e-06 -7.06669e-09 9.69472e-06 2.20208 -8.28413e-07 -7.06669e-09 -8.28413e-07 1.03523e-06 
274
0
1.54851
0.000145413
1.93135 1.21167e-05 -7.13348e-09 1.21167e-05 2.21011 -8.28462e-07 -7.13348e-09 -8.28462e-07 1.03523e-06 
275
0
1.55471
-7.25393e-05
1.93837 1.10592e-05 -7.14369e-09 1.10592e-05 2.21815 -8.28513e-07 -7.14369e-09 -8.28513e-07 1.03523e-06 
276
0
1.5608
-0.000446787
1.94539 1.15225e-05 -7.17971e-09 1.15225e-05 2.22618 -8.28562e-07 -7.17971e-09 -8.28562e-07 1.03523e-06 
277
0
1.56611
0.000163024
1.95241 1.46148e-05 -7.23197e-09 1.46148e-05 2.23422 -8.28614e-07 -7.23197e-09 -8.28614e-07 1.03523e-06 
278
0
1.5739
-0.00136627
1.95943 1.34222e-05 -7.23292e-09 1.34222e-05 2.24225 -8.28662e-07 -7.23292e-09 -8.28662e-07 1.03523e-06 
279
0
1.57889
0.000193466
1.96645 2.30386e-05 -7.34841e-09 2.30386e-05 2.25029 -8.28711e-07 -7.34841e-09 -8.28711e-07 1.03523e-06 
280
0
1.58585
0.000245916
1.97347 2.16217e-05 -7.3177e-09 2.16217e-05 2.25832 -8.28762e-07 -7.3177e-09 -8.28762e-07 1.03523e-06 
281
0
1.59243
-0.000933292
1.98049 1.98265e-05 -7.33249e-09 1.98265e-05 2.26636 -8.28812e-07 -7.33249e-09 -8.28812e-07 1.03523e-06 
282
0
1.59732
-0.000590075
1.98751 2.64525e-05 -7.42354e-09 2.64525e-05 2.27439 -8.28862e-07 -7.42354e-09 -8.28862e-07 1.03523e-06 
283
0
1.60229
-0.00037209
1.99453 3.06407e-05 -7.45101e-09 3.06407e-05 2.28243 -8.28911e-07 -7.45101e-09 -8.28911e-07 1.03523e-06 
284
0
1.60811
0.000464769
2.00155 3.32749e-05 -7.46947e-09 3.32749e-05 2.29046 -8.28961e-07 -7.46947e-09 -8.28961e-07 1.03523e-06 
285
0
1.6146
0.000783725
2.00857 2.98741e-05 -7.45076e-09 2.98741e-05 2.29849 -8.29008e-07 -7.45076e-09 -8.29008e-07 1.03523e-06 
286
0
1.62145
-1.46731e-05
2.01559 2.41497e-05 -7.44557e-09 2.41497e-05 2.30653 -8.29056e-07 -7.44557e-09 -8.29056e-07 1.03523e-06 
287
0
1.62817
-0.000772559
2.02261 2.42127e-05 -7.50393e-09 2.42127e-05 2.31456 -8.29105e-07 -7.50393e-09 -8.29105e-07 1.03523e-06 
288
0
1.63375
-0.000643973
2.02963 2.98077e-05 -7.58261e-09 2.98077e-05 2.3226 -8.29154e-07 -7.58261e-09 -8.29154e-07 1.03523e-06 
289
0
1.63884
-0.000467753
2.03665 3.44806e-05 -7.62047e-09 3.44806e-05 2.33063 -8.29202e-07 -7.62047e-09 -8.29202e-07 1.03523e-06 
290
0
1.64402
0.000169198
2.04367 3.78747e-05 -7.64425e-09 3.78747e-05 2.33867 -8.29252e-07 -7.64425e-09 -8.29252e-07 1.03523e-06 
291
0
1.65032
0.000732353
2.05069 3.65832e-05 -7.63665e-09 3.65832e-05 2.3467 -8.29302e-07 -7.63665e-09 -8.29302e-07 1.03523e-06 
292
0
1.65727
8.01224e-05
2.05771 3.11198e-05 -7.62279e-09 3.11198e-05 2.35474 -8.29352e-07 -7.62279e-09 -8.29352e-07 1.03523e-06 
293
0
1.66444
-0.00126703
2.06473 3.04813e-05 -7.67209e-09 3.04813e-05 2.36277 -8.294e-07 -7.67209e-09 -8.294e-07 1.03523e-06 
294
0
1.66976
-0.00110873
2.07175 3.98785e-05 -7.78304e-09 3.98785e-05 2.37081 -8.2945e-07 -7.78304e-09 -8.2945e-07 1.03523e-06 
295
0
1.67466
-0.00052543
2.07877 4.81243e-05 -7.83065e-09 4.81243e-05 2.37884 -8.29498e-07 -7.83065e-09 -8.29498e-07 1.03523e-06 
296
0
1.67985
-0.000381554
2.08579 5.20224e-05 -7.83822e-09 5.20224e-05 2.38688 -8.29547e-07 -7.83822e-09 -8.29547e-07 1.03523e-06 
297
0
1.6831
0.000387263
2.09281 5.48509e-05 -7.85605e-09 5.48509e-05 2.39491 -8.29598e-07 -7.85605e-09 -8.29598e-07 1.03523e-06 
298
0
1.68916
0.00142157
2.09983 5.18826e-05 -7.82961e-09 5.18826e-05 2.40295 -8.29644e-07 -7.82961e-09 -8.29644e-07 1.03523e-06 
299
0
1.69955
0.000366966
2.10685 4.10665e-05 -7.78031e-09 4.10665e-05 2.41098 -8.29694e-07 -7.78031e-09 -8.29694e-07 1.03523e-06 
300
0
1.70822
-0.00123883
2.11387 3.8233e-05 -7.84948e-09 3.8233e-05 2.41901 -8.29742e-07 -7.84948e-09 -8.29742e-07 1.03523e-06 
301
0
1.71432
-0.00208376
2.12089 4.76403e-05 -7.98014e-09 4.76403e-05 2.42705 -8.29791e-07 -7.98014e-09 -8.29791e-07 1.03523e-06 
302
0
1.71747
-0.000947382
