5
0
0
4.53729e-05
0.00632105 -7.42245e-05 -1.49274e-06 -7.42245e-05 0.00654493 -4.93867e-05 -1.49274e-06 -4.93867e-05 0.00100463 
6
0
0
-0.00112916
0.00627726 -0.000160373 2.27543e-09 -0.000160373 0.00905118 -1.19913e-07 2.27543e-09 -1.19913e-07 1.21853e-06 
7
0
0
5.3676e-05
0.00928447 -0.000227602 -1.96424e-09 -0.000227602 0.00996508 -8.97368e-08 -1.96424e-09 -8.97368e-08 1.03809e-06 
8
0
0
0.000235134
0.00686738 -0.000226828 2.89636e-09 -0.000226828 0.0102703 -9.30631e-08 2.89636e-09 -9.30631e-08 1.0387e-06 
9
0
0
-0.000652036
0.00700971 -0.000240638 3.44786e-09 -0.000240638 0.01037 -9.70704e-08 3.44786e-09 -9.70704e-08 1.03875e-06 
10
0
0
0.000248602
0.0086532 -0.000239567 -2.20834e-09 -0.000239567 0.0104018 -1.00039e-07 -2.20834e-09 -1.00039e-07 1.03813e-06 
11
0
0
-0.00029833
0.00746456 -0.0002514 3.24802e-09 -0.0002514 0.0104126 -1.02395e-07 3.24802e-09 -1.02395e-07 1.03754e-06 
12
0
0
6.43718e-05
0.00884075 -0.000245243 -2.31386e-09 -0.000245243 0.0104158 -1.0443e-07 -2.31386e-09 -1.0443e-07 1.03707e-06 
13
0
0
-0.000386722
0.00751026 -0.000253651 3.35188e-09 -0.000253651 0.0104174 -1.06223e-07 3.35188e-09 -1.06223e-07 1.03671e-06 
14
0
0
-0.000400137
0.00885964 -0.000246227 -2.23823e-09 -0.000246227 0.0104175 -1.07846e-07 -2.23823e-09 -1.07846e-07 1.03642e-06 
15
0
0
0.000451551
0.00751492 -0.00025399 3.43238e-09 -0.00025399 0.0104181 -1.09299e-07 3.43238e-09 -1.09299e-07 1.0362e-06 
16
0
0
0.000500043
0.00653237 -0.000230553 3.55647e-09 -0.000230553 0.0104176 -1.10609e-07 3.55647e-09 -1.10609e-07 1.03603e-06 
17
0
0
0.000215668
0.00941564 -0.000262717 -1.25267e-09 -0.000262717 0.0104183 -1.11793e-07 -1.25267e-09 -1.11793e-07 1.03589e-06 
18
0
0
0.000389154
0.00689126 -0.000237395 3.38949e-09 -0.000237395 0.0104179 -1.12849e-07 3.38949e-09 -1.12849e-07 1.03579e-06 
19
0
0
0.000355354
0.00959616 -0.000267623 -1.32505e-09 -0.000267623 0.0104186 -1.13802e-07 -1.32505e-09 -1.13802e-07 1.03571e-06 
20
0
0
-7.77963e-05
0.00692289 -0.000238962 3.44315e-09 -0.000238962 0.0104181 -1.14644e-07 3.44315e-09 -1.14644e-07 1.03565e-06 
21
0
0
-8.0285e-05
0.00961202 -0.000268424 -1.28844e-09 -0.000268424 0.0104188 -1.15402e-07 -1.28844e-09 -1.15402e-07 1.0356e-06 
22
0
0
0.000122516
0.00692566 -0.000239186 3.47662e-09 -0.000239186 0.0104183 -1.16068e-07 3.47662e-09 -1.16068e-07 1.03556e-06 
23
0
0
0.000744706
0.0070258 -0.000245039 3.94572e-09 -0.000245039 0.0104185 -1.16671e-07 3.94572e-09 -1.16671e-07 1.03553e-06 
24
0
0
0.000705371
0.00866054 -0.000241409 -1.76784e-09 -0.000241409 0.0104182 -1.17198e-07 -1.76784e-09 -1.17198e-07 1.03551e-06 
25
0
0
-0.000433056
0.00746671 -0.000252029 3.64592e-09 -0.000252029 0.0104187 -1.17654e-07 3.64592e-09 -1.17654e-07 1.03549e-06 
26
0
0
0.000351987
0.00884207 -0.000245508 -1.97013e-09 -0.000245508 0.0104184 -1.18069e-07 -1.97013e-09 -1.18069e-07 1.03548e-06 
27
0
0
0.000893455
0.00751081 -0.00025376 3.66927e-09 -0.00025376 0.0104188 -1.18422e-07 3.66927e-09 -1.18422e-07 1.03547e-06 
28
0
0
3.41527e-05
0.00653161 -0.000230503 3.74052e-09 -0.000230503 0.0104182 -1.18733e-07 3.74052e-09 -1.18733e-07 1.03547e-06 
29
0
0
0.000535538
0.0094154 -0.000262686 -1.06178e-09 -0.000262686 0.0104188 -1.19011e-07 -1.06178e-09 -1.19011e-07 1.03546e-06 
30
0
0
7.31965e-05
0.00689127 -0.000237398 3.54105e-09 -0.000237398 0.0104184 -1.1925e-07 3.54105e-09 -1.1925e-07 1.03546e-06 
31
0
0
0.00022784
0.00959625 -0.000267622 -1.169e-09 -0.000267622 0.010419 -1.19467e-07 -1.169e-09 -1.19467e-07 1.03546e-06 
32
0
0
0.000432803
0.00692294 -0.000238968 3.5635e-09 -0.000238968 0.0104185 -1.1965e-07 3.5635e-09 -1.1965e-07 1.03545e-06 
33
0
0
-0.000288431
0.0096121 -0.000268451 -1.161e-09 -0.000268451 0.0104191 -1.19815e-07 -1.161e-09 -1.19815e-07 1.03545e-06 
34
0
0
-0.000251701
0.00692569 -0.000239197 3.57128e-09 -0.000239197 0.0104185 -1.19954e-07 3.57128e-09 -1.19954e-07 1.03545e-06 
35
0
0
-0.000543016
0.00702583 -0.000245037 4.03559e-09 -0.000245037 0.0104188 -1.20087e-07 4.03559e-09 -1.20087e-07 1.03545e-06 
36
0
0
0.000439201
0.00866056 -0.000241372 -1.69277e-09 -0.000241372 0.0104184 -1.20198e-07 -1.69277e-09 -1.20198e-07 1.03545e-06 
37
0
0
8.59951e-05
0.00746672 -0.000252019 3.7207e-09 -0.000252019 0.0104188 -1.20286e-07 3.7207e-09 -1.20286e-07 1.03545e-06 
38
0
0
-0.000750927
0.00884209 -0.000245521 -1.90115e-09 -0.000245521 0.0104185 -1.20375e-07 -1.90115e-09 -1.20375e-07 1.03545e-06 
39
0
0
0.00100124
0.00751081 -0.000253754 3.72752e-09 -0.000253754 0.0104189 -1.20441e-07 3.72752e-09 -1.20441e-07 1.03545e-06 
40
0
0
-0.000447414
0.00886015 -0.000246323 -1.90916e-09 -0.000246323 0.0104186 -1.20509e-07 -1.90916e-09 -1.20509e-07 1.03545e-06 
41
0
0
0.000188142
0.00751519 -0.000254036 3.73373e-09 -0.000254036 0.010419 -1.20557e-07 3.73373e-09 -1.20557e-07 1.03545e-06 
42
0
0
3.08483e-05
0.0065325 -0.000230574 3.78563e-09 -0.000230574 0.0104183 -1.20599e-07 3.78563e-09 -1.20599e-07 1.03545e-06 
43
0
0
-0.000666267
0.00941586 -0.000262722 -1.01437e-09 -0.000262722 0.010419 -1.20642e-07 -1.01437e-09 -1.20642e-07 1.03545e-06 
44
0
0
0.000411715
0.00689135 -0.000237402 3.57356e-09 -0.000237402 0.0104185 -1.20673e-07 3.57356e-09 -1.20673e-07 1.03546e-06 
45
0
0
0.000968038
0.0095963 -0.000267637 -1.13103e-09 -0.000267637 0.0104191 -1.20708e-07 -1.13103e-09 -1.20708e-07 1.03546e-06 
46
0
0
0.000464691
0.00692295 -0.000238977 3.59369e-09 -0.000238977 0.0104185 -1.20731e-07 3.59369e-09 -1.20731e-07 1.03546e-06 
47
0
0
0.000614974
0.0070251 -0.000244981 4.05583e-09 -0.000244981 0.0104188 -1.20764e-07 4.05583e-09 -1.20764e-07 1.03546e-06 
48
0
0
0.000228982
0.00866027 -0.000241386 -1.67311e-09 -0.000241386 0.0104184 -1.20787e-07 -1.67311e-09 -1.20787e-07 1.03546e-06 
49
0
0
-0.00080682
0.00746665 -0.00025202 3.73361e-09 -0.00025202 0.0104189 -1.20798e-07 3.73361e-09 -1.20798e-07 1.03546e-06 
50
0
0
-0.00112024
0.00884206 -0.000245498 -1.89603e-09 -0.000245498 0.0104186 -1.20819e-07 -1.89603e-09 -1.20819e-07 1.03546e-06 
51
0
0
-0.000948716
0.00751081 -0.000253744 3.73483e-09 -0.000253744 0.010419 -1.20826e-07 3.73483e-09 -1.20826e-07 1.03546e-06 
52
0
0
-0.000222253
0.00886014 -0.000246269 -1.91077e-09 -0.000246269 0.0104186 -1.20843e-07 -1.91077e-09 -1.20843e-07 1.03546e-06 
53
0
0
0.000648435
0.00751518 -0.000254024 3.74095e-09 -0.000254024 0.010419 -1.20847e-07 3.74095e-09 -1.20847e-07 1.03546e-06 
54
0
0
9.56531e-05
0.00886194 -0.000246426 -1.90298e-09 -0.000246426 0.0104186 -1.20861e-07 -1.90298e-09 -1.20861e-07 1.03546e-06 
55
0
0
-4.3751e-05
0.00751562 -0.000254077 3.744e-09 -0.000254077 0.010419 -1.20863e-07 3.744e-09 -1.20863e-07 1.03546e-06 
56
0
0
6.15579e-05
0.00653259 -0.000230582 3.79146e-09 -0.000230582 0.0104184 -1.20865e-07 3.79146e-09 -1.20865e-07 1.03546e-06 
57
0
0
-0.00107156
0.0094159 -0.000262727 -1.00905e-09 -0.000262727 0.010419 -1.20872e-07 -1.00905e-09 -1.20872e-07 1.03546e-06 
58
0
0
0.000307504
0.00689136 -0.000237401 3.57625e-09 -0.000237401 0.0104185 -1.20871e-07 3.57625e-09 -1.20871e-07 1.03546e-06 
59
0
0
-0.000306325
0.0095963 -0.000267633 -1.12627e-09 -0.000267633 0.0104191 -1.20882e-07 -1.12627e-09 -1.20882e-07 1.03546e-06 
60
0
0
-0.000270071
0.00692295 -0.00023897 3.59444e-09 -0.00023897 0.0104186 -1.20884e-07 3.59444e-09 -1.20884e-07 1.03546e-06 
61
0
0
0.000267447
0.0070251 -0.000244961 4.05764e-09 -0.000244961 0.0104188 -1.20896e-07 4.05764e-09 -1.20896e-07 1.03546e-06 
62
0
0
-0.000128066
0.00866027 -0.000241368 -1.67046e-09 -0.000241368 0.0104184 -1.20902e-07 -1.67046e-09 -1.20902e-07 1.03546e-06 
63
0
0
-0.0011324
0.00746665 -0.000252011 3.73648e-09 -0.000252011 0.0104189 -1.20899e-07 3.73648e-09 -1.20899e-07 1.03546e-06 
64
0
0
-0.000383486
0.00884205 -0.000245486 -1.89269e-09 -0.000245486 0.0104186 -1.20907e-07 -1.89269e-09 -1.20907e-07 1.03546e-06 
65
0
0
-0.000484507
0.00751081 -0.000253749 3.74162e-09 -0.000253749 0.010419 -1.20903e-07 3.74162e-09 -1.20903e-07 1.03546e-06 
66
0
0
0.000382306
0.00653161 -0.000230477 3.79142e-09 -0.000230477 0.0104184 -1.209e-07 3.79142e-09 -1.209e-07 1.03546e-06 
67
0
0
0.000275789
0.00941541 -0.000262691 -1.00368e-09 -0.000262691 0.010419 -1.20902e-07 -1.00368e-09 -1.20902e-07 1.03546e-06 
68
0
0
0.000392522
0.00689127 -0.000237399 3.58402e-09 -0.000237399 0.0104185 -1.20903e-07 3.58402e-09 -1.20903e-07 1.03546e-06 
69
0
0
0.000195256
0.00959626 -0.000267635 -1.11982e-09 -0.000267635 0.0104191 -1.20908e-07 -1.11982e-09 -1.20908e-07 1.03546e-06 
70
0
0
-0.000165965
0.00692294 -0.000238973 3.59848e-09 -0.000238973 0.0104186 -1.20908e-07 3.59848e-09 -1.20908e-07 1.03546e-06 
71
0
0
-0.000613115
0.0096121 -0.000268432 -1.1242e-09 -0.000268432 0.0104192 -1.2091e-07 -1.1242e-09 -1.2091e-07 1.03546e-06 
72
0
0
0.000401547
0.00692569 -0.000239192 3.59844e-09 -0.000239192 0.0104186 -1.2091e-07 3.59844e-09 -1.2091e-07 1.03546e-06 
73
0
0
-6.99287e-05
0.00702583 -0.000245053 4.06338e-09 -0.000245053 0.0104188 -1.20918e-07 4.06338e-09 -1.20918e-07 1.03546e-06 
74
0
0
0.000586914
0.00866057 -0.000241393 -1.66766e-09 -0.000241393 0.0104185 -1.2092e-07 -1.66766e-09 -1.2092e-07 1.03546e-06 
75
0
0
0.000782783
0.00746673 -0.000252027 3.74652e-09 -0.000252027 0.0104189 -1.20916e-07 3.74652e-09 -1.20916e-07 1.03546e-06 
76
0
0
0.000898061
0.00884209 -0.000245543 -1.86843e-09 -0.000245543 0.0104186 -1.20922e-07 -1.86843e-09 -1.20922e-07 1.03546e-06 
77
0
0
-6.63541e-05
0.00751082 -0.000253778 3.76052e-09 -0.000253778 0.010419 -1.20918e-07 3.76052e-09 -1.20918e-07 1.03546e-06 
78
0
0
2.50494e-05
0.00886015 -0.000246304 -1.88033e-09 -0.000246304 0.0104186 -1.20923e-07 -1.88033e-09 -1.20923e-07 1.03546e-06 
79
0
0
-0.000812396
0.00751519 -0.000254037 3.76105e-09 -0.000254037 0.010419 -1.20919e-07 3.76105e-09 -1.20919e-07 1.03546e-06 
80
0
0
-0.000578451
0.0065325 -0.000230556 3.80432e-09 -0.000230556 0.0104184 -1.20913e-07 3.80432e-09 -1.20913e-07 1.03546e-06 
81
0
0
-0.000531607
0.00941585 -0.000262691 -9.85022e-10 -0.000262691 0.010419 -1.20914e-07 -9.85022e-10 -1.20914e-07 1.03546e-06 
82
0
0
-0.000537318
0.00689135 -0.000237396 3.59332e-09 -0.000237396 0.0104185 -1.20912e-07 3.59332e-09 -1.20912e-07 1.03546e-06 
83
0
0
-0.000733347
0.00959629 -0.000267601 -1.10169e-09 -0.000267601 0.0104191 -1.20915e-07 -1.10169e-09 -1.20915e-07 1.03546e-06 
84
0
0
-0.000777699
0.00692294 -0.00023896 3.608e-09 -0.00023896 0.0104186 -1.20916e-07 3.608e-09 -1.20916e-07 1.03546e-06 
85
0
0
-0.000246099
0.00961209 -0.000268406 -1.1031e-09 -0.000268406 0.0104192 -1.20917e-07 -1.1031e-09 -1.20917e-07 1.03546e-06 
86
0
0
-0.000761054
0.00692569 -0.000239187 3.61293e-09 -0.000239187 0.0104186 -1.20917e-07 3.61293e-09 -1.20917e-07 1.03546e-06 
87
0
0
-0.000370543
0.00702583 -0.000245022 4.07688e-09 -0.000245022 0.0104188 -1.20924e-07 4.07688e-09 -1.20924e-07 1.03546e-06 
88
0
0
-0.000330608
0.00866056 -0.000241373 -1.64581e-09 -0.000241373 0.0104185 -1.20926e-07 -1.64581e-09 -1.20926e-07 1.03546e-06 
89
0
0
-0.00039886
0.00746672 -0.000252011 3.75551e-09 -0.000252011 0.0104189 -1.20921e-07 3.75551e-09 -1.20921e-07 1.03546e-06 
90
0
0
0.00013475
0.00884209 -0.000245506 -1.86437e-09 -0.000245506 0.0104186 -1.20926e-07 -1.86437e-09 -1.20926e-07 1.03546e-06 
91
0
0
-0.000413633
0.00751082 -0.00025376 3.76067e-09 -0.00025376 0.010419 -1.20921e-07 3.76067e-09 -1.20921e-07 1.03546e-06 
92
0
0
-0.000117001
0.00653162 -0.000230481 3.80496e-09 -0.000230481 0.0104184 -1.20915e-07 3.80496e-09 -1.20915e-07 1.03546e-06 
93
0
0
-0.000953761
0.00941541 -0.000262674 -9.83653e-10 -0.000262674 0.010419 -1.20915e-07 -9.83653e-10 -1.20915e-07 1.03546e-06 
94
0
0
-0.000957542
0.00689127 -0.000237388 3.59113e-09 -0.000237388 0.0104185 -1.20914e-07 3.59113e-09 -1.20914e-07 1.03546e-06 
95
0
0
-0.000479592
0.00959625 -0.000267583 -1.1083e-09 -0.000267583 0.0104191 -1.20916e-07 -1.1083e-09 -1.20916e-07 1.03546e-06 
96
0
0
0.000623699
0.00692294 -0.000238957 3.60543e-09 -0.000238957 0.0104186 -1.20915e-07 3.60543e-09 -1.20915e-07 1.03546e-06 
97
0
0
-9.69243e-05
0.0096121 -0.000268454 -1.10303e-09 -0.000268454 0.0104192 -1.20916e-07 -1.10303e-09 -1.20916e-07 1.03546e-06 
98
0
0
0.000194986
0.00692569 -0.000239199 3.61051e-09 -0.000239199 0.0104186 -1.20916e-07 3.61051e-09 -1.20916e-07 1.03546e-06 
99
0
0
7.99809e-05
0.00702583 -0.00024505 4.07434e-09 -0.00024505 0.0104188 -1.20922e-07 4.07434e-09 -1.20922e-07 1.03546e-06 
100
0
0
-0.000154642
0.00866057 -0.000241397 -1.65274e-09 -0.000241397 0.0104185 -1.20924e-07 -1.65274e-09 -1.20924e-07 1.03546e-06 
101
0
0
-0.000555248
0.00746672 -0.000252019 3.74897e-09 -0.000252019 0.0104189 -1.20918e-07 3.74897e-09 -1.20918e-07 1.03546e-06 
102
0
0
0.000711046
0.00884209 -0.000245505 -1.87369e-09 -0.000245505 0.0104186 -1.20923e-07 -1.87369e-09 -1.20923e-07 1.03546e-06 
103
0
0
-0.000766353
0.00751082 -0.000253766 3.75725e-09 -0.000253766 0.010419 -1.20919e-07 3.75725e-09 -1.20919e-07 1.03546e-06 
104
0
0
-0.000230846
0.00653162 -0.000230476 3.80022e-09 -0.000230476 0.0104184 -1.20913e-07 3.80022e-09 -1.20913e-07 1.03546e-06 
105
0
0
-0.000479924
0.00941541 -0.000262667 -9.90172e-10 -0.000262667 0.010419 -1.20914e-07 -9.90172e-10 -1.20914e-07 1.03546e-06 
106
0
0
-0.000496767
0.00689127 -0.000237389 3.58987e-09 -0.000237389 0.0104185 -1.20912e-07 3.58987e-09 -1.20912e-07 1.03546e-06 
107
0
0
-0.000280096
0.00959625 -0.000267599 -1.10964e-09 -0.000267599 0.0104191 -1.20914e-07 -1.10964e-09 -1.20914e-07 1.03546e-06 
108
0
0
-1.15041e-05
0.00692294 -0.000238962 3.60579e-09 -0.000238962 0.0104186 -1.20916e-07 3.60579e-09 -1.20916e-07 1.03546e-06 
109
0
0
-5.68199e-05
0.0096121 -0.000268434 -1.10459e-09 -0.000268434 0.0104192 -1.20918e-07 -1.10459e-09 -1.20918e-07 1.03546e-06 
110
0
0
0.000166964
0.00692569 -0.000239195 3.61134e-09 -0.000239195 0.0104186 -1.20919e-07 3.61134e-09 -1.20919e-07 1.03546e-06 
111
0
0
0.000470013
0.00702583 -0.000245048 4.07729e-09 -0.000245048 0.0104188 -1.20926e-07 4.07729e-09 -1.20926e-07 1.03546e-06 
112
0
0
0.000205449
0.00866057 -0.000241408 -1.64467e-09 -0.000241408 0.0104185 -1.20928e-07 -1.64467e-09 -1.20928e-07 1.03546e-06 
113
0
0
-0.000205736
0.00746673 -0.000252027 3.75587e-09 -0.000252027 0.0104189 -1.20924e-07 3.75587e-09 -1.20924e-07 1.03546e-06 
114
0
0
0.000211988
0.00884209 -0.000245517 -1.86402e-09 -0.000245517 0.0104186 -1.20929e-07 -1.86402e-09 -1.20929e-07 1.03546e-06 
115
0
0
5.03338e-05
0.00751082 -0.000253764 3.76254e-09 -0.000253764 0.010419 -1.20926e-07 3.76254e-09 -1.20926e-07 1.03546e-06 
116
0
0
5.73387e-05
0.00886015 -0.000246302 -1.87449e-09 -0.000246302 0.0104186 -1.20929e-07 -1.87449e-09 -1.20929e-07 1.03546e-06 
117
0
0
0.000498974
0.00751519 -0.000254036 3.76525e-09 -0.000254036 0.010419 -1.20926e-07 3.76525e-09 -1.20926e-07 1.03546e-06 
118
0
0
-5.01608e-05
0.0065325 -0.00023058 3.81148e-09 -0.00023058 0.0104184 -1.20919e-07 3.81148e-09 -1.20919e-07 1.03546e-06 
119
0
0
0.000133454
0.00941586 -0.000262721 -9.76836e-10 -0.000262721 0.010419 -1.20919e-07 -9.76836e-10 -1.20919e-07 1.03546e-06 
120
0
0
0.00021293
0.00689135 -0.000237407 3.59799e-09 -0.000237407 0.0104185 -1.20919e-07 3.59799e-09 -1.20919e-07 1.03546e-06 
121
0
0
0.000471766
0.0095963 -0.000267632 -1.0947e-09 -0.000267632 0.0104191 -1.2092e-07 -1.0947e-09 -1.2092e-07 1.03546e-06 
122
0
0
-0.00087912
0.00692295 -0.000238974 3.6152e-09 -0.000238974 0.0104186 -1.2092e-07 3.6152e-09 -1.2092e-07 1.03546e-06 
123
0
0
-0.000409601
0.0070251 -0.000244947 4.07929e-09 -0.000244947 0.0104188 -1.20926e-07 4.07929e-09 -1.20926e-07 1.03546e-06 
124
0
0
-0.000245786
0.00866026 -0.000241342 -1.64038e-09 -0.000241342 0.0104185 -1.20928e-07 -1.64038e-09 -1.20928e-07 1.03546e-06 
125
0
0
-0.000608812
0.00746665 -0.000252002 3.76013e-09 -0.000252002 0.0104189 -1.20924e-07 3.76013e-09 -1.20924e-07 1.03546e-06 
126
0
0
-0.000285919
0.00884205 -0.000245497 -1.85606e-09 -0.000245497 0.0104186 -1.20929e-07 -1.85606e-09 -1.20929e-07 1.03546e-06 
127
0
0
-0.000403809
0.00751081 -0.000253753 3.7672e-09 -0.000253753 0.010419 -1.20926e-07 3.7672e-09 -1.20926e-07 1.03546e-06 
128
0
0
-0.000237488
0.00886014 -0.000246286 -1.86794e-09 -0.000246286 0.0104186 -1.20929e-07 -1.86794e-09 -1.20929e-07 1.03546e-06 
129
0
0
0.000874078
0.00751518 -0.000254029 3.77e-09 -0.000254029 0.010419 -1.20926e-07 3.77e-09 -1.20926e-07 1.03546e-06 
130
0
0
-2.31831e-05
0.00653251 -0.000230585 3.81743e-09 -0.000230585 0.0104184 -1.2092e-07 3.81743e-09 -1.2092e-07 1.03546e-06 
131
0
0
0.00019515
0.00941586 -0.000262725 -9.68951e-10 -0.000262725 0.010419 -1.20917e-07 -9.68951e-10 -1.20917e-07 1.03546e-06 
132
0
0
-0.000121988
0.00689135 -0.000237408 3.60187e-09 -0.000237408 0.0104185 -1.20915e-07 3.60187e-09 -1.20915e-07 1.03546e-06 
133
0
0
0.00070952
0.00959629 -0.000267621 -1.09076e-09 -0.000267621 0.0104191 -1.20916e-07 -1.09076e-09 -1.20916e-07 1.03546e-06 
134
0
0
0.000469041
0.00692295 -0.000238972 3.61624e-09 -0.000238972 0.0104186 -1.20915e-07 3.61624e-09 -1.20915e-07 1.03546e-06 
135
0
0
-0.000585328
0.0096121 -0.000268454 -1.09108e-09 -0.000268454 0.0104192 -1.20916e-07 -1.09108e-09 -1.20916e-07 1.03546e-06 
136
0
0
0.000183813
0.00692569 -0.000239197 3.61483e-09 -0.000239197 0.0104186 -1.20915e-07 3.61483e-09 -1.20915e-07 1.03546e-06 
137
0
0
-1.83191e-05
0.00702583 -0.000245049 4.08178e-09 -0.000245049 0.0104188 -1.20922e-07 4.08178e-09 -1.20922e-07 1.03546e-06 
138
0
0
4.6282e-05
0.00866057 -0.000241393 -1.63889e-09 -0.000241393 0.0104185 -1.20927e-07 -1.63889e-09 -1.20927e-07 1.03546e-06 
139
0
0
-0.000650892
0.00746672 -0.000252021 3.76135e-09 -0.000252021 0.0104189 -1.20925e-07 3.76135e-09 -1.20925e-07 1.03546e-06 
140
0
0
-0.000871859
0.00884209 -0.000245503 -1.85606e-09 -0.000245503 0.0104186 -1.2093e-07 -1.85606e-09 -1.2093e-07 1.03546e-06 
141
0
0
-0.000427463
0.00751081 -0.000253748 3.76479e-09 -0.000253748 0.010419 -1.20928e-07 3.76479e-09 -1.20928e-07 1.03546e-06 
142
0
0
-0.000371751
0.00886014 -0.000246284 -1.86955e-09 -0.000246284 0.0104186 -1.20931e-07 -1.86955e-09 -1.20931e-07 1.03546e-06 
143
0
0
-0.000216317
0.00751518 -0.000254027 3.76871e-09 -0.000254027 0.010419 -1.20928e-07 3.76871e-09 -1.20928e-07 1.03546e-06 
144
0
0
-0.000382937
0.0065325 -0.000230565 3.81326e-09 -0.000230565 0.0104184 -1.20921e-07 3.81326e-09 -1.20921e-07 1.03546e-06 
145
0
0
-0.000259088
0.00941585 -0.000262702 -9.71583e-10 -0.000262702 0.010419 -1.2092e-07 -9.71583e-10 -1.2092e-07 1.03546e-06 
146
0
0
0.00100199
0.00689135 -0.0002374 3.60078e-09 -0.0002374 0.0104185 -1.20921e-07 3.60078e-09 -1.20921e-07 1.03546e-06 
147
0
0
-0.000331358
0.0095963 -0.000267657 -1.08437e-09 -0.000267657 0.0104191 -1.20922e-07 -1.08437e-09 -1.20922e-07 1.03546e-06 
148
0
0
-8.44283e-06
0.00692295 -0.000238976 3.61547e-09 -0.000238976 0.0104186 -1.20922e-07 3.61547e-09 -1.20922e-07 1.03546e-06 
149
0
0
-0.000327729
0.0070251 -0.000244969 4.08403e-09 -0.000244969 0.0104188 -1.20927e-07 4.08403e-09 -1.20927e-07 1.03546e-06 
150
0
0
0.000288695
0.00866026 -0.000241353 -1.6363e-09 -0.000241353 0.0104184 -1.20929e-07 -1.6363e-09 -1.20929e-07 1.03546e-06 
151
0
0
0.000348309
0.00746665 -0.000252011 3.76444e-09 -0.000252011 0.0104189 -1.20925e-07 3.76444e-09 -1.20925e-07 1.03546e-06 
152
0
0
-0.000119287
0.00884206 -0.000245525 -1.84755e-09 -0.000245525 0.0104186 -1.20929e-07 -1.84755e-09 -1.20929e-07 1.03546e-06 
153
0
0
-0.000510764
0.00751081 -0.000253763 3.77126e-09 -0.000253763 0.010419 -1.20926e-07 3.77126e-09 -1.20926e-07 1.03546e-06 
154
0
0
-0.000669214
0.00886014 -0.000246287 -1.86441e-09 -0.000246287 0.0104186 -1.2093e-07 -1.86441e-09 -1.2093e-07 1.03546e-06 
155
0
0
-0.000720852
0.00751518 -0.000254025 3.77029e-09 -0.000254025 0.010419 -1.20927e-07 3.77029e-09 -1.20927e-07 1.03546e-06 
156
0
0
0.00052869
0.0065325 -0.000230555 3.81342e-09 -0.000230555 0.0104184 -1.20921e-07 3.81342e-09 -1.20921e-07 1.03546e-06 
157
0
0
-6.98702e-05
0.00941586 -0.000262734 -9.64538e-10 -0.000262734 0.010419 -1.20921e-07 -9.64538e-10 -1.20921e-07 1.03546e-06 
158
0
0
-0.000136147
0.00689135 -0.000237408 3.60369e-09 -0.000237408 0.0104185 -1.20921e-07 3.60369e-09 -1.20921e-07 1.03546e-06 
159
0
0
-0.000574416
0.00959629 -0.00026762 -1.08561e-09 -0.00026762 0.0104191 -1.20922e-07 -1.08561e-09 -1.20922e-07 1.03546e-06 
160
0
0
-0.000612222
0.00692294 -0.000238966 3.61563e-09 -0.000238966 0.0104186 -1.20924e-07 3.61563e-09 -1.20924e-07 1.03546e-06 
161
0
0
-0.000726305
0.0096121 -0.000268414 -1.09046e-09 -0.000268414 0.0104192 -1.20923e-07 -1.09046e-09 -1.20923e-07 1.03546e-06 
162
0
0
-0.000432992
0.00692569 -0.000239187 3.61739e-09 -0.000239187 0.0104186 -1.20924e-07 3.61739e-09 -1.20924e-07 1.03546e-06 
163
0
0
-0.000183929
0.00702583 -0.00024503 4.08414e-09 -0.00024503 0.0104188 -1.2093e-07 4.08414e-09 -1.2093e-07 1.03546e-06 
164
0
0
0.000362354
0.00866056 -0.000241382 -1.6359e-09 -0.000241382 0.0104185 -1.20932e-07 -1.6359e-09 -1.20932e-07 1.03546e-06 
165
0
0
0.000340058
0.00746672 -0.000252021 3.76417e-09 -0.000252021 0.0104189 -1.20929e-07 3.76417e-09 -1.20929e-07 1.03546e-06 
166
0
0
0.00083025
0.00884209 -0.000245529 -1.84954e-09 -0.000245529 0.0104186 -1.20933e-07 -1.84954e-09 -1.20933e-07 1.03546e-06 
167
0
0
-0.000512326
0.00751082 -0.000253774 3.77328e-09 -0.000253774 0.010419 -1.2093e-07 3.77328e-09 -1.2093e-07 1.03546e-06 
168
0
0
-0.000103282
0.00653162 -0.000230483 3.81412e-09 -0.000230483 0.0104184 -1.20923e-07 3.81412e-09 -1.20923e-07 1.03546e-06 
169
0
0
-0.00104635
0.00941541 -0.000262675 -9.66284e-10 -0.000262675 0.010419 -1.20922e-07 -9.66284e-10 -1.20922e-07 1.03546e-06 
170
0
0
0.00069744
0.00689127 -0.000237388 3.59894e-09 -0.000237388 0.0104185 -1.20921e-07 3.59894e-09 -1.20921e-07 1.03546e-06 
171
0
0
-0.000177401
0.00959626 -0.000267641 -1.08753e-09 -0.000267641 0.0104191 -1.20922e-07 -1.08753e-09 -1.20922e-07 1.03546e-06 
172
0
0
0.000633547
0.00692294 -0.000238972 3.61367e-09 -0.000238972 0.0104186 -1.20922e-07 3.61367e-09 -1.20922e-07 1.03546e-06 
173
0
0
-0.00040351
0.0096121 -0.00026846 -1.09136e-09 -0.00026846 0.0104192 -1.20921e-07 -1.09136e-09 -1.20921e-07 1.03546e-06 
174
0
0
0.000929545
0.00692569 -0.000239199 3.61542e-09 -0.000239199 0.0104186 -1.20922e-07 3.61542e-09 -1.20922e-07 1.03546e-06 
175
0
0
0.000351302
0.00702584 -0.000245068 4.0852e-09 -0.000245068 0.0104188 -1.20928e-07 4.0852e-09 -1.20928e-07 1.03546e-06 
176
0
0
-0.000366946
0.00866057 -0.000241412 -1.63743e-09 -0.000241412 0.0104185 -1.2093e-07 -1.63743e-09 -1.2093e-07 1.03546e-06 
177
0
0
-0.000721873
0.00746672 -0.000252021 3.7588e-09 -0.000252021 0.0104189 -1.20926e-07 3.7588e-09 -1.20926e-07 1.03546e-06 
178
0
0
-0.000111549
0.00884208 -0.000245501 -1.85994e-09 -0.000245501 0.0104186 -1.2093e-07 -1.85994e-09 -1.2093e-07 1.03546e-06 
179
0
0
0.000819204
0.00751082 -0.000253756 3.76556e-09 -0.000253756 0.010419 -1.20928e-07 3.76556e-09 -1.20928e-07 1.03546e-06 
180
0
0
-0.00116331
0.00653162 -0.000230503 3.81464e-09 -0.000230503 0.0104183 -1.20921e-07 3.81464e-09 -1.20921e-07 1.03546e-06 
181
0
0
-0.000137603
0.0094154 -0.000262641 -9.75296e-10 -0.000262641 0.010419 -1.20921e-07 -9.75296e-10 -1.20921e-07 1.03546e-06 
182
0
0
0.000505042
0.00689127 -0.000237385 3.60042e-09 -0.000237385 0.0104185 -1.20922e-07 3.60042e-09 -1.20922e-07 1.03546e-06 
183
0
0
0.000416908
0.00959626 -0.000267633 -1.086e-09 -0.000267633 0.0104191 -1.20922e-07 -1.086e-09 -1.20922e-07 1.03546e-06 
184
0
0
-7.30824e-05
0.00692294 -0.000238973 3.6175e-09 -0.000238973 0.0104186 -1.20924e-07 3.6175e-09 -1.20924e-07 1.03546e-06 
185
0
0
0.00037174
0.0096121 -0.000268436 -1.0903e-09 -0.000268436 0.0104192 -1.20923e-07 -1.0903e-09 -1.20923e-07 1.03546e-06 
186
0
0
0.000121276
0.00692569 -0.000239197 3.61918e-09 -0.000239197 0.0104186 -1.20925e-07 3.61918e-09 -1.20925e-07 1.03546e-06 
187
0
0
-0.000805958
0.00702583 -0.000245047 4.08436e-09 -0.000245047 0.0104188 -1.2093e-07 4.08436e-09 -1.2093e-07 1.03546e-06 
188
0
0
0.000888006
0.00866056 -0.000241369 -1.63849e-09 -0.000241369 0.0104185 -1.20933e-07 -1.63849e-09 -1.20933e-07 1.03546e-06 
189
0
0
0.000165981
0.00746673 -0.000252024 3.76719e-09 -0.000252024 0.0104189 -1.2093e-07 3.76719e-09 -1.2093e-07 1.03546e-06 
190
0
0
-0.000534331
0.00884209 -0.000245525 -1.84648e-09 -0.000245525 0.0104186 -1.20934e-07 -1.84648e-09 -1.20934e-07 1.03546e-06 
191
0
0
-0.000525474
0.00751082 -0.000253758 3.77085e-09 -0.000253758 0.010419 -1.20932e-07 3.77085e-09 -1.20932e-07 1.03546e-06 
192
0
0
-0.00123209
0.00886015 -0.000246285 -1.86346e-09 -0.000246285 0.0104186 -1.20935e-07 -1.86346e-09 -1.20935e-07 1.03546e-06 
193
0
0
-0.000489163
0.00751518 -0.000254018 3.77058e-09 -0.000254018 0.010419 -1.20933e-07 3.77058e-09 -1.20933e-07 1.03546e-06 
194
0
0
-0.000764967
0.0065325 -0.000230558 3.81637e-09 -0.000230558 0.0104184 -1.20926e-07 3.81637e-09 -1.20926e-07 1.03546e-06 
195
0
0
0.000445011
0.00941585 -0.000262684 -9.61072e-10 -0.000262684 0.010419 -1.20925e-07 -9.61072e-10 -1.20925e-07 1.03546e-06 
196
0
0
-0.000492225
0.00689135 -0.0002374 3.61096e-09 -0.0002374 0.0104185 -1.20929e-07 3.61096e-09 -1.20929e-07 1.03546e-06 
197
0
0
-0.00019766
0.00959629 -0.000267604 -1.07373e-09 -0.000267604 0.0104191 -1.20928e-07 -1.07373e-09 -1.20928e-07 1.03546e-06 
198
0
0
0.000778799
0.00692294 -0.000238964 3.624e-09 -0.000238964 0.0104186 -1.20932e-07 3.624e-09 -1.20932e-07 1.03546e-06 
199
0
0
-0.000401283
0.0070251 -0.000244986 4.0976e-09 -0.000244986 0.0104188 -1.20936e-07 4.0976e-09 -1.20936e-07 1.03546e-06 
200
0
0
0.000901699
0.00866026 -0.000241356 -1.62109e-09 -0.000241356 0.0104184 -1.20937e-07 -1.62109e-09 -1.20937e-07 1.03546e-06 
201
0
0
0.000316209
0.00746665 -0.00025202 3.77679e-09 -0.00025202 0.0104189 -1.20935e-07 3.77679e-09 -1.20935e-07 1.03546e-06 
202
0
0
-0.000222159
0.00884206 -0.000245528 -1.83436e-09 -0.000245528 0.0104186 -1.20938e-07 -1.83436e-09 -1.20938e-07 1.03546e-06 
203
0
0
0.000509338
0.00751081 -0.000253762 3.78093e-09 -0.000253762 0.010419 -1.20935e-07 3.78093e-09 -1.20935e-07 1.03546e-06 
204
0
0
0.000285728
0.00886015 -0.000246313 -1.84505e-09 -0.000246313 0.0104186 -1.20937e-07 -1.84505e-09 -1.20937e-07 1.03546e-06 
205
0
0
0.000161898
0.00751519 -0.000254042 3.78642e-09 -0.000254042 0.010419 -1.20935e-07 3.78642e-09 -1.20935e-07 1.03546e-06 
206
0
0
-7.64063e-05
0.0065325 -0.000230576 3.82716e-09 -0.000230576 0.0104184 -1.20927e-07 3.82716e-09 -1.20927e-07 1.03546e-06 
207
0
0
0.000403963
0.00941586 -0.000262718 -9.47325e-10 -0.000262718 0.010419 -1.20925e-07 -9.47325e-10 -1.20925e-07 1.03546e-06 
208
0
0
0.00157803
0.00689135 -0.000237408 3.61536e-09 -0.000237408 0.0104185 -1.20927e-07 3.61536e-09 -1.20927e-07 1.03546e-06 
209
0
0
0.000313784
0.00959631 -0.000267681 -1.05785e-09 -0.000267681 0.0104191 -1.20926e-07 -1.05785e-09 -1.20926e-07 1.03546e-06 
210
0
0
0.000500543
0.00692295 -0.000238984 3.62938e-09 -0.000238984 0.0104186 -1.20925e-07 3.62938e-09 -1.20925e-07 1.03546e-06 
211
0
0
0.000745932
0.0096121 -0.00026846 -1.06655e-09 -0.00026846 0.0104192 -1.20923e-07 -1.06655e-09 -1.20923e-07 1.03546e-06 
212
0
0
0.000303277
0.0069257 -0.000239205 3.63222e-09 -0.000239205 0.0104186 -1.20923e-07 3.63222e-09 -1.20923e-07 1.03546e-06 
213
0
0
-0.000648196
0.00702583 -0.000245054 4.09928e-09 -0.000245054 0.0104188 -1.20928e-07 4.09928e-09 -1.20928e-07 1.03546e-06 
214
0
0
0.000870553
0.00866056 -0.000241376 -1.62064e-09 -0.000241376 0.0104185 -1.2093e-07 -1.62064e-09 -1.2093e-07 1.03546e-06 
215
0
0
0.000142215
0.00746673 -0.000252026 3.77792e-09 -0.000252026 0.0104189 -1.20926e-07 3.77792e-09 -1.20926e-07 1.03546e-06 
216
0
0
0.000143039
0.00884209 -0.000245525 -1.83258e-09 -0.000245525 0.0104186 -1.2093e-07 -1.83258e-09 -1.2093e-07 1.03546e-06 
217
0
0
0.000504117
0.00751082 -0.000253766 3.78295e-09 -0.000253766 0.010419 -1.20927e-07 3.78295e-09 -1.20927e-07 1.03546e-06 
218
0
0
0.000213883
0.00886015 -0.000246314 -1.8436e-09 -0.000246314 0.0104186 -1.20931e-07 -1.8436e-09 -1.20931e-07 1.03546e-06 
219
0
0
-9.87583e-06
0.00751519 -0.000254041 3.78721e-09 -0.000254041 0.010419 -1.20928e-07 3.78721e-09 -1.20928e-07 1.03546e-06 
220
0
0
-0.000331959
0.0065325 -0.000230572 3.82765e-09 -0.000230572 0.0104184 -1.20921e-07 3.82765e-09 -1.20921e-07 1.03546e-06 
221
0
0
0.000284285
0.00941585 -0.000262707 -9.46895e-10 -0.000262707 0.010419 -1.20921e-07 -9.46895e-10 -1.20921e-07 1.03546e-06 
222
0
0
-0.000106164
0.00689135 -0.000237404 3.61568e-09 -0.000237404 0.0104185 -1.20921e-07 3.61568e-09 -1.20921e-07 1.03546e-06 
223
0
0
-0.000435167
0.00959629 -0.00026762 -1.06378e-09 -0.00026762 0.0104191 -1.20922e-07 -1.06378e-09 -1.20922e-07 1.03546e-06 
224
0
0
0.000315894
0.00692294 -0.000238966 3.62781e-09 -0.000238966 0.0104186 -1.20923e-07 3.62781e-09 -1.20923e-07 1.03546e-06 
225
0
0
-4.96319e-06
0.0070251 -0.000244975 4.10065e-09 -0.000244975 0.0104188 -1.20929e-07 4.10065e-09 -1.20929e-07 1.03546e-06 
226
0
0
-0.000361874
0.00866026 -0.000241364 -1.61309e-09 -0.000241364 0.0104184 -1.20931e-07 -1.61309e-09 -1.20931e-07 1.03546e-06 
227
0
0
-8.05199e-06
0.00746665 -0.000252007 3.77685e-09 -0.000252007 0.0104189 -1.20929e-07 3.77685e-09 -1.20929e-07 1.03546e-06 
228
0
0
-0.00156035
0.00884206 -0.000245514 -1.83102e-09 -0.000245514 0.0104186 -1.20933e-07 -1.83102e-09 -1.20933e-07 1.03546e-06 
229
0
0
-0.000975497
0.00751081 -0.000253744 3.77876e-09 -0.000253744 0.010419 -1.20931e-07 3.77876e-09 -1.20931e-07 1.03546e-06 
230
0
0
-0.000286757
0.00886014 -0.000246268 -1.84995e-09 -0.000246268 0.0104186 -1.20934e-07 -1.84995e-09 -1.20934e-07 1.03546e-06 
231
0
0
-0.00020699
0.00751518 -0.000254024 3.78444e-09 -0.000254024 0.010419 -1.20932e-07 3.78444e-09 -1.20932e-07 1.03546e-06 
232
0
0
0.000534973
0.0065325 -0.000230564 3.82634e-09 -0.000230564 0.0104184 -1.20924e-07 3.82634e-09 -1.20924e-07 1.03546e-06 
233
0
0
0.000136869
0.00941586 -0.000262738 -9.43532e-10 -0.000262738 0.010419 -1.20923e-07 -9.43532e-10 -1.20923e-07 1.03546e-06 
234
0
0
0.000324828
0.00689135 -0.000237411 3.61578e-09 -0.000237411 0.0104185 -1.20922e-07 3.61578e-09 -1.20922e-07 1.03546e-06 
235
0
0
3.93801e-05
0.0095963 -0.000267638 -1.06197e-09 -0.000267638 0.0104191 -1.20922e-07 -1.06197e-09 -1.20922e-07 1.03546e-06 
236
0
0
-0.000268772
0.00692295 -0.000238973 3.62924e-09 -0.000238973 0.0104186 -1.20923e-07 3.62924e-09 -1.20923e-07 1.03546e-06 
237
0
0
0.000796193
0.0096121 -0.000268429 -1.06746e-09 -0.000268429 0.0104192 -1.20922e-07 -1.06746e-09 -1.20922e-07 1.03546e-06 
238
0
0
0.000145713
0.0069257 -0.000239198 3.63372e-09 -0.000239198 0.0104186 -1.20923e-07 3.63372e-09 -1.20923e-07 1.03546e-06 
239
0
0
-0.000926694
0.00702583 -0.000245048 4.10142e-09 -0.000245048 0.0104188 -1.20928e-07 4.10142e-09 -1.20928e-07 1.03546e-06 
240
0
0
0.000249676
0.00866056 -0.000241365 -1.61773e-09 -0.000241365 0.0104185 -1.2093e-07 -1.61773e-09 -1.2093e-07 1.03546e-06 
241
0
0
0.000653583
0.00746672 -0.000252016 3.7783e-09 -0.000252016 0.0104189 -1.20926e-07 3.7783e-09 -1.20926e-07 1.03546e-06 
242
0
0
-0.000366472
0.00884209 -0.000245535 -1.83288e-09 -0.000245535 0.0104186 -1.2093e-07 -1.83288e-09 -1.2093e-07 1.03546e-06 
243
0
0
-0.000123445
0.00751082 -0.000253763 3.77794e-09 -0.000253763 0.010419 -1.20927e-07 3.77794e-09 -1.20927e-07 1.03546e-06 
244
0
0
-0.000251863
0.00653162 -0.000230488 3.82034e-09 -0.000230488 0.0104184 -1.2092e-07 3.82034e-09 -1.2092e-07 1.03546e-06 
245
0
0
-0.000111945
0.00941541 -0.000262671 -9.57964e-10 -0.000262671 0.010419 -1.20919e-07 -9.57964e-10 -1.20919e-07 1.03546e-06 
246
0
0
-0.0012975
0.00689127 -0.000237392 3.60793e-09 -0.000237392 0.0104185 -1.20919e-07 3.60793e-09 -1.20919e-07 1.03546e-06 
247
0
0
-0.00102963
0.00959625 -0.000267572 -1.08318e-09 -0.000267572 0.0104191 -1.20921e-07 -1.08318e-09 -1.20921e-07 1.03546e-06 
248
0
0
0.000590329
0.00692293 -0.000238952 3.61752e-09 -0.000238952 0.0104186 -1.20922e-07 3.61752e-09 -1.20922e-07 1.03546e-06 
249
0
0
-0.00041174
0.0096121 -0.000268451 -1.07785e-09 -0.000268451 0.0104192 -1.20921e-07 -1.07785e-09 -1.20921e-07 1.03546e-06 
250
0
0
0.000592848
0.00692569 -0.000239197 3.62348e-09 -0.000239197 0.0104186 -1.20922e-07 3.62348e-09 -1.20922e-07 1.03546e-06 
251
0
0
0.000321467
0.00702583 -0.000245059 4.09507e-09 -0.000245059 0.0104188 -1.20929e-07 4.09507e-09 -1.20929e-07 1.03546e-06 
252
0
0
9.31753e-05
0.00866057 -0.000241407 -1.62137e-09 -0.000241407 0.0104185 -1.20932e-07 -1.62137e-09 -1.20932e-07 1.03546e-06 
253
0
0
-0.000528119
0.00746672 -0.000252025 3.77272e-09 -0.000252025 0.0104189 -1.2093e-07 3.77272e-09 -1.2093e-07 1.03546e-06 
254
0
0
0.000252884
0.00884209 -0.000245507 -1.84052e-09 -0.000245507 0.0104186 -1.20935e-07 -1.84052e-09 -1.20935e-07 1.03546e-06 
255
0
0
-0.000113664
0.00751082 -0.000253762 3.77969e-09 -0.000253762 0.010419 -1.20933e-07 3.77969e-09 -1.20933e-07 1.03546e-06 
256
0
0
-0.000298525
0.00886015 -0.000246297 -1.85133e-09 -0.000246297 0.0104186 -1.20935e-07 -1.85133e-09 -1.20935e-07 1.03546e-06 
257
0
0
0.000131103
0.00751519 -0.000254031 3.78089e-09 -0.000254031 0.010419 -1.20933e-07 3.78089e-09 -1.20933e-07 1.03546e-06 
258
0
0
-0.000156541
0.0065325 -0.000230572 3.82403e-09 -0.000230572 0.0104184 -1.20926e-07 3.82403e-09 -1.20926e-07 1.03546e-06 
259
0
0
-0.000530636
0.00941586 -0.000262714 -9.52842e-10 -0.000262714 0.010419 -1.20923e-07 -9.52842e-10 -1.20923e-07 1.03546e-06 
260
0
0
-0.000581585
0.00689135 -0.000237401 3.60948e-09 -0.000237401 0.0104185 -1.20924e-07 3.60948e-09 -1.20924e-07 1.03546e-06 
261
0
0
0.00034159
0.00959629 -0.000267602 -1.07463e-09 -0.000267602 0.0104191 -1.20924e-07 -1.07463e-09 -1.20924e-07 1.03546e-06 
262
0
0
-0.000359411
0.00692294 -0.000238966 3.62525e-09 -0.000238966 0.0104186 -1.20925e-07 3.62525e-09 -1.20925e-07 1.03546e-06 
263
0
0
-0.000250644
0.0070251 -0.000244958 4.09278e-09 -0.000244958 0.0104188 -1.2093e-07 4.09278e-09 -1.2093e-07 1.03546e-06 
264
0
0
-0.00012879
0.00866026 -0.000241351 -1.62332e-09 -0.000241351 0.0104184 -1.20932e-07 -1.62332e-09 -1.20932e-07 1.03546e-06 
265
0
0
-0.00100903
0.00746665 -0.000252006 3.7717e-09 -0.000252006 0.0104189 -1.20929e-07 3.7717e-09 -1.20929e-07 1.03546e-06 
266
0
0
-0.000322735
0.00884205 -0.000245488 -1.84353e-09 -0.000245488 0.0104186 -1.20933e-07 -1.84353e-09 -1.20933e-07 1.03546e-06 
267
0
0
-0.000571418
0.00751081 -0.00025375 3.7751e-09 -0.00025375 0.010419 -1.20934e-07 3.7751e-09 -1.20934e-07 1.03546e-06 
268
0
0
0.000496131
0.00886014 -0.000246281 -1.85897e-09 -0.000246281 0.0104186 -1.20938e-07 -1.85897e-09 -1.20938e-07 1.03546e-06 
269
0
0
0.000200159
0.00751519 -0.000254035 3.77887e-09 -0.000254035 0.010419 -1.20937e-07 3.77887e-09 -1.20937e-07 1.03546e-06 
270
0
0
0.00105552
0.0065325 -0.000230575 3.82079e-09 -0.000230575 0.0104184 -1.20929e-07 3.82079e-09 -1.20929e-07 1.03546e-06 
271
0
0
-0.000457824
0.00941586 -0.000262762 -9.54108e-10 -0.000262762 0.010419 -1.20927e-07 -9.54108e-10 -1.20927e-07 1.03546e-06 
272
0
0
-0.000326085
0.00689135 -0.000237413 3.60648e-09 -0.000237413 0.0104185 -1.2093e-07 3.60648e-09 -1.2093e-07 1.03546e-06 
273
0
0
0.000168159
0.00959629 -0.000267615 -1.08073e-09 -0.000267615 0.0104191 -1.2093e-07 -1.08073e-09 -1.2093e-07 1.03546e-06 
274
0
0
0.000632404
0.00692295 -0.000238968 3.62099e-09 -0.000238968 0.0104186 -1.20933e-07 3.62099e-09 -1.20933e-07 1.03546e-06 
275
0
0
0.000897828
0.0096121 -0.000268459 -1.07944e-09 -0.000268459 0.0104192 -1.2093e-07 -1.07944e-09 -1.2093e-07 1.03546e-06 
276
0
0
2.31498e-05
0.0069257 -0.000239205 3.62574e-09 -0.000239205 0.0104186 -1.20933e-07 3.62574e-09 -1.20933e-07 1.03546e-06 
277
0
0
-0.000956534
0.00702583 -0.000245047 4.08985e-09 -0.000245047 0.0104188 -1.20936e-07 4.08985e-09 -1.20936e-07 1.03546e-06 
278
0
0
0.000444815
0.00866056 -0.000241364 -1.63508e-09 -0.000241364 0.0104185 -1.20937e-07 -1.63508e-09 -1.20937e-07 1.03546e-06 
279
0
0
0.000181728
0.00746672 -0.000252018 3.76656e-09 -0.000252018 0.0104189 -1.20935e-07 3.76656e-09 -1.20935e-07 1.03546e-06 
280
0
0
-0.000120891
0.00884209 -0.000245523 -1.84659e-09 -0.000245523 0.0104186 -1.20938e-07 -1.84659e-09 -1.20938e-07 1.03546e-06 
281
0
0
-1.70361e-05
0.00751082 -0.000253762 3.7723e-09 -0.000253762 0.010419 -1.20936e-07 3.7723e-09 -1.20936e-07 1.03546e-06 
282
0
0
-0.0006727
0.00886015 -0.000246299 -1.86096e-09 -0.000246299 0.0104186 -1.20939e-07 -1.86096e-09 -1.20939e-07 1.03546e-06 
283
0
0
-1.31463e-05
0.00751518 -0.000254028 3.77033e-09 -0.000254028 0.010419 -1.20935e-07 3.77033e-09 -1.20935e-07 1.03546e-06 
284
0
0
6.39007e-05
0.0065325 -0.000230569 3.81473e-09 -0.000230569 0.0104184 -1.20927e-07 3.81473e-09 -1.20927e-07 1.03546e-06 
285
0
0
0.000472713
0.00941586 -0.000262721 -9.67797e-10 -0.000262721 0.010419 -1.20925e-07 -9.67797e-10 -1.20925e-07 1.03546e-06 
286
0
0
0.000310851
0.00689135 -0.000237409 3.60428e-09 -0.000237409 0.0104185 -1.20928e-07 3.60428e-09 -1.20928e-07 1.03546e-06 
287
0
0
-0.000159494
0.0095963 -0.000267636 -1.08492e-09 -0.000267636 0.0104191 -1.20927e-07 -1.08492e-09 -1.20927e-07 1.03546e-06 
288
0
0
-0.000442562
0.00692295 -0.000238972 3.61626e-09 -0.000238972 0.0104186 -1.2093e-07 3.61626e-09 -1.2093e-07 1.03546e-06 
289
0
0
-0.000151905
0.0070251 -0.000244957 4.08223e-09 -0.000244957 0.0104188 -1.20935e-07 4.08223e-09 -1.20935e-07 1.03546e-06 
290
0
0
8.06567e-05
0.00866026 -0.000241354 -1.64098e-09 -0.000241354 0.0104184 -1.20935e-07 -1.64098e-09 -1.20935e-07 1.03546e-06 
291
0
0
0.000594219
0.00746665 -0.000252009 3.75824e-09 -0.000252009 0.0104189 -1.20931e-07 3.75824e-09 -1.20931e-07 1.03546e-06 
292
0
0
0.000479155
0.00884206 -0.000245531 -1.8569e-09 -0.000245531 0.0104186 -1.20934e-07 -1.8569e-09 -1.20934e-07 1.03546e-06 
293
0
0
0.000497355
0.00751081 -0.000253771 3.76571e-09 -0.000253771 0.010419 -1.20932e-07 3.76571e-09 -1.20932e-07 1.03546e-06 
294
0
0
-0.000184735
0.00886015 -0.000246316 -1.87075e-09 -0.000246316 0.0104186 -1.20935e-07 -1.87075e-09 -1.20935e-07 1.03546e-06 
295
0
0
0.00011534
0.00751519 -0.000254038 3.76567e-09 -0.000254038 0.010419 -1.20932e-07 3.76567e-09 -1.20932e-07 1.03546e-06 
296
0
0
-0.000329809
0.0065325 -0.000230574 3.81075e-09 -0.000230574 0.0104184 -1.20925e-07 3.81075e-09 -1.20925e-07 1.03546e-06 
297
0
0
-0.000127234
0.00941585 -0.000262708 -9.7756e-10 -0.000262708 0.010419 -1.20924e-07 -9.7756e-10 -1.20924e-07 1.03546e-06 
298
0
0
-4.49454e-05
0.00689135 -0.000237402 3.59763e-09 -0.000237402 0.0104185 -1.20925e-07 3.59763e-09 -1.20925e-07 1.03546e-06 
299
0
0
-0.000830987
0.00959629 -0.000267621 -1.09743e-09 -0.000267621 0.0104191 -1.20924e-07 -1.09743e-09 -1.20924e-07 1.03546e-06 
300
0
0
0.000759334
0.00692294 -0.000238965 3.60751e-09 -0.000238965 0.0104186 -1.20925e-07 3.60751e-09 -1.20925e-07 1.03546e-06 
301
0
0
0.000318744
0.0070251 -0.000244985 4.07788e-09 -0.000244985 0.0104188 -1.2093e-07 4.07788e-09 -1.2093e-07 1.03546e-06 
302
0
0
-0.000147303
0.00866027 -0.000241378 -1.64633e-09 -0.000241378 0.0104184 -1.20931e-07 -1.64633e-09 -1.20931e-07 1.03546e-06 
303
0
0
-0.0011928
0.00746665 -0.000252013 3.7526e-09 -0.000252013 0.0104189 -1.20928e-07 3.7526e-09 -1.20928e-07 1.03546e-06 
304
0
0
-0.00046668
0.00884205 -0.000245485 -1.87167e-09 -0.000245485 0.0104186 -1.20932e-07 -1.87167e-09 -1.20932e-07 1.03546e-06 
305
0
0
0.000200569
0.00751081 -0.000253748 3.75634e-09 -0.000253748 0.010419 -1.20929e-07 3.75634e-09 -1.20929e-07 1.03546e-06 
306
0
0
0.000834409
0.00886015 -0.0002463 -1.87944e-09 -0.0002463 0.0104186 -1.20933e-07 -1.87944e-09 -1.20933e-07 1.03546e-06 
307
0
0
8.63094e-05
0.00751519 -0.000254044 3.76445e-09 -0.000254044 0.010419 -1.2093e-07 3.76445e-09 -1.2093e-07 1.03546e-06 
308
0
0
0.000285863
0.0065325 -0.000230575 3.80476e-09 -0.000230575 0.0104184 -1.2092e-07 3.80476e-09 -1.2092e-07 1.03546e-06 
309
0
0
-0.000833538
0.00941586 -0.000262732 -9.89093e-10 -0.000262732 0.010419 -1.20918e-07 -9.89093e-10 -1.20918e-07 1.03546e-06 
310
0
0
-0.000163131
0.00689135 -0.000237404 3.5867e-09 -0.000237404 0.0104185 -1.20917e-07 3.5867e-09 -1.20917e-07 1.03546e-06 
311
0
0
0.000120563
0.00959629 -0.000267617 -1.11485e-09 -0.000267617 0.0104191 -1.20918e-07 -1.11485e-09 -1.20918e-07 1.03546e-06 
312
0
0
0.000551951
