0
0
0
-2.19133e-05
0.00632101 -7.4489e-05 1.27403e-08 -7.4489e-05 0.00654249 -1.41748e-07 1.27403e-08 -1.41748e-07 1.21855e-06 
1
0
0
-0.000472233
0.00930524 -0.000181497 -1.68475e-09 -0.000181497 0.00905159 -1.83812e-07 -1.68475e-09 -1.83812e-07 1.0366e-06 
2
0
0
-0.00118601
0.01077 -0.000257594 -2.73493e-09 -0.000257594 0.00996566 -2.07391e-07 -2.73493e-09 -2.07391e-07 1.037e-06 
3
0.0517326
0
0.00028579
0.0114637 -0.000299641 -2.24144e-09 -0.000299641 0.010272 -2.1786e-07 -2.24144e-09 -2.1786e-07 1.03729e-06 
4
0.0570151
0
3.39643e-05
0.01179 -0.000320666 -1.77107e-09 -0.000320666 0.0103719 -2.23115e-07 -1.77107e-09 -2.23115e-07 1.03691e-06 
5
0.0601416
0
-0.000386079
0.0119435 -0.000330615 -1.53608e-09 -0.000330615 0.0104043 -2.26526e-07 -1.53608e-09 -2.26526e-07 1.03652e-06 
6
0.0621453
0
0.000398417
0.0120158 -0.000335302 -1.34691e-09 -0.000335302 0.010415 -2.29249e-07 -1.34691e-09 -2.29249e-07 1.03621e-06 
7
0.0633933
0
-0.000202853
0.0120501 -0.000323303 -9.39321e-09 -0.000323303 0.0104188 -2.31842e-07 -9.39321e-09 -2.31842e-07 1.03597e-06 
8
0.0644443
0
-0.000136574
0.0120663 -0.000318827 -1.07295e-08 -0.000318827 0.0104201 -2.34072e-07 -1.07295e-08 -2.34072e-07 1.03578e-06 
9
0.0642725
0
0.000577562
0.012074 -0.000326698 -5.38184e-09 -0.000326698 0.0104202 -2.35893e-07 -5.38184e-09 -2.35893e-07 1.03564e-06 
10
0.0644595
0
0.000351025
0.0120777 -0.000329733 -4.40994e-09 -0.000329733 0.0104204 -2.37737e-07 -4.40994e-09 -2.37737e-07 1.03554e-06 
11
0.0644312
0
-0.00077472
0.0120794 -0.000334621 -2.00907e-09 -0.000334621 0.0104205 -2.39431e-07 -2.00907e-09 -2.39431e-07 1.03546e-06 
12
0.0644957
0
-0.00156852
0.0120803 -0.00033652 -1.54695e-09 -0.00033652 0.0104207 -2.40984e-07 -1.54695e-09 -2.40984e-07 1.0354e-06 
13
0.0645892
0
-0.00156455
0.0120808 -0.000337395 -1.34046e-09 -0.000337395 0.0104208 -2.4239e-07 -1.34046e-09 -2.4239e-07 1.03536e-06 
14
0.0648916
0
-0.00114453
0.0120811 -0.000337735 -1.25639e-09 -0.000337735 0.0104209 -2.43658e-07 -1.25639e-09 -2.43658e-07 1.03533e-06 
15
0.0651665
0
-0.000350862
0.0120814 -0.000332031 -4.64683e-09 -0.000332031 0.010421 -2.44819e-07 -4.64683e-09 -2.44819e-07 1.03531e-06 
16
0.065308
0
-0.00111043
0.0120816 -0.00032984 -5.1822e-09 -0.00032984 0.010421 -2.4584e-07 -5.1822e-09 -2.4584e-07 1.03529e-06 
17
0.0637607
0
0.000743309
0.0120817 -0.000326363 -6.8296e-09 -0.000326363 0.0104212 -2.46795e-07 -6.8296e-09 -2.46795e-07 1.03529e-06 
18
0.0631909
0
0.000647806
0.0120818 -0.000325005 -7.06991e-09 -0.000325005 0.0104212 -2.47615e-07 -7.06991e-09 -2.47615e-07 1.03528e-06 
19
0.0631257
0
6.26301e-05
0.0120817 -0.000315857 -1.22389e-08 -0.000315857 0.0104217 -2.48627e-07 -1.22389e-08 -2.48627e-07 1.03528e-06 
20
0.0631742
0
0.000576237
0.0120816 -0.000312367 -1.31073e-08 -0.000312367 0.0104218 -2.49309e-07 -1.31073e-08 -2.49309e-07 1.03528e-06 
21
0.0630326
0
-0.00117942
0.0120815 -0.00030943 -1.42034e-08 -0.00030943 0.010422 -2.49961e-07 -1.42034e-08 -2.49961e-07 1.03528e-06 
22
0.0633198
0
-0.000272804
0.0120814 -0.000308334 -1.43965e-08 -0.000308334 0.0104221 -2.50473e-07 -1.43965e-08 -2.50473e-07 1.03528e-06 
23
0.0638237
0
-0.00081575
0.0120816 -0.00031162 -1.21895e-08 -0.00031162 0.0104218 -2.50739e-07 -1.21895e-08 -2.50739e-07 1.03528e-06 
24
0.0639394
0
-0.00342559
0.0120816 -0.000312886 -1.18113e-08 -0.000312886 0.0104217 -2.51102e-07 -1.18113e-08 -2.51102e-07 1.03529e-06 
25
0.0666395
0
0.000121219
0.0120814 -0.000328408 -2.75173e-09 -0.000328408 0.0104213 -2.51144e-07 -2.75173e-09 -2.51144e-07 1.03529e-06 
26
0.0681296
0
0.00153368
0.0120815 -0.000334286 -1.17899e-09 -0.000334286 0.0104212 -2.51417e-07 -1.17899e-09 -2.51417e-07 1.03529e-06 
27
0.0692054
0
4.37952e-05
0.0120815 -0.00033704 -5.58333e-10 -0.00033704 0.0104213 -2.51678e-07 -5.58333e-10 -2.51678e-07 1.03529e-06 
28
0.0697076
0
-5.33694e-05
0.0120816 -0.000338118 -4.47593e-10 -0.000338118 0.0104213 -2.51906e-07 -4.47593e-10 -2.51906e-07 1.0353e-06 
29
0.0698704
0
0.000847469
0.0120818 -0.000332572 -4.0093e-09 -0.000332572 0.0104214 -2.52119e-07 -4.0093e-09 -2.52119e-07 1.0353e-06 
30
0.0702517
0
4.42102e-05
0.0120819 -0.000330438 -4.6012e-09 -0.000330438 0.0104214 -2.52294e-07 -4.6012e-09 -2.52294e-07 1.0353e-06 
31
0.070698
0
-0.000329722
0.0120816 -0.000336794 -3.9633e-10 -0.000336794 0.0104213 -2.52436e-07 -3.9633e-10 -2.52436e-07 1.0353e-06 
32
0.0712156
0
-0.000881519
0.0120815 -0.000339229 3.15725e-10 -0.000339229 0.0104214 -2.52575e-07 3.15725e-10 -2.52575e-07 1.03531e-06 
33
0.0710015
0
-0.000489089
0.0120818 -0.000328893 -6.35511e-09 -0.000328893 0.0104216 -2.52764e-07 -6.35511e-09 -2.52764e-07 1.03531e-06 
34
0.0708686
0
0.000267106
0.0120819 -0.000324935 -7.47334e-09 -0.000324935 0.0104215 -2.52878e-07 -7.47334e-09 -2.52878e-07 1.03531e-06 
35
0.0706295
0
0.000534584
0.0120819 -0.000325403 -6.45746e-09 -0.000325403 0.0104214 -2.52928e-07 -6.45746e-09 -2.52928e-07 1.03531e-06 
36
0.0711073
0
0.00111874
0.0120819 -0.000325578 -6.27925e-09 -0.000325578 0.0104214 -2.53002e-07 -6.27925e-09 -2.53002e-07 1.03531e-06 
37
0.0712828
0
-0.00192708
0.0120817 -0.000332792 -1.91955e-09 -0.000332792 0.0104213 -2.5301e-07 -1.91955e-09 -2.5301e-07 1.03532e-06 
38
0.0714843
0
0.000553565
0.0120817 -0.000335598 -1.19739e-09 -0.000335598 0.0104213 -2.53068e-07 -1.19739e-09 -2.53068e-07 1.03532e-06 
39
0.0717121
0
0.000169462
0.0120817 -0.000335051 -2.00623e-09 -0.000335051 0.0104214 -2.53118e-07 -2.00623e-09 -2.53118e-07 1.03532e-06 
40
0.0718064
0
-0.00216513
0.0120818 -0.000334849 -2.14166e-09 -0.000334849 0.0104214 -2.53161e-07 -2.14166e-09 -2.53161e-07 1.03532e-06 
41
0.0727117
0
-0.000612744
0.0120815 -0.000339174 4.53307e-10 -0.000339174 0.0104214 -2.53221e-07 4.53307e-10 -2.53221e-07 1.03532e-06 
42
0.0737969
0
-0.000831937
0.0120815 -0.000340802 9.12293e-10 -0.000340802 0.0104215 -2.5326e-07 9.12293e-10 -2.5326e-07 1.03532e-06 
43
0.0740879
0
0.000508822
0.0120818 -0.000328171 -7.00136e-09 -0.000328171 0.0104217 -2.53382e-07 -7.00136e-09 -2.53382e-07 1.03532e-06 
44
0.0742138
0
-0.000336836
0.0120819 -0.000323319 -8.33228e-09 -0.000323319 0.0104216 -2.53424e-07 -8.33228e-09 -2.53424e-07 1.03532e-06 
45
0.0748443
0
-0.00147806
0.0120819 -0.000322936 -7.69253e-09 -0.000322936 0.0104215 -2.53412e-07 -7.69253e-09 -2.53412e-07 1.03532e-06 
46
0.0752332
0
-0.00160755
0.0120819 -0.000322807 -7.59721e-09 -0.000322807 0.0104215 -2.53426e-07 -7.59721e-09 -2.53426e-07 1.03532e-06 
47
0.0753282
0
-0.00130888
0.0120819 -0.000323825 -6.93891e-09 -0.000323825 0.0104215 -2.53417e-07 -6.93891e-09 -2.53417e-07 1.03532e-06 
48
0.0757885
0
-0.000944028
0.0120819 -0.000324209 -6.82233e-09 -0.000324209 0.0104214 -2.53428e-07 -6.82233e-09 -2.53428e-07 1.03532e-06 
49
0.075886
0
0.000378485
0.0120819 -0.000319437 -9.76408e-09 -0.000319437 0.0104217 -2.53577e-07 -9.76408e-09 -2.53577e-07 1.03532e-06 
50
0.0759066
0
0.000248221
0.0120818 -0.000317591 -1.0252e-08 -0.000317591 0.0104217 -2.53606e-07 -1.0252e-08 -2.53606e-07 1.03532e-06 
51
0.0765117
0
0.000722904
0.0120817 -0.000326978 -4.24605e-09 -0.000326978 0.0104213 -2.53404e-07 -4.24605e-09 -2.53404e-07 1.03532e-06 
52
0.0767256
0
0.000836761
0.0120818 -0.000330559 -3.22324e-09 -0.000330559 0.0104213 -2.53393e-07 -3.22324e-09 -2.53393e-07 1.03532e-06 
53
0.0764805
0
-0.000693195
0.0120818 -0.000319313 -1.06538e-08 -0.000319313 0.0104218 -2.53692e-07 -1.06538e-08 -2.53692e-07 1.03532e-06 
54
0.0765916
0
-0.00105655
0.0120817 -0.000315036 -1.19241e-08 -0.000315036 0.0104219 -2.53744e-07 -1.19241e-08 -2.53744e-07 1.03532e-06 
55
0.0771877
0
0.000469098
0.0120818 -0.000319379 -8.5495e-09 -0.000319379 0.0104216 -2.5355e-07 -8.5495e-09 -2.5355e-07 1.03532e-06 
56
0.0777472
0
-0.00110464
0.0120818 -0.000321015 -7.97243e-09 -0.000321015 0.0104215 -2.5353e-07 -7.97243e-09 -2.5353e-07 1.03532e-06 
57
0.0789819
0
-0.00116178
0.0120818 -0.000323526 -6.75717e-09 -0.000323526 0.0104214 -2.53487e-07 -6.75717e-09 -2.53487e-07 1.03532e-06 
58
0.0799313
0
0.00103168
0.0120819 -0.000324487 -6.54737e-09 -0.000324487 0.0104214 -2.53482e-07 -6.54737e-09 -2.53482e-07 1.03532e-06 
59
0.0807773
0
-7.25259e-05
0.0120816 -0.000333575 -1.20626e-09 -0.000333575 0.0104213 -2.53421e-07 -1.20626e-09 -2.53421e-07 1.03532e-06 
60
0.0811668
0
-0.000260636
0.0120816 -0.000337067 -3.05009e-10 -0.000337067 0.0104214 -2.53423e-07 -3.05009e-10 -2.53423e-07 1.03532e-06 
61
0.0815303
0
0.000523995
0.0120818 -0.000332175 -3.91077e-09 -0.000332175 0.0104214 -2.53438e-07 -3.91077e-09 -2.53438e-07 1.03532e-06 
62
0.0821308
0
3.94352e-05
0.0120819 -0.000330292 -4.51699e-09 -0.000330292 0.0104214 -2.53439e-07 -4.51699e-09 -2.53439e-07 1.03532e-06 
63
0.0822445
0
1.43554e-05
0.0120816 -0.000337268 1.44103e-11 -0.000337268 0.0104214 -2.53434e-07 1.44103e-11 -2.53434e-07 1.03532e-06 
64
0.0824319
0
-0.000232053
0.0120815 -0.000339934 7.79949e-10 -0.000339934 0.0104214 -2.53443e-07 7.79949e-10 -2.53443e-07 1.03532e-06 
65
0.0807044
0
-0.000617265
0.0120814 -0.000342279 1.71e-09 -0.000342279 0.0104215 -2.53465e-07 1.71e-09 -2.53465e-07 1.03532e-06 
66
0.079698
0
-0.000429834
0.0120814 -0.000343181 1.8608e-09 -0.000343181 0.0104216 -2.53475e-07 1.8608e-09 -2.53475e-07 1.03532e-06 
67
0.0795651
0
-0.000384759
0.0120814 -0.000342332 1.16485e-09 -0.000342332 0.0104215 -2.53463e-07 1.16485e-09 -2.53463e-07 1.03532e-06 
68
0.0795716
0
0.00046598
0.0120815 -0.000342007 1.04507e-09 -0.000342007 0.0104215 -2.53461e-07 1.04507e-09 -2.53461e-07 1.03532e-06 
69
0.0795089
0
0.000598311
0.0120815 -0.000342268 1.2691e-09 -0.000342268 0.0104215 -2.53466e-07 1.2691e-09 -2.53466e-07 1.03532e-06 
70
0.079689
0
0.000656185
0.0120815 -0.000342366 1.30924e-09 -0.000342366 0.0104215 -2.53468e-07 1.30924e-09 -2.53468e-07 1.03532e-06 
71
0.0800175
0
0.000621181
0.0120814 -0.000343066 1.71643e-09 -0.000343066 0.0104216 -2.53478e-07 1.71643e-09 -2.53478e-07 1.03532e-06 
72
0.0801121
0
0.000185435
0.0120814 -0.000343334 1.78334e-09 -0.000343334 0.0104216 -2.53479e-07 1.78334e-09 -2.53479e-07 1.03532e-06 
73
0.0806169
0
0.000356232
0.0120815 -0.000342117 9.89516e-10 -0.000342117 0.0104215 -2.53462e-07 9.89516e-10 -2.53462e-07 1.03532e-06 
74
0.0807924
0
0.00123327
0.0120815 -0.000341649 8.62239e-10 -0.000341649 0.0104215 -2.53458e-07 8.62239e-10 -2.53458e-07 1.03532e-06 
75
0.0812147
0
0.00184435
0.0120814 -0.000342912 1.72823e-09 -0.000342912 0.0104215 -2.53477e-07 1.72823e-09 -2.53477e-07 1.03532e-06 
76
0.0815042
0
0.000483663
0.0120814 -0.000343385 1.88071e-09 -0.000343385 0.0104216 -2.5348e-07 1.88071e-09 -2.5348e-07 1.03532e-06 
77
0.0814255
0
-0.00181424
0.0120814 -0.000343059 1.58039e-09 -0.000343059 0.0104216 -2.53472e-07 1.58039e-09 -2.53472e-07 1.03532e-06 
78
0.0813954
0
-0.00011693
0.0120814 -0.000342971 1.50996e-09 -0.000342971 0.0104216 -2.53471e-07 1.50996e-09 -2.53471e-07 1.03532e-06 
79
0.0817116
0
0.00211647
0.0120818 -0.000332172 -4.97664e-09 -0.000332172 0.0104216 -2.53485e-07 -4.97664e-09 -2.53485e-07 1.03532e-06 
80
0.0819459
0
0.00120149
0.0120819 -0.000328007 -6.05962e-09 -0.000328007 0.0104215 -2.53488e-07 -6.05962e-09 -2.53488e-07 1.03532e-06 
81
0.0782172
0
0.00190939
0.0120814 -0.000338624 1.10899e-09 -0.000338624 0.0104214 -2.53476e-07 1.10899e-09 -2.53476e-07 1.03532e-06 
82
0.0765285
0
0.00038024
0.0120813 -0.000342671 2.33102e-09 -0.000342671 0.0104215 -2.53501e-07 2.33102e-09 -2.53501e-07 1.03532e-06 
83
0.0755808
0
2.5338e-05
0.0120811 -0.000346096 3.65699e-09 -0.000346096 0.0104216 -2.53551e-07 3.65699e-09 -2.53551e-07 1.03532e-06 
84
0.0755292
0
-6.26847e-05
0.0120811 -0.000347411 3.87898e-09 -0.000347411 0.0104217 -2.53563e-07 3.87898e-09 -2.53563e-07 1.03532e-06 
85
0.0755785
0
-0.000701852
0.0120812 -0.000346596 3.11852e-09 -0.000346596 0.0104217 -2.53536e-07 3.11852e-09 -2.53536e-07 1.03532e-06 
86
0.0753797
0
-0.000269805
0.0120812 -0.000346294 2.98461e-09 -0.000346294 0.0104217 -2.53531e-07 2.98461e-09 -2.53531e-07 1.03532e-06 
87
0.0755394
0
0.000245703
0.0120811 -0.000347891 4.00031e-09 -0.000347891 0.0104218 -2.5357e-07 4.00031e-09 -2.5357e-07 1.03532e-06 
88
0.0760593
0
0.00132843
0.0120811 -0.000348493 4.17345e-09 -0.000348493 0.0104218 -2.53577e-07 4.17345e-09 -2.53577e-07 1.03533e-06 
89
0.0733724
0
-0.00228325
0.0120813 -0.000345796 2.45507e-09 -0.000345796 0.0104217 -2.53515e-07 2.45507e-09 -2.53515e-07 1.03532e-06 
90
0.0724056
0
-0.000123208
0.0120813 -0.000344823 2.13565e-09 -0.000344823 0.0104217 -2.5351e-07 2.13565e-09 -2.5351e-07 1.03532e-06 
91
0.0723366
0
0.00149999
0.0120812 -0.000345872 2.96942e-09 -0.000345872 0.0104217 -2.53539e-07 2.96942e-09 -2.53539e-07 1.03532e-06 
92
0.0720736
0
-0.00136822
0.0120812 -0.000346247 3.12394e-09 -0.000346247 0.0104217 -2.53544e-07 3.12394e-09 -2.53544e-07 1.03532e-06 
93
0.07191
0
-0.000594547
0.0120813 -0.000345509 2.57392e-09 -0.000345509 0.0104217 -2.53527e-07 2.57392e-09 -2.53527e-07 1.03532e-06 
94
0.0724957
0
3.45862e-05
0.0120813 -0.000345214 2.48511e-09 -0.000345214 0.0104217 -2.53525e-07 2.48511e-09 -2.53525e-07 1.03532e-06 
95
0.0728446
0
-0.000486071
0.0120812 -0.000346412 3.27109e-09 -0.000346412 0.0104217 -2.53549e-07 3.27109e-09 -2.53549e-07 1.03532e-06 
96
0.0728247
0
-0.00175883
0.0120812 -0.000346878 3.40139e-09 -0.000346878 0.0104217 -2.53553e-07 3.40139e-09 -2.53553e-07 1.03532e-06 
97
0.0728626
0
-0.000210429
0.0120811 -0.000347346 3.57902e-09 -0.000347346 0.0104217 -2.5356e-07 3.57902e-09 -2.5356e-07 1.03532e-06 
98
0.0732628
0
0.000702013
0.0120811 -0.0003475 3.61918e-09 -0.0003475 0.0104217 -2.53562e-07 3.61918e-09 -2.53562e-07 1.03532e-06 
99
0.0735776
0
-0.00107763
0.0120811 -0.000348072 3.95397e-09 -0.000348072 0.0104218 -2.53574e-07 3.95397e-09 -2.53574e-07 1.03533e-06 
100
0.0735171
0
-0.00207894
0.0120811 -0.000348319 3.9993e-09 -0.000348319 0.0104218 -2.53575e-07 3.9993e-09 -2.53575e-07 1.03533e-06 
101
0.0734846
0
-0.00142115
0.0120812 -0.000321511 -1.22573e-08 -0.000321511 0.0104225 -2.53956e-07 -1.22573e-08 -2.53956e-07 1.03533e-06 
102
0.073665
0
-0.000501064
0.0120813 -0.000311242 -1.50178e-08 -0.000311242 0.0104225 -2.54047e-07 -1.50178e-08 -2.54047e-07 1.03533e-06 
103
0.0740415
0
0.00289692
0.0120808 -0.000334095 6.79543e-10 -0.000334095 0.0104217 -2.53565e-07 6.79543e-10 -2.53565e-07 1.03532e-06 
104
0.0746795
0
-7.41605e-05
0.0120809 -0.000342774 3.36262e-09 -0.000342774 0.0104216 -2.53557e-07 3.36262e-09 -2.53557e-07 1.03532e-06 
105
0.0719996
0
-0.000610376
0.0120815 -0.000331165 -5.21981e-09 -0.000331165 0.0104216 -2.53528e-07 -5.21981e-09 -2.53528e-07 1.03532e-06 
106
0.0704943
0
0.00392086
0.0120818 -0.000326735 -6.67294e-09 -0.000326735 0.0104216 -2.53535e-07 -6.67294e-09 -2.53535e-07 1.03532e-06 
107
0.0708957
0
0.00414761
0.0120818 -0.000328158 -4.97628e-09 -0.000328158 0.0104214 -2.53487e-07 -4.97628e-09 -2.53487e-07 1.03532e-06 
108
0.0713582
0
-0.000108185
0.0120819 -0.000328698 -4.68778e-09 -0.000328698 0.0104214 -2.53481e-07 -4.68778e-09 -2.53481e-07 1.03532e-06 
109
0.0704663
0
1.17094e-05
0.0120817 -0.000333876 -1.70112e-09 -0.000333876 0.0104213 -2.53455e-07 -1.70112e-09 -2.53455e-07 1.03532e-06 
110
0.0708103
0
-0.00106259
0.0120817 -0.000335853 -1.1956e-09 -0.000335853 0.0104214 -2.53459e-07 -1.1956e-09 -2.53459e-07 1.03532e-06 
111
0.0710319
0
-0.00362571
0.0120813 -0.000343384 2.96141e-09 -0.000343384 0.0104215 -2.53547e-07 2.96141e-09 -2.53547e-07 1.03532e-06 
112
0.0704555
0
-0.00269574
0.0120811 -0.000346303 3.63853e-09 -0.000346303 0.0104217 -2.53567e-07 3.63853e-09 -2.53567e-07 1.03532e-06 
113
0.0692124
0
-0.000837624
0.0120809 -0.000349385 4.95368e-09 -0.000349385 0.0104218 -2.53627e-07 4.95368e-09 -2.53627e-07 1.03533e-06 
114
0.0690342
0
0.000599076
0.0120809 -0.000350534 5.18886e-09 -0.000350534 0.0104219 -2.53641e-07 5.18886e-09 -2.53641e-07 1.03533e-06 
115
0.0680769
0
-0.000145554
0.0120809 -0.000349896 4.60862e-09 -0.000349896 0.0104219 -2.53614e-07 4.60862e-09 -2.53614e-07 1.03533e-06 
116
0.0673538
0
-0.00150408
0.012081 -0.000349664 4.50669e-09 -0.000349664 0.0104219 -2.53612e-07 4.50669e-09 -2.53612e-07 1.03533e-06 
117
0.0675428
0
-0.0010768
0.0120813 -0.000345362 1.91579e-09 -0.000345362 0.0104217 -2.53525e-07 1.91579e-09 -2.53525e-07 1.03532e-06 
118
0.0681988
0
0.000334365
0.0120814 -0.00034371 1.47159e-09 -0.00034371 0.0104216 -2.5351e-07 1.47159e-09 -2.5351e-07 1.03532e-06 
119
0.0685628
0
0.000618301
0.0120814 -0.000343585 1.72289e-09 -0.000343585 0.0104216 -2.53513e-07 1.72289e-09 -2.53513e-07 1.03532e-06 
120
0.0687019
0
5.41888e-05
0.0120814 -0.000343533 1.77256e-09 -0.000343533 0.0104216 -2.53513e-07 1.77256e-09 -2.53513e-07 1.03532e-06 
121
0.0705796
0
0.000383401
0.0120814 -0.00034392 2.02157e-09 -0.00034392 0.0104216 -2.53519e-07 2.02157e-09 -2.53519e-07 1.03532e-06 
122
0.0716914
0
-0.00045958
0.0120814 -0.000344064 2.06747e-09 -0.000344064 0.0104216 -2.53516e-07 2.06747e-09 -2.53516e-07 1.03532e-06 
123
0.0729761
0
-8.69114e-05
0.0120813 -0.000345059 2.62705e-09 -0.000345059 0.0104216 -2.5353e-07 2.62705e-09 -2.5353e-07 1.03532e-06 
124
0.0731232
0
-0.00086327
0.0120813 -0.000345433 2.72185e-09 -0.000345433 0.0104217 -2.5353e-07 2.72185e-09 -2.5353e-07 1.03532e-06 
125
0.0725517
0
-0.00139651
0.0120815 -0.000342143 6.56519e-10 -0.000342143 0.0104216 -2.5348e-07 6.56519e-10 -2.5348e-07 1.03532e-06 
126
0.0729594
0
0.000102107
0.0120815 -0.000340894 3.04292e-10 -0.000340894 0.0104215 -2.53472e-07 3.04292e-10 -2.53472e-07 1.03532e-06 
127
0.0733906
0
-0.000471064
0.0120813 -0.000344759 2.88921e-09 -0.000344759 0.0104216 -2.53536e-07 2.88921e-09 -2.53536e-07 1.03532e-06 
128
0.0729829
0
-0.00133559
0.0120812 -0.000346245 3.32159e-09 -0.000346245 0.0104217 -2.53549e-07 3.32159e-09 -2.53549e-07 1.03532e-06 
129
0.0706314
0
-0.000970499
0.0120815 -0.000341398 1.08786e-10 -0.000341398 0.0104216 -2.53474e-07 1.08786e-10 -2.53474e-07 1.03532e-06 
130
0.0695668
0
-0.000585101
0.0120816 -0.000339539 -4.35391e-10 -0.000339539 0.0104215 -2.53467e-07 -4.35391e-10 -2.53467e-07 1.03532e-06 
131
0.0690472
0
0.0010938
0.0120814 -0.000343061 2.03424e-09 -0.000343061 0.0104216 -2.53518e-07 2.03424e-09 -2.53518e-07 1.03532e-06 
132
0.0690564
0
0.000276854
0.0120813 -0.000344381 2.4667e-09 -0.000344381 0.0104216 -2.53531e-07 2.4667e-09 -2.53531e-07 1.03532e-06 
133
0.0688639
0
-0.00103591
0.0120813 -0.000345168 2.69864e-09 -0.000345168 0.0104216 -2.53539e-07 2.69864e-09 -2.53539e-07 1.03532e-06 
134
0.0685714
0
-0.000773791
0.0120813 -0.00034549 2.72404e-09 -0.00034549 0.0104217 -2.5354e-07 2.72404e-09 -2.5354e-07 1.03532e-06 
135
0.068649
0
0.000172461
0.0120816 -0.000338056 -1.83264e-09 -0.000338056 0.0104216 -2.53477e-07 -1.83264e-09 -2.53477e-07 1.03532e-06 
136
0.0688926
0
0.000612977
0.0120818 -0.000335199 -2.59583e-09 -0.000335199 0.0104215 -2.53466e-07 -2.59583e-09 -2.53466e-07 1.03532e-06 
137
0.0667949
0
0.000501214
0.0120815 -0.000340063 8.76372e-10 -0.000340063 0.0104215 -2.53494e-07 8.76372e-10 -2.53494e-07 1.03532e-06 
138
0.0657778
0
-0.000681093
0.0120814 -0.000341923 1.46224e-09 -0.000341923 0.0104215 -2.53509e-07 1.46224e-09 -2.53509e-07 1.03532e-06 
139
0.0653943
0
9.50401e-05
0.0120817 -0.000335762 -2.6069e-09 -0.000335762 0.0104215 -2.53483e-07 -2.6069e-09 -2.53483e-07 1.03532e-06 
140
0.0650659
0
0.000396845
0.0120818 -0.000333394 -3.29363e-09 -0.000333394 0.0104214 -2.53478e-07 -3.29363e-09 -2.53478e-07 1.03532e-06 
141
0.0649497
0
0.00099106
0.0120817 -0.000336193 -1.17076e-09 -0.000336193 0.0104214 -2.53474e-07 -1.17076e-09 -2.53474e-07 1.03532e-06 
142
0.0652448
0
0.00120996
0.0120817 -0.000337253 -8.05114e-10 -0.000337253 0.0104214 -2.53477e-07 -8.05114e-10 -2.53477e-07 1.03532e-06 
143
0.0655666
0
0.000989008
0.0120814 -0.000341765 1.74432e-09 -0.000341765 0.0104215 -2.53521e-07 1.74432e-09 -2.53521e-07 1.03532e-06 
144
0.0655173
0
0.000545746
0.0120814 -0.000343494 2.17557e-09 -0.000343494 0.0104215 -2.53531e-07 2.17557e-09 -2.53531e-07 1.03532e-06 
145
0.0664775
0
-0.000201061
0.0120816 -0.000339787 -3.94152e-10 -0.000339787 0.0104215 -2.53485e-07 -3.94152e-10 -2.53485e-07 1.03532e-06 
146
0.0672112
0
-0.000228184
0.0120816 -0.000338382 -8.33076e-10 -0.000338382 0.0104215 -2.53475e-07 -8.33076e-10 -2.53475e-07 1.03532e-06 
147
0.0678027
0
5.77009e-05
0.0120817 -0.000337446 -1.15217e-09 -0.000337446 0.0104214 -2.5347e-07 -1.15217e-09 -2.5347e-07 1.03532e-06 
148
0.0681793
0
0.000530851
0.0120817 -0.000337083 -1.20481e-09 -0.000337083 0.0104214 -2.53467e-07 -1.20481e-09 -2.53467e-07 1.03532e-06 
149
0.0680553
0
-0.000769435
0.0120819 -0.000331769 -4.33194e-09 -0.000331769 0.0104215 -2.5349e-07 -4.33194e-09 -2.5349e-07 1.03532e-06 
150
0.068173
0
-0.000508742
0.0120819 -0.000329758 -4.87211e-09 -0.000329758 0.0104214 -2.53492e-07 -4.87211e-09 -2.53492e-07 1.03532e-06 
151
0.0684873
0
0.0006012
0.0120816 -0.000337336 7.68635e-11 -0.000337336 0.0104214 -2.53484e-07 7.68635e-11 -2.53484e-07 1.03532e-06 
152
0.0688575
0
-5.44644e-05
0.0120815 -0.000340216 9.25403e-10 -0.000340216 0.0104214 -2.53493e-07 9.25403e-10 -2.53493e-07 1.03532e-06 
153
0.0685352
0
-0.00130425
0.0120817 -0.000335363 -2.52958e-09 -0.000335363 0.0104215 -2.53472e-07 -2.52958e-09 -2.53472e-07 1.03532e-06 
154
0.0683312
0
-0.000907221
0.0120818 -0.000333528 -3.13146e-09 -0.000333528 0.0104214 -2.53468e-07 -3.13146e-09 -2.53468e-07 1.03532e-06 
155
0.0688994
0
-0.000487355
0.0120819 -0.000328974 -5.56331e-09 -0.000328974 0.0104215 -2.53511e-07 -5.56331e-09 -2.53511e-07 1.03532e-06 
156
0.0692751
0
-6.46859e-05
0.0120819 -0.000327225 -5.97581e-09 -0.000327225 0.0104215 -2.53515e-07 -5.97581e-09 -2.53515e-07 1.03532e-06 
157
0.0696766
0
0.000203919
0.0120819 -0.000320707 -9.57317e-09 -0.000320707 0.0104217 -2.53667e-07 -9.57317e-09 -2.53667e-07 1.03533e-06 
158
0.0701365
0
-6.34489e-05
0.0120819 -0.000318209 -1.01828e-08 -0.000318209 0.0104217 -2.53687e-07 -1.01828e-08 -2.53687e-07 1.03533e-06 
159
0.0702661
0
-0.000803434
0.0120818 -0.000326949 -4.44278e-09 -0.000326949 0.0104214 -2.53482e-07 -4.44278e-09 -2.53482e-07 1.03532e-06 
160
0.0709802
0
0.000291659
0.0120818 -0.000330301 -3.47748e-09 -0.000330301 0.0104213 -2.53464e-07 -3.47748e-09 -2.53464e-07 1.03532e-06 
161
0.0683538
0
0.000205779
0.0120817 -0.000335011 -1.21985e-09 -0.000335011 0.0104213 -2.53458e-07 -1.21985e-09 -2.53458e-07 1.03532e-06 
162
0.0668578
0
-0.000925383
0.0120816 -0.000336813 -8.33895e-10 -0.000336813 0.0104214 -2.53467e-07 -8.33895e-10 -2.53467e-07 1.03532e-06 
163
0.0657666
0
-0.00109825
0.0120817 -0.000335405 -2.05103e-09 -0.000335405 0.0104214 -2.53468e-07 -2.05103e-09 -2.53468e-07 1.03532e-06 
164
0.0659212
0
0.000724711
0.0120817 -0.000334869 -2.26151e-09 -0.000334869 0.0104214 -2.5347e-07 -2.26151e-09 -2.5347e-07 1.03532e-06 
165
0.066125
0
-0.000614914
0.0120819 -0.000324148 -8.62173e-09 -0.000324148 0.0104217 -2.53646e-07 -8.62173e-09 -2.53646e-07 1.03533e-06 
166
0.0644665
0
-0.00406376
0.0120819 -0.000320068 -9.71277e-09 -0.000320068 0.0104217 -2.53673e-07 -9.71277e-09 -2.53673e-07 1.03533e-06 
167
0.0622289
0
-6.11122e-05
0.0120818 -0.000320557 -8.72969e-09 -0.000320557 0.0104216 -2.53621e-07 -8.72969e-09 -2.53621e-07 1.03533e-06 
168
0.0648247
0
0.00749886
0.0120819 -0.00032068 -8.53949e-09 -0.00032068 0.0104216 -2.53621e-07 -8.53949e-09 -2.53621e-07 1.03533e-06 
169
0.0839845
0
0.0240671
0.0120816 -0.000331882 -1.64506e-09 -0.000331882 0.0104213 -2.53484e-07 -1.64506e-09 -2.53484e-07 1.03532e-06 
170
0.13115
0
0.00746643
0.0120818 -0.000335902 -3.52977e-10 -0.000335902 0.0104212 -2.53435e-07 -3.52977e-10 -2.53435e-07 1.03532e-06 
171
0.167453
0
-0.0342256
0.0120816 -0.000340486 1.46069e-09 -0.000340486 0.0104213 -2.53346e-07 1.46069e-09 -2.53346e-07 1.03532e-06 
172
0.179885
0
-0.0455833
0.0120812 -0.0003429 1.4814e-09 -0.0003429 0.0104217 -2.53253e-07 1.4814e-09 -2.53253e-07 1.03532e-06 
173
0.191531
0
0.00273
0.0120812 -0.000337511 -2.5482e-09 -0.000337511 0.0104218 -2.53177e-07 -2.5482e-09 -2.53177e-07 1.03532e-06 
174
0.220178
0
0.037337
0.0120816 -0.000334684 -2.92857e-09 -0.000334684 0.0104215 -2.53142e-07 -2.92857e-09 -2.53142e-07 1.03532e-06 
175
0.250581
0
-0.00607173
0.0120817 -0.000339676 1.26818e-09 -0.000339676 0.0104213 -2.53103e-07 1.26818e-09 -2.53103e-07 1.03532e-06 
176
0.265158
0
-0.0551539
0.0120814 -0.000342273 1.72415e-09 -0.000342273 0.0104215 -2.53032e-07 1.72415e-09 -2.53032e-07 1.03532e-06 
177
0.271929
0
-0.0361588
0.0120805 -0.000350398 5.28385e-09 -0.000350398 0.0104221 -2.5315e-07 5.28385e-09 -2.5315e-07 1.03532e-06 
178
0.289195
0
0.0121769
0.0120802 -0.000353201 5.97003e-09 -0.000353201 0.0104223 -2.53163e-07 5.97003e-09 -2.53163e-07 1.03532e-06 
179
0.311276
0
0.000496296
0.0120802 -0.000356806 8.41061e-09 -0.000356806 0.0104223 -2.5326e-07 8.41061e-09 -2.5326e-07 1.03533e-06 
180
0.325124
0
-0.0427828
0.0120801 -0.00035837 8.76766e-09 -0.00035837 0.0104224 -2.53227e-07 8.76766e-09 -2.53227e-07 1.03533e-06 
181
0.338916
0
-0.0420309
0.0120797 -0.000360441 8.99168e-09 -0.000360441 0.0104228 -2.53229e-07 8.99168e-09 -2.53229e-07 1.03533e-06 
182
0.353802
0
-0.0122249
0.0120795 -0.00036122 9.00868e-09 -0.00036122 0.010423 -2.532e-07 9.00868e-09 -2.532e-07 1.03533e-06 
183
0.370467
0
-0.0150739
0.0120808 -0.000335631 -6.07649e-09 -0.000335631 0.0104224 -2.5288e-07 -6.07649e-09 -2.5288e-07 1.03532e-06 
184
0.384198
0
-0.0381655
0.0120813 -0.00032589 -8.63293e-09 -0.00032589 0.010422 -2.52821e-07 -8.63293e-09 -2.52821e-07 1.03532e-06 
185
0.399408
0
-0.0440511
0.0120796 -0.000350324 7.48314e-09 -0.000350324 0.0104225 -2.53072e-07 7.48314e-09 -2.53072e-07 1.03533e-06 
186
0.41795
0
-0.0286802
0.0120791 -0.000359751 1.01296e-08 -0.000359751 0.0104229 -2.53144e-07 1.01296e-08 -2.53144e-07 1.03533e-06 
187
0.434868
0
-0.0218478
0.0120785 -0.000366929 1.30102e-08 -0.000366929 0.0104235 -2.53359e-07 1.30102e-08 -2.53359e-07 1.03533e-06 
188
0.446332
0
-0.0396803
0.0120784 -0.000369565 1.35914e-08 -0.000369565 0.0104237 -2.53363e-07 1.35914e-08 -2.53363e-07 1.03533e-06 
189
0.459725
0
-0.0457425
0.0120799 -0.000353833 3.33652e-09 -0.000353833 0.0104227 -2.52621e-07 3.33652e-09 -2.52621e-07 1.03532e-06 
190
0.476395
0
-0.03181
0.0120804 -0.000347917 1.522e-09 -0.000347917 0.0104223 -2.52487e-07 1.522e-09 -2.52487e-07 1.03532e-06 
191
0.491352
0
-0.0287595
0.0120805 -0.00034848 3.10457e-09 -0.00034848 0.0104221 -2.52486e-07 3.10457e-09 -2.52486e-07 1.03532e-06 
192
0.50141
0
-0.044085
0.0120806 -0.000348647 3.40838e-09 -0.000348647 0.0104221 -2.52454e-07 3.40838e-09 -2.52454e-07 1.03532e-06 
193
0.508359
0
-0.0489566
0.0120801 -0.0003545 6.727e-09 -0.0003545 0.0104224 -2.52605e-07 6.727e-09 -2.52605e-07 1.03532e-06 
194
0.520629
0
-0.0391441
0.0120798 -0.000356813 7.23993e-09 -0.000356813 0.0104226 -2.52618e-07 7.23993e-09 -2.52618e-07 1.03532e-06 
195
0.532184
0
-0.0377996
0.012079 -0.000364396 1.15007e-08 -0.000364396 0.0104233 -2.52944e-07 1.15007e-08 -2.52944e-07 1.03533e-06 
196
0.541747
0
-0.0435868
0.0120787 -0.000367272 1.2228e-08 -0.000367272 0.0104235 -2.52975e-07 1.2228e-08 -2.52975e-07 1.03533e-06 
197
0.554664
0
-0.0481515
0.0120788 -0.000365832 1.07297e-08 -0.000365832 0.0104234 -2.52809e-07 1.07297e-08 -2.52809e-07 1.03533e-06 
198
0.569424
0
-0.0433634
0.0120789 -0.000365354 1.04454e-08 -0.000365354 0.0104234 -2.52754e-07 1.04454e-08 -2.52754e-07 1.03533e-06 
199
0.585104
0
-0.0409681
0.0120788 -0.000365884 1.09085e-08 -0.000365884 0.0104235 -2.52755e-07 1.09085e-08 -2.52755e-07 1.03533e-06 
200
0.600934
0
-0.0419615
0.0120788 -0.000366048 1.10093e-08 -0.000366048 0.0104235 -2.5272e-07 1.10093e-08 -2.5272e-07 1.03533e-06 
201
0.620132
0
-0.0417749
0.0120793 -0.000362039 8.56627e-09 -0.000362039 0.0104231 -2.52472e-07 8.56627e-09 -2.52472e-07 1.03533e-06 
202
0.636988
0
-0.0375541
0.0120795 -0.000360504 8.13697e-09 -0.000360504 0.010423 -2.52389e-07 8.13697e-09 -2.52389e-07 1.03533e-06 
203
0.651786
0
-0.0280596
0.0120801 -0.000353775 4.41479e-09 -0.000353775 0.0104225 -2.52123e-07 4.41479e-09 -2.52123e-07 1.03532e-06 
204
0.668466
0
-0.0306432
0.0120804 -0.000351053 3.84589e-09 -0.000351053 0.0104223 -2.52049e-07 3.84589e-09 -2.52049e-07 1.03532e-06 
205
0.683511
0
-0.0296974
0.0120808 -0.000346745 1.74689e-09 -0.000346745 0.010422 -2.5193e-07 1.74689e-09 -2.5193e-07 1.03532e-06 
206
0.698483
0
-0.022318
0.0120809 -0.000345084 1.39908e-09 -0.000345084 0.0104219 -2.51877e-07 1.39908e-09 -2.51877e-07 1.03532e-06 
207
0.71576
0
-0.0201802
0.0120813 -0.000336119 -3.56239e-09 -0.000336119 0.0104218 -2.51809e-07 -3.56239e-09 -2.51809e-07 1.03532e-06 
208
0.733826
0
-0.0236037
0.0120815 -0.000332657 -4.39879e-09 -0.000332657 0.0104217 -2.51759e-07 -4.39879e-09 -2.51759e-07 1.03532e-06 
209
0.750415
0
-0.0240189
0.0120815 -0.000331917 -4.25806e-09 -0.000331917 0.0104216 -2.51705e-07 -4.25806e-09 -2.51705e-07 1.03532e-06 
210
0.765481
0
-0.0206413
0.0120815 -0.00033164 -4.25293e-09 -0.00033164 0.0104216 -2.5166e-07 -4.25293e-09 -2.5166e-07 1.03532e-06 
211
0.781598
0
-0.0167305
0.0120816 -0.000329893 -5.18516e-09 -0.000329893 0.0104216 -2.51637e-07 -5.18516e-09 -2.51637e-07 1.03532e-06 
212
0.797216
0
-0.0189454
0.0120816 -0.000329163 -5.31001e-09 -0.000329163 0.0104216 -2.51596e-07 -5.31001e-09 -2.51596e-07 1.03532e-06 
213
0.813342
0
-0.0187528
0.0120817 -0.0003248 -7.81971e-09 -0.0003248 0.0104217 -2.51635e-07 -7.81971e-09 -2.51635e-07 1.03532e-06 
214
0.831007
0
-0.021014
0.0120817 -0.000323129 -8.25021e-09 -0.000323129 0.0104217 -2.51602e-07 -8.25021e-09 -2.51602e-07 1.03532e-06 
215
0.84742
0
-0.0201071
0.0120816 -0.000325579 -6.51197e-09 -0.000325579 0.0104216 -2.51491e-07 -6.51197e-09 -2.51491e-07 1.03532e-06 
216
0.86234
0
-0.0180583
0.0120816 -0.000326502 -6.21868e-09 -0.000326502 0.0104216 -2.51441e-07 -6.21868e-09 -2.51441e-07 1.03532e-06 
217
0.876362
0
-0.0141866
0.0120817 -0.000326293 -6.47618e-09 -0.000326293 0.0104216 -2.51409e-07 -6.47618e-09 -2.51409e-07 1.03532e-06 
218
0.891225
0
-0.0154612
0.0120817 -0.000326151 -6.48963e-09 -0.000326151 0.0104215 -2.51373e-07 -6.48963e-09 -2.51373e-07 1.03532e-06 
219
0.90543
0
-0.0178111
0.0120817 -0.000325453 -6.89185e-09 -0.000325453 0.0104216 -2.51346e-07 -6.89185e-09 -2.51346e-07 1.03532e-06 
220
0.919668
0
-0.0199969
0.0120817 -0.000325223 -6.97569e-09 -0.000325223 0.0104216 -2.5131e-07 -6.97569e-09 -2.5131e-07 1.03532e-06 
221
0.933677
0
-0.0216465
0.0120816 -0.000319327 -1.05236e-08 -0.000319327 0.0104219 -2.5144e-07 -1.05236e-08 -2.5144e-07 1.03532e-06 
222
0.946955
0
-0.0152684
0.0120816 -0.000317097 -1.11528e-08 -0.000317097 0.0104219 -2.51426e-07 -1.11528e-08 -2.51426e-07 1.03532e-06 
223
0.960574
0
-0.0161974
0.0120816 -0.000316808 -1.08299e-08 -0.000316808 0.0104219 -2.51371e-07 -1.08299e-08 -2.51371e-07 1.03532e-06 
224
0.973198
0
-0.0182307
0.0120816 -0.000316712 -1.07807e-08 -0.000316712 0.0104219 -2.51333e-07 -1.07807e-08 -2.51333e-07 1.03532e-06 
225
0.984828
0
-0.0200731
0.0120815 -0.000315648 -1.14089e-08 -0.000315648 0.0104219 -2.51339e-07 -1.14089e-08 -2.51339e-07 1.03533e-06 
226
0.998638
0.0506347
-0.0216448
0.0120815 -0.00031527 -1.15404e-08 -0.00031527 0.010422 -2.51313e-07 -1.15404e-08 -2.51313e-07 1.03533e-06 
227
1.0131
0
-0.0174807
0.0120814 -0.000312361 -1.32597e-08 -0.000312361 0.0104222 -2.51399e-07 -1.32597e-08 -2.51399e-07 1.03533e-06 
228
1.0257
0.0534541
-0.0145895
0.0120814 -0.000311182 -1.35221e-08 -0.000311182 0.0104222 -2.51378e-07 -1.35221e-08 -2.51378e-07 1.03533e-06 
229
1.0395
0.0538481
-0.0178928
0.0120815 -0.000315864 -1.04528e-08 -0.000315864 0.0104218 -2.51137e-07 -1.04528e-08 -2.51137e-07 1.03532e-06 
230
1.05176
0.0530107
-0.0189476
0.0120815 -0.000317708 -9.95167e-09 -0.000317708 0.0104218 -2.51075e-07 -9.95167e-09 -2.51075e-07 1.03532e-06 
231
1.06909
0.0532997
-0.0188593
0.0120813 -0.000309798 -1.50493e-08 -0.000309798 0.0104224 -2.51424e-07 -1.50493e-08 -2.51424e-07 1.03533e-06 
232
1.08484
0.0528987
-0.0175119
0.0120811 -0.00030677 -1.59163e-08 -0.00030677 0.0104226 -2.51435e-07 -1.59163e-08 -2.51435e-07 1.03533e-06 
233
1.10072
0.0569459
-0.0117464
0.0120813 -0.000311298 -1.2634e-08 -0.000311298 0.0104221 -2.51116e-07 -1.2634e-08 -2.51116e-07 1.03533e-06 
234
1.11432
0.0597128
-0.0117005
0.0120814 -0.000312938 -1.20557e-08 -0.000312938 0.010422 -2.5104e-07 -1.20557e-08 -2.5104e-07 1.03533e-06 
235
1.12748
0.0571299
-0.00903644
0.0120813 -0.000309187 -1.45857e-08 -0.000309187 0.0104223 -2.51206e-07 -1.45857e-08 -2.51206e-07 1.03533e-06 
236
1.14272
0.0572347
-0.0119394
0.0120813 -0.00030771 -1.4984e-08 -0.00030771 0.0104224 -2.51199e-07 -1.4984e-08 -2.51199e-07 1.03533e-06 
237
1.15949
0.0573625
-0.00889878
0.0120814 -0.000313164 -1.14867e-08 -0.000313164 0.0104219 -2.50889e-07 -1.14867e-08 -2.50889e-07 1.03533e-06 
238
1.17591
0.0599656
-0.010656
0.0120816 -0.000315202 -1.08748e-08 -0.000315202 0.0104218 -2.50811e-07 -1.08748e-08 -2.50811e-07 1.03532e-06 
239
1.19136
0.0601579
-0.00866386
0.0120816 -0.000315609 -1.10258e-08 -0.000315609 0.0104218 -2.50777e-07 -1.10258e-08 -2.50777e-07 1.03532e-06 
240
1.20653
0.0633909
-0.00438522
0.0120816 -0.000315734 -1.1038e-08 -0.000315734 0.0104218 -2.50736e-07 -1.1038e-08 -2.50736e-07 1.03532e-06 
241
1.22429
0.06136
-0.00426372
0.0120816 -0.000312394 -1.30145e-08 -0.000312394 0.010422 -2.50837e-07 -1.30145e-08 -2.50837e-07 1.03533e-06 
242
1.24306
0.0614907
-0.0138251
0.0120816 -0.000311115 -1.33376e-08 -0.000311115 0.0104221 -2.5081e-07 -1.33376e-08 -2.5081e-07 1.03533e-06 
243
1.26337
0.0630078
-0.0139619
0.0120815 -0.000313302 -1.19435e-08 -0.000313302 0.0104219 -2.50651e-07 -1.19435e-08 -2.50651e-07 1.03533e-06 
244
1.28544
0.063867
-0.0140936
0.0120815 -0.000314141 -1.17216e-08 -0.000314141 0.0104219 -2.50584e-07 -1.17216e-08 -2.50584e-07 1.03533e-06 
245
1.30516
0.0644676
-0.00609347
0.0120815 -0.000313934 -1.20054e-08 -0.000313934 0.010422 -2.50545e-07 -1.20054e-08 -2.50545e-07 1.03533e-06 
246
1.32182
0.0644247
-0.00814677
0.0120816 -0.000313728 -1.20034e-08 -0.000313728 0.0104219 -2.50495e-07 -1.20034e-08 -2.50495e-07 1.03533e-06 
247
1.33765
0.0614084
-0.00614457
0.0120816 -0.000313811 -1.19327e-08 -0.000313811 0.0104219 -2.50445e-07 -1.19327e-08 -2.50445e-07 1.03533e-06 
248
1.35435
0.060945
-0.00316234
0.0120816 -0.000313811 -1.18949e-08 -0.000313811 0.0104219 -2.50402e-07 -1.18949e-08 -2.50402e-07 1.03533e-06 
249
1.37102
0.0670849
-0.00811944
0.0120817 -0.000315094 -1.10678e-08 -0.000315094 0.0104218 -2.50306e-07 -1.10678e-08 -2.50306e-07 1.03532e-06 
250
1.38618
0.0711972
-0.012058
0.0120817 -0.000315663 -1.09818e-08 -0.000315663 0.0104218 -2.50254e-07 -1.09818e-08 -2.50254e-07 1.03532e-06 
251
1.40055
0.0731729
-0.0170692
0.0120816 -0.000314084 -1.21257e-08 -0.000314084 0.0104219 -2.50286e-07 -1.21257e-08 -2.50286e-07 1.03533e-06 
252
1.41509
0.0761044
-0.0125891
0.0120815 -0.000313559 -1.2365e-08 -0.000313559 0.010422 -2.50257e-07 -1.2365e-08 -2.50257e-07 1.03533e-06 
253
1.43232
0.077154
-0.0105688
0.0120815 -0.000313023 -1.25541e-08 -0.000313023 0.010422 -2.50232e-07 -1.25541e-08 -2.50232e-07 1.03533e-06 
254
1.45024
0.0740294
-0.00842717
0.0120815 -0.000312785 -1.25751e-08 -0.000312785 0.010422 -2.50189e-07 -1.25751e-08 -2.50189e-07 1.03533e-06 
255
1.46798
0.074615
-0.00910342
0.0120815 -0.00031279 -1.24721e-08 -0.00031279 0.010422 -2.50136e-07 -1.24721e-08 -2.50136e-07 1.03533e-06 
256
1.48535
0.0743296
-0.015385
0.0120815 -0.000312802 -1.24591e-08 -0.000312802 0.010422 -2.50088e-07 -1.24591e-08 -2.50088e-07 1.03533e-06 
257
1.50196
0.0740348
-0.0140382
0.0120815 -0.000314637 -1.14602e-08 -0.000314637 0.0104219 -2.4997e-07 -1.14602e-08 -2.4997e-07 1.03532e-06 
258
1.51911
0.0819121
-0.0156696
0.0120816 -0.000315317 -1.12852e-08 -0.000315317 0.0104219 -2.49917e-07 -1.12852e-08 -2.49917e-07 1.03532e-06 
259
1.53861
0.0830311
-0.0137552
0.0120816 -0.000315868 -1.11384e-08 -0.000315868 0.0104219 -2.4986e-07 -1.11384e-08 -2.4986e-07 1.03532e-06 
260
1.55579
0.0765384
-0.00505402
0.0120816 -0.000316049 -1.11055e-08 -0.000316049 0.0104218 -2.49807e-07 -1.11055e-08 -2.49807e-07 1.03532e-06 
261
1.5736
0.076218
-0.00848746
0.0120816 -0.00031545 -1.13314e-08 -0.00031545 0.0104218 -2.49781e-07 -1.13314e-08 -2.49781e-07 1.03532e-06 
262
1.59174
0.0755455
-0.015183
0.0120816 -0.000315276 -1.13836e-08 -0.000315276 0.0104218 -2.49736e-07 -1.13836e-08 -2.49736e-07 1.03532e-06 
263
1.61036
0.0778932
-0.014908
0.0120816 -0.000315315 -1.14344e-08 -0.000315315 0.0104219 -2.49687e-07 -1.14344e-08 -2.49687e-07 1.03532e-06 
264
1.62548
0.0827557
-0.0147796
0.0120816 -0.000315326 -1.14565e-08 -0.000315326 0.0104219 -2.49638e-07 -1.14565e-08 -2.49638e-07 1.03532e-06 
265
1.63773
0.0847639
-0.0133013
0.0120802 -0.000295941 -2.30795e-08 -0.000295941 0.0104241 -2.50893e-07 -2.30795e-08 -2.50893e-07 1.03533e-06 
266
1.65239
0.0874992
-0.0203124
0.0120796 -0.000288493 -2.50592e-08 -0.000288493 0.0104247 -2.51068e-07 -2.50592e-08 -2.51068e-07 1.03533e-06 
267
1.67064
0.088918
-0.0215801
0.0120805 -0.000304486 -1.42607e-08 -0.000304486 0.0104227 -2.4974e-07 -1.42607e-08 -2.4974e-07 1.03533e-06 
268
1.68747
0.09041
-0.0167252
0.012081 -0.000310622 -1.24484e-08 -0.000310622 0.0104221 -2.49538e-07 -1.24484e-08 -2.49538e-07 1.03532e-06 
269
1.70319
0.0912953
-0.0140708
0.0120812 -0.000313293 -1.1863e-08 -0.000313293 0.010422 -2.49453e-07 -1.1863e-08 -2.49453e-07 1.03532e-06 
270
1.71937
0.0892462
-0.0146077
0.0120814 -0.000314273 -1.17401e-08 -0.000314273 0.0104219 -2.49405e-07 -1.17401e-08 -2.49405e-07 1.03532e-06 
271
1.73576
0.0913567
-0.0150277
0.0120814 -0.000312927 -1.27439e-08 -0.000312927 0.010422 -2.49433e-07 -1.27439e-08 -2.49433e-07 1.03533e-06 
272
1.75121
0.0914426
-0.014479
0.0120814 -0.000312419 -1.29248e-08 -0.000312419 0.0104221 -2.49399e-07 -1.29248e-08 -2.49399e-07 1.03533e-06 
273
1.76495
0.0948971
-0.0179749
0.0120804 -0.000297093 -2.19958e-08 -0.000297093 0.0104238 -2.50368e-07 -2.19958e-08 -2.50368e-07 1.03533e-06 
274
1.78202
0.0997628
-0.0129922
0.0120799 -0.00029128 -2.3579e-08 -0.00029128 0.0104243 -2.50489e-07 -2.3579e-08 -2.50489e-07 1.03533e-06 
275
1.80154
0.0952459
-0.00693056
0.0120801 -0.000292959 -2.14687e-08 -0.000292959 0.0104238 -2.50137e-07 -2.14687e-08 -2.50137e-07 1.03533e-06 
276
1.82084
0.0927239
-0.00863399
0.0120802 -0.000293505 -2.10507e-08 -0.000293505 0.0104236 -2.50046e-07 -2.10507e-08 -2.50046e-07 1.03533e-06 
277
1.8388
0.0947992
-0.0141591
0.0120803 -0.000294669 -2.04159e-08 -0.000294669 0.0104235 -2.49915e-07 -2.04159e-08 -2.49915e-07 1.03533e-06 
278
1.85661
0.0981549
-0.017904
0.0120803 -0.000295202 -2.03489e-08 -0.000295202 0.0104235 -2.49855e-07 -2.03489e-08 -2.49855e-07 1.03533e-06 
279
1.87177
0.102826
-0.0149356
0.0120807 -0.000301034 -1.70501e-08 -0.000301034 0.0104228 -2.49425e-07 -1.70501e-08 -2.49425e-07 1.03533e-06 
280
1.88929
0.101632
-0.01158
0.0120809 -0.000303218 -1.6491e-08 -0.000303218 0.0104226 -2.49333e-07 -1.6491e-08 -2.49333e-07 1.03533e-06 
281
1.90562
0.0948268
-0.00784369
0.0120802 -0.00029379 -2.24632e-08 -0.00029379 0.0104239 -2.50034e-07 -2.24632e-08 -2.50034e-07 1.03533e-06 
282
1.92607
0.0944473
-0.00924761
0.0120799 -0.00029012 -2.34242e-08 -0.00029012 0.0104242 -2.50102e-07 -2.34242e-08 -2.50102e-07 1.03533e-06 
283
1.94443
0.0936093
-0.00775588
0.0120806 -0.000299882 -1.69432e-08 -0.000299882 0.0104229 -2.49241e-07 -1.69432e-08 -2.49241e-07 1.03533e-06 
284
1.96398
0.0963766
-0.0119172
0.0120809 -0.000303593 -1.58294e-08 -0.000303593 0.0104225 -2.49088e-07 -1.58294e-08 -2.49088e-07 1.03533e-06 
285
1.98271
0.0994635
-0.0169589
0.0120782 -0.000279835 -3.07422e-08 -0.000279835 0.0104264 -2.51376e-07 -3.07422e-08 -2.51376e-07 1.03533e-06 
286
2.00113
0.101067
-0.0186041
0.012077 -0.000270809 -3.33328e-08 -0.000270809 0.0104277 -2.51703e-07 -3.33328e-08 -2.51703e-07 1.03533e-06 
287
2.01596
0.0986955
-0.018781
0.012078 -0.000278421 -2.72226e-08 -0.000278421 0.0104259 -2.5042e-07 -2.72226e-08 -2.5042e-07 1.03533e-06 
288
2.03274
0.0959556
-0.0135739
0.0120785 -0.000281338 -2.6181e-08 -0.000281338 0.0104253 -2.50216e-07 -2.6181e-08 -2.50216e-07 1.03533e-06 
289
2.04911
0.0976568
-0.0124054
0.012079 -0.000284911 -2.44353e-08 -0.000284911 0.0104247 -2.49899e-07 -2.44353e-08 -2.49899e-07 1.03533e-06 
290
2.06643
0.103106
-0.0133345
