8
0
0
-0.000428105
0.00477788 -3.68526e-05 -4.34962e-09 -3.68526e-05 0.00654142 -5.98279e-08 -4.34962e-09 -5.98279e-08 1.21852e-06 
9
0
0
0.000315667
0.0059104 -7.45491e-05 -4.63798e-09 -7.45491e-05 0.00904769 -7.83188e-08 -4.63798e-09 -7.83188e-08 1.03671e-06 
10
0
0
0.000708074
0.0061828 -9.34535e-05 -4.72235e-09 -9.34535e-05 0.00995886 -8.93697e-08 -4.72235e-09 -8.93697e-08 1.0372e-06 
11
0
0
0.000797323
0.00624475 -0.000100873 -4.71283e-09 -0.000100873 0.0102632 -9.47942e-08 -4.71283e-09 -9.47942e-08 1.03753e-06 
12
0
0
-1.07947e-06
0.00625873 -0.000103518 -4.6899e-09 -0.000103518 0.010362 -9.79587e-08 -4.6899e-09 -9.79587e-08 1.03717e-06 
13
0
0
-0.000576038
0.00626194 -0.0001044 -4.67052e-09 -0.0001044 0.0103939 -1.00305e-07 -4.67052e-09 -1.00305e-07 1.03679e-06 
14
0
0
-2.03343e-05
0.00626272 -0.000104681 -4.65311e-09 -0.000104681 0.0104042 -1.02318e-07 -4.65311e-09 -1.02318e-07 1.03648e-06 
15
0
0
-0.000400932
0.00626295 -0.000104792 -4.63391e-09 -0.000104792 0.0104076 -1.04148e-07 -4.63391e-09 -1.04148e-07 1.03623e-06 
16
0
0
-0.000657956
0.00626305 -0.000104818 -4.61764e-09 -0.000104818 0.0104088 -1.05837e-07 -4.61764e-09 -1.05837e-07 1.03604e-06 
17
0
0
-4.42804e-05
0.0062631 -0.000104822 -4.60249e-09 -0.000104822 0.0104093 -1.07396e-07 -4.60249e-09 -1.07396e-07 1.0359e-06 
18
0
0
-0.000688485
0.00626315 -0.000104842 -4.58586e-09 -0.000104842 0.0104095 -1.08827e-07 -4.58586e-09 -1.08827e-07 1.03579e-06 
19
0
0
-0.000328162
0.00626318 -0.000104831 -4.57368e-09 -0.000104831 0.0104096 -1.10133e-07 -4.57368e-09 -1.10133e-07 1.0357e-06 
20
0
0
-0.000311214
0.0062632 -0.000104839 -4.55541e-09 -0.000104839 0.0104097 -1.11321e-07 -4.55541e-09 -1.11321e-07 1.03563e-06 
21
0
0
-0.000354897
0.00626322 -0.000104842 -4.54046e-09 -0.000104842 0.0104098 -1.12393e-07 -4.54046e-09 -1.12393e-07 1.03558e-06 
22
0
0
-0.000748508
0.00626324 -0.000104843 -4.52836e-09 -0.000104843 0.0104099 -1.13358e-07 -4.52836e-09 -1.13358e-07 1.03554e-06 
23
0
0
3.82738e-05
0.00626325 -0.000104833 -4.51926e-09 -0.000104833 0.01041 -1.14223e-07 -4.51926e-09 -1.14223e-07 1.03551e-06 
24
0
0
-5.01181e-05
0.00626326 -0.000104852 -4.50818e-09 -0.000104852 0.01041 -1.14995e-07 -4.50818e-09 -1.14995e-07 1.03549e-06 
25
0
0
0.000473576
0.00626327 -0.000104856 -4.50008e-09 -0.000104856 0.0104101 -1.15683e-07 -4.50008e-09 -1.15683e-07 1.03548e-06 
26
0
0
4.99931e-05
0.00626327 -0.000104871 -4.49143e-09 -0.000104871 0.0104101 -1.16294e-07 -4.49143e-09 -1.16294e-07 1.03547e-06 
27
0
0
-0.000438734
0.00626328 -0.000104864 -4.48621e-09 -0.000104864 0.0104101 -1.16834e-07 -4.48621e-09 -1.16834e-07 1.03546e-06 
28
0
0
-0.00055676
0.00626328 -0.000104849 -4.48433e-09 -0.000104849 0.0104102 -1.1731e-07 -4.48433e-09 -1.1731e-07 1.03545e-06 
29
0
0
-0.000814005
0.00626328 -0.000104842 -4.48137e-09 -0.000104842 0.0104102 -1.1773e-07 -4.48137e-09 -1.1773e-07 1.03545e-06 
30
0
0
-1.15764e-06
0.00626328 -0.000104833 -4.47859e-09 -0.000104833 0.0104102 -1.18101e-07 -4.47859e-09 -1.18101e-07 1.03545e-06 
31
0
0
0.000200977
0.00626329 -0.000104854 -4.47267e-09 -0.000104854 0.0104103 -1.18428e-07 -4.47267e-09 -1.18428e-07 1.03544e-06 
32
0
0
-0.000705651
0.00626329 -0.000104865 -4.46822e-09 -0.000104865 0.0104103 -1.18714e-07 -4.46822e-09 -1.18714e-07 1.03544e-06 
33
0
0
9.35735e-05
0.00626329 -0.000104843 -4.46772e-09 -0.000104843 0.0104103 -1.18966e-07 -4.46772e-09 -1.18966e-07 1.03544e-06 
34
0
0
-0.000347104
0.00626329 -0.000104859 -4.46284e-09 -0.000104859 0.0104103 -1.19186e-07 -4.46284e-09 -1.19186e-07 1.03544e-06 
35
0
0
-0.000134145
0.00626329 -0.000104852 -4.46143e-09 -0.000104852 0.0104103 -1.19379e-07 -4.46143e-09 -1.19379e-07 1.03545e-06 
36
0
0
-0.000441515
0.00626329 -0.000104855 -4.45451e-09 -0.000104855 0.0104103 -1.19549e-07 -4.45451e-09 -1.19549e-07 1.03545e-06 
37
0
0
-0.00108664
0.00626329 -0.000104848 -4.4509e-09 -0.000104848 0.0104103 -1.19697e-07 -4.4509e-09 -1.19697e-07 1.03545e-06 
38
0
0
5.97316e-05
0.00626329 -0.000104828 -4.44988e-09 -0.000104828 0.0104103 -1.19826e-07 -4.44988e-09 -1.19826e-07 1.03545e-06 
39
0
0
-0.000443728
0.00626329 -0.000104855 -4.44427e-09 -0.000104855 0.0104103 -1.19938e-07 -4.44427e-09 -1.19938e-07 1.03545e-06 
40
0
0
-0.000571028
0.00626329 -0.000104848 -4.44347e-09 -0.000104848 0.0104104 -1.20036e-07 -4.44347e-09 -1.20036e-07 1.03545e-06 
41
0
0
0.00131372
0.00626329 -0.000104843 -4.44255e-09 -0.000104843 0.0104104 -1.20121e-07 -4.44255e-09 -1.20121e-07 1.03545e-06 
42
0
0
0.000778275
0.00626329 -0.000104894 -4.43522e-09 -0.000104894 0.0104104 -1.20195e-07 -4.43522e-09 -1.20195e-07 1.03545e-06 
43
0
0
0.000668203
0.00626329 -0.000104892 -4.43437e-09 -0.000104892 0.0104104 -1.20259e-07 -4.43437e-09 -1.20259e-07 1.03545e-06 
44
0
0
-0.00039263
0.00626329 -0.000104889 -4.43565e-09 -0.000104889 0.0104104 -1.20317e-07 -4.43565e-09 -1.20317e-07 1.03545e-06 
45
0
0
-0.000719145
0.00626329 -0.000104859 -4.43981e-09 -0.000104859 0.0104104 -1.20366e-07 -4.43981e-09 -1.20366e-07 1.03545e-06 
46
0
0
0.000190957
0.00626329 -0.000104842 -4.44151e-09 -0.000104842 0.0104104 -1.20408e-07 -4.44151e-09 -1.20408e-07 1.03545e-06 
47
0
0
0.000429865
0.00626329 -0.000104862 -4.43865e-09 -0.000104862 0.0104104 -1.20445e-07 -4.43865e-09 -1.20445e-07 1.03545e-06 
48
0
0
0.000630992
0.00626329 -0.000104874 -4.43703e-09 -0.000104874 0.0104104 -1.20477e-07 -4.43703e-09 -1.20477e-07 1.03545e-06 
49
0
0
-0.000122562
0.00626329 -0.000104883 -4.43559e-09 -0.000104883 0.0104104 -1.20504e-07 -4.43559e-09 -1.20504e-07 1.03546e-06 
50
0
0
-0.000386338
0.00626329 -0.000104865 -4.43716e-09 -0.000104865 0.0104104 -1.20528e-07 -4.43716e-09 -1.20528e-07 1.03546e-06 
51
0
0
7.25047e-05
0.00626329 -0.000104852 -4.43789e-09 -0.000104852 0.0104104 -1.2055e-07 -4.43789e-09 -1.2055e-07 1.03546e-06 
52
0
0
-0.000313162
0.00626329 -0.000104862 -4.43624e-09 -0.000104862 0.0104104 -1.20567e-07 -4.43624e-09 -1.20567e-07 1.03546e-06 
53
0
0
0.000232841
0.00626329 -0.000104854 -4.43694e-09 -0.000104854 0.0104104 -1.20583e-07 -4.43694e-09 -1.20583e-07 1.03546e-06 
54
0
0
-0.000689793
0.00626329 -0.000104867 -4.43497e-09 -0.000104867 0.0104104 -1.20596e-07 -4.43497e-09 -1.20596e-07 1.03546e-06 
55
0
0
0.000517986
0.00626329 -0.000104845 -4.43729e-09 -0.000104845 0.0104104 -1.20607e-07 -4.43729e-09 -1.20607e-07 1.03546e-06 
56
0
0
-0.000759702
0.00626329 -0.000104872 -4.43364e-09 -0.000104872 0.0104104 -1.20617e-07 -4.43364e-09 -1.20617e-07 1.03546e-06 
57
0
0
-1.68229e-07
0.00626329 -0.000104844 -4.43704e-09 -0.000104844 0.0104104 -1.20626e-07 -4.43704e-09 -1.20626e-07 1.03546e-06 
58
0
0
-1.75586e-05
0.00626329 -0.000104858 -4.43517e-09 -0.000104858 0.0104104 -1.20634e-07 -4.43517e-09 -1.20634e-07 1.03546e-06 
59
0
0
-0.000322411
0.00626329 -0.000104861 -4.43471e-09 -0.000104861 0.0104104 -1.2064e-07 -4.43471e-09 -1.2064e-07 1.03546e-06 
60
0
0
-0.00132802
0.00626329 -0.000104853 -4.43554e-09 -0.000104853 0.0104104 -1.20647e-07 -4.43554e-09 -1.20647e-07 1.03546e-06 
61
0
0
-0.000739752
0.00626329 -0.000104823 -4.43911e-09 -0.000104823 0.0104104 -1.20652e-07 -4.43911e-09 -1.20652e-07 1.03546e-06 
62
0
0
-0.000243813
0.00626329 -0.000104832 -4.43798e-09 -0.000104832 0.0104104 -1.20657e-07 -4.43798e-09 -1.20657e-07 1.03546e-06 
63
0
0
0.000155321
0.00626329 -0.000104848 -4.43624e-09 -0.000104848 0.0104104 -1.20661e-07 -4.43624e-09 -1.20661e-07 1.03546e-06 
64
0
0
0.000168233
0.00626329 -0.000104863 -4.43465e-09 -0.000104863 0.0104104 -1.20664e-07 -4.43465e-09 -1.20664e-07 1.03546e-06 
65
0
0
-4.73351e-05
0.00626329 -0.000104867 -4.43399e-09 -0.000104867 0.0104104 -1.20667e-07 -4.43399e-09 -1.20667e-07 1.03546e-06 
66
0
0
-0.000194929
0.00626329 -0.000104863 -4.43466e-09 -0.000104863 0.0104104 -1.20669e-07 -4.43466e-09 -1.20669e-07 1.03546e-06 
67
0
0
0.000351995
0.00626329 -0.000104857 -4.43533e-09 -0.000104857 0.0104104 -1.20672e-07 -4.43533e-09 -1.20672e-07 1.03546e-06 
68
0
0
-0.000382893
0.00626329 -0.000104871 -4.43411e-09 -0.000104871 0.0104104 -1.20672e-07 -4.43411e-09 -1.20672e-07 1.03546e-06 
69
0
0
0.000872606
0.00626329 -0.000104854 -4.43684e-09 -0.000104854 0.0104104 -1.20673e-07 -4.43684e-09 -1.20673e-07 1.03546e-06 
70
0
0
0.000781024
0.00626329 -0.000104885 -4.43382e-09 -0.000104885 0.0104104 -1.20674e-07 -4.43382e-09 -1.20674e-07 1.03546e-06 
71
0
0
2.58966e-05
0.00626329 -0.00010489 -4.43358e-09 -0.00010489 0.0104104 -1.20675e-07 -4.43358e-09 -1.20675e-07 1.03546e-06 
72
0
0
-0.000159883
0.00626329 -0.000104871 -4.43593e-09 -0.000104871 0.0104104 -1.20676e-07 -4.43593e-09 -1.20676e-07 1.03546e-06 
73
0
0
4.98788e-05
0.00626329 -0.00010486 -4.43696e-09 -0.00010486 0.0104104 -1.20677e-07 -4.43696e-09 -1.20677e-07 1.03546e-06 
74
0
0
7.7633e-05
0.00626329 -0.000104863 -4.43625e-09 -0.000104863 0.0104104 -1.20678e-07 -4.43625e-09 -1.20678e-07 1.03546e-06 
75
0
0
-0.000299151
0.00626329 -0.000104865 -4.43578e-09 -0.000104865 0.0104104 -1.20678e-07 -4.43578e-09 -1.20678e-07 1.03546e-06 
76
0
0
0.000331787
0.00626329 -0.000104855 -4.43598e-09 -0.000104855 0.0104104 -1.20679e-07 -4.43598e-09 -1.20679e-07 1.03546e-06 
77
0
0
0.000148263
0.00626329 -0.00010487 -4.43339e-09 -0.00010487 0.0104104 -1.20679e-07 -4.43339e-09 -1.20679e-07 1.03546e-06 
78
0
0
-2.569e-05
0.00626329 -0.000104869 -4.43293e-09 -0.000104869 0.0104104 -1.20679e-07 -4.43293e-09 -1.20679e-07 1.03546e-06 
79
0
0
6.6485e-05
0.00626329 -0.000104864 -4.43307e-09 -0.000104864 0.0104104 -1.2068e-07 -4.43307e-09 -1.2068e-07 1.03546e-06 
80
0
0
-0.000860408
0.00626329 -0.000104865 -4.43285e-09 -0.000104865 0.0104104 -1.2068e-07 -4.43285e-09 -1.2068e-07 1.03546e-06 
81
0
0
0.000849759
0.00626329 -0.000104839 -4.43556e-09 -0.000104839 0.0104104 -1.2068e-07 -4.43556e-09 -1.2068e-07 1.03546e-06 
82
0
0
0.000760085
0.00626329 -0.00010488 -4.43039e-09 -0.00010488 0.0104104 -1.20681e-07 -4.43039e-09 -1.20681e-07 1.03546e-06 
83
0
0
-0.000715697
0.00626329 -0.000104888 -4.42949e-09 -0.000104888 0.0104104 -1.20681e-07 -4.42949e-09 -1.20681e-07 1.03546e-06 
84
0
0
-9.44828e-05
0.00626329 -0.00010485 -4.43612e-09 -0.00010485 0.0104104 -1.20682e-07 -4.43612e-09 -1.20682e-07 1.03546e-06 
85
0
0
-0.000102402
0.00626329 -0.000104857 -4.43613e-09 -0.000104857 0.0104104 -1.20682e-07 -4.43613e-09 -1.20682e-07 1.03546e-06 
86
0
0
-0.000114013
0.00626329 -0.000104858 -4.43655e-09 -0.000104858 0.0104104 -1.20683e-07 -4.43655e-09 -1.20683e-07 1.03546e-06 
87
0
0
-0.00054149
0.00626329 -0.000104858 -4.4364e-09 -0.000104858 0.0104104 -1.20683e-07 -4.4364e-09 -1.20683e-07 1.03546e-06 
88
0
0
-0.00105483
0.00626329 -0.000104847 -4.43759e-09 -0.000104847 0.0104104 -1.20683e-07 -4.43759e-09 -1.20683e-07 1.03546e-06 
89
0
0
-0.000570922
0.00626329 -0.000104829 -4.44029e-09 -0.000104829 0.0104104 -1.20683e-07 -4.44029e-09 -1.20683e-07 1.03546e-06 
90
0
0
0.000430729
0.00626329 -0.000104838 -4.43992e-09 -0.000104838 0.0104104 -1.20683e-07 -4.43992e-09 -1.20683e-07 1.03546e-06 
91
0
0
-8.54014e-05
0.00626329 -0.000104868 -4.43593e-09 -0.000104868 0.0104104 -1.20683e-07 -4.43593e-09 -1.20683e-07 1.03546e-06 
92
0
0
-4.57426e-05
0.00626329 -0.000104862 -4.43814e-09 -0.000104862 0.0104104 -1.20681e-07 -4.43814e-09 -1.20681e-07 1.03546e-06 
93
0
0
-0.000111437
0.00626329 -0.000104861 -4.43954e-09 -0.000104861 0.0104104 -1.2068e-07 -4.43954e-09 -1.2068e-07 1.03546e-06 
94
0
0
-0.000103483
0.00626329 -0.000104859 -4.44059e-09 -0.000104859 0.0104104 -1.2068e-07 -4.44059e-09 -1.2068e-07 1.03546e-06 
95
0
0
-0.000413943
0.00626329 -0.000104859 -4.44055e-09 -0.000104859 0.0104104 -1.20679e-07 -4.44055e-09 -1.20679e-07 1.03546e-06 
96
0
0
0.00042419
0.00626329 -0.00010485 -4.44167e-09 -0.00010485 0.0104104 -1.20679e-07 -4.44167e-09 -1.20679e-07 1.03546e-06 
97
0
0
-0.000713967
0.00626329 -0.000104871 -4.43936e-09 -0.000104871 0.0104104 -1.20679e-07 -4.43936e-09 -1.20679e-07 1.03546e-06 
98
0
0
0.0003456
0.00626329 -0.000104845 -4.44202e-09 -0.000104845 0.0104104 -1.20678e-07 -4.44202e-09 -1.20678e-07 1.03546e-06 
99
0
0
-0.00049428
0.00626329 -0.000104868 -4.43898e-09 -0.000104868 0.0104104 -1.20678e-07 -4.43898e-09 -1.20678e-07 1.03546e-06 
100
0
0
0.000729174
0.00626329 -0.00010485 -4.44157e-09 -0.00010485 0.0104104 -1.20678e-07 -4.44157e-09 -1.20678e-07 1.03546e-06 
101
0
0
0.000789372
0.00626329 -0.00010488 -4.43824e-09 -0.00010488 0.0104104 -1.20678e-07 -4.43824e-09 -1.20678e-07 1.03546e-06 
102
0
0
-8.56324e-05
0.00626329 -0.000104889 -4.43731e-09 -0.000104889 0.0104104 -1.20678e-07 -4.43731e-09 -1.20678e-07 1.03546e-06 
103
0
0
0.000761616
0.00626329 -0.000104867 -4.4397e-09 -0.000104867 0.0104104 -1.20678e-07 -4.4397e-09 -1.20678e-07 1.03546e-06 
104
0
0
6.26642e-06
0.00626329 -0.000104885 -4.43732e-09 -0.000104885 0.0104104 -1.20678e-07 -4.43732e-09 -1.20678e-07 1.03546e-06 
105
0
0
-0.00091075
0.00626329 -0.000104869 -4.43915e-09 -0.000104869 0.0104104 -1.20678e-07 -4.43915e-09 -1.20678e-07 1.03546e-06 
106
0
0
0.000164935
0.00626329 -0.000104839 -4.44242e-09 -0.000104839 0.0104104 -1.20677e-07 -4.44242e-09 -1.20677e-07 1.03546e-06 
107
0
0
0.000797359
0.00626329 -0.000104861 -4.43981e-09 -0.000104861 0.0104104 -1.20677e-07 -4.43981e-09 -1.20677e-07 1.03546e-06 
108
0
0
4.26978e-05
0.00626329 -0.000104884 -4.43671e-09 -0.000104884 0.0104104 -1.20677e-07 -4.43671e-09 -1.20677e-07 1.03546e-06 
109
0
0
-0.000383968
0.00626329 -0.00010487 -4.43828e-09 -0.00010487 0.0104104 -1.20677e-07 -4.43828e-09 -1.20677e-07 1.03546e-06 
110
0
0
-0.000460188
0.00626329 -0.000104854 -4.43972e-09 -0.000104854 0.0104104 -1.20677e-07 -4.43972e-09 -1.20677e-07 1.03546e-06 
111
0
0
0.000583712
0.00626329 -0.000104848 -4.44006e-09 -0.000104848 0.0104104 -1.20677e-07 -4.44006e-09 -1.20677e-07 1.03546e-06 
112
0
0
0.00079977
0.00626329 -0.000104875 -4.43625e-09 -0.000104875 0.0104104 -1.20677e-07 -4.43625e-09 -1.20677e-07 1.03546e-06 
113
0
0
0.000837547
0.00626329 -0.000104888 -4.43429e-09 -0.000104888 0.0104104 -1.20677e-07 -4.43429e-09 -1.20677e-07 1.03546e-06 
114
0
0
-0.000320608
0.00626329 -0.000104893 -4.43358e-09 -0.000104893 0.0104104 -1.20677e-07 -4.43358e-09 -1.20677e-07 1.03546e-06 
115
0
0
-2.01965e-05
0.00626329 -0.000104862 -4.43697e-09 -0.000104862 0.0104104 -1.20677e-07 -4.43697e-09 -1.20677e-07 1.03546e-06 
116
0
0
-0.000517939
0.00626329 -0.000104862 -4.43496e-09 -0.000104862 0.0104104 -1.20678e-07 -4.43496e-09 -1.20678e-07 1.03546e-06 
117
0
0
0.000411848
0.00626329 -0.000104848 -4.43535e-09 -0.000104848 0.0104104 -1.20679e-07 -4.43535e-09 -1.20679e-07 1.03546e-06 
118
0
0
0.00036775
0.00626329 -0.00010487 -4.43253e-09 -0.00010487 0.0104104 -1.2068e-07 -4.43253e-09 -1.2068e-07 1.03546e-06 
119
0
0
-0.000221689
0.00626329 -0.000104875 -4.43257e-09 -0.000104875 0.0104104 -1.20679e-07 -4.43257e-09 -1.20679e-07 1.03546e-06 
120
0
0
0.000510555
0.00626329 -0.00010486 -4.43494e-09 -0.00010486 0.0104104 -1.20679e-07 -4.43494e-09 -1.20679e-07 1.03546e-06 
121
0
0
-0.000565049
0.00626329 -0.000104876 -4.43271e-09 -0.000104876 0.0104104 -1.20679e-07 -4.43271e-09 -1.20679e-07 1.03546e-06 
122
0
0
0.000849783
0.00626329 -0.000104851 -4.43549e-09 -0.000104851 0.0104104 -1.20679e-07 -4.43549e-09 -1.20679e-07 1.03546e-06 
123
0
0
-0.000307143
0.00626329 -0.000104883 -4.43154e-09 -0.000104883 0.0104104 -1.20679e-07 -4.43154e-09 -1.20679e-07 1.03546e-06 
124
0
0
-0.000410941
0.00626329 -0.00010486 -4.43081e-09 -0.00010486 0.0104104 -1.2068e-07 -4.43081e-09 -1.2068e-07 1.03546e-06 
125
0
0
8.95444e-05
0.00626329 -0.000104851 -4.42907e-09 -0.000104851 0.0104104 -1.20681e-07 -4.42907e-09 -1.20681e-07 1.03546e-06 
126
0
0
-0.000815493
0.00626329 -0.000104862 -4.42578e-09 -0.000104862 0.0104104 -1.20681e-07 -4.42578e-09 -1.20681e-07 1.03546e-06 
127
0
0
-0.000777856
0.00626329 -0.00010484 -4.42706e-09 -0.00010484 0.0104104 -1.20681e-07 -4.42706e-09 -1.20681e-07 1.03546e-06 
128
0
0
-0.000546891
0.00626329 -0.000104835 -4.4268e-09 -0.000104835 0.0104104 -1.20681e-07 -4.4268e-09 -1.20681e-07 1.03546e-06 
129
0
0
-0.000970045
0.00626329 -0.00010484 -4.42585e-09 -0.00010484 0.0104104 -1.20681e-07 -4.42585e-09 -1.20681e-07 1.03546e-06 
130
0
0
-0.000684361
0.00626329 -0.00010483 -4.42657e-09 -0.00010483 0.0104104 -1.2068e-07 -4.42657e-09 -1.2068e-07 1.03546e-06 
131
0
0
0.000329858
0.00626329 -0.000104835 -4.4255e-09 -0.000104835 0.0104104 -1.2068e-07 -4.4255e-09 -1.2068e-07 1.03546e-06 
132
0
0
0.000194247
0.00626329 -0.000104864 -4.42111e-09 -0.000104864 0.0104104 -1.20682e-07 -4.42111e-09 -1.20682e-07 1.03546e-06 
133
0
0
0.00125212
0.00626329 -0.000104869 -4.42072e-09 -0.000104869 0.0104104 -1.20683e-07 -4.42072e-09 -1.20683e-07 1.03546e-06 
134
0
0
0.000856727
0.00626329 -0.000104899 -4.4173e-09 -0.000104899 0.0104104 -1.20684e-07 -4.4173e-09 -1.20684e-07 1.03546e-06 
135
0
0
-0.000510009
0.00626329 -0.000104896 -4.41762e-09 -0.000104896 0.0104104 -1.20684e-07 -4.41762e-09 -1.20684e-07 1.03546e-06 
136
0
0
0.000230792
0.00626329 -0.000104858 -4.42218e-09 -0.000104858 0.0104104 -1.20684e-07 -4.42218e-09 -1.20684e-07 1.03546e-06 
137
0
0
-0.000458906
0.00626329 -0.000104868 -4.42069e-09 -0.000104868 0.0104104 -1.20684e-07 -4.42069e-09 -1.20684e-07 1.03546e-06 
138
0
0
-0.00106371
0.00626329 -0.000104851 -4.42224e-09 -0.000104851 0.0104104 -1.20684e-07 -4.42224e-09 -1.20684e-07 1.03546e-06 
139
0
0
0.000178462
0.00626329 -0.00010483 -4.42438e-09 -0.00010483 0.0104104 -1.20685e-07 -4.42438e-09 -1.20685e-07 1.03546e-06 
140
0
0
-0.000342387
0.00626329 -0.000104859 -4.42017e-09 -0.000104859 0.0104104 -1.20683e-07 -4.42017e-09 -1.20683e-07 1.03546e-06 
141
0
0
-0.00182602
0.00626329 -0.000104852 -4.42149e-09 -0.000104852 0.0104104 -1.20682e-07 -4.42149e-09 -1.20682e-07 1.03546e-06 
142
0
0
0.000173155
0.00626329 -0.000104809 -4.42729e-09 -0.000104809 0.0104104 -1.20683e-07 -4.42729e-09 -1.20683e-07 1.03546e-06 
143
0
0
-0.0012515
0.00626329 -0.000104853 -4.42095e-09 -0.000104853 0.0104104 -1.20682e-07 -4.42095e-09 -1.20682e-07 1.03546e-06 
144
0
0
0.000481855
0.00626329 -0.000104826 -4.42258e-09 -0.000104826 0.0104104 -1.20681e-07 -4.42258e-09 -1.20681e-07 1.03546e-06 
145
0
0
0.000387334
0.00626329 -0.000104866 -4.41883e-09 -0.000104866 0.0104104 -1.20681e-07 -4.41883e-09 -1.20681e-07 1.03546e-06 
146
0
0
-0.00144778
0.00626329 -0.000104874 -4.41882e-09 -0.000104874 0.0104104 -1.20681e-07 -4.41882e-09 -1.20681e-07 1.03546e-06 
147
0
0
0.000556722
0.00626329 -0.000104826 -4.42362e-09 -0.000104826 0.0104104 -1.20682e-07 -4.42362e-09 -1.20682e-07 1.03546e-06 
148
0
0
0.0015419
0.00626329 -0.000104868 -4.41929e-09 -0.000104868 0.0104104 -1.20683e-07 -4.41929e-09 -1.20683e-07 1.03546e-06 
149
0
0
-0.000689881
0.0062633 -0.000104907 -4.41758e-09 -0.000104907 0.0104104 -1.20683e-07 -4.41758e-09 -1.20683e-07 1.03546e-06 
150
0
0
-0.000819518
0.00626329 -0.000104855 -4.42547e-09 -0.000104855 0.0104104 -1.20683e-07 -4.42547e-09 -1.20683e-07 1.03546e-06 
151
0
0
0.000310355
0.00626329 -0.000104838 -4.42738e-09 -0.000104838 0.0104104 -1.20683e-07 -4.42738e-09 -1.20683e-07 1.03546e-06 
152
0
0
-0.000520842
0.00626329 -0.000104865 -4.42557e-09 -0.000104865 0.0104104 -1.20683e-07 -4.42557e-09 -1.20683e-07 1.03546e-06 
153
0
0
0.00086169
0.00626329 -0.000104849 -4.42728e-09 -0.000104849 0.0104104 -1.20683e-07 -4.42728e-09 -1.20683e-07 1.03546e-06 
154
0
0
0.000404462
0.00626329 -0.000104883 -4.42219e-09 -0.000104883 0.0104104 -1.20683e-07 -4.42219e-09 -1.20683e-07 1.03546e-06 
155
0
0
0.000102238
0.00626329 -0.000104879 -4.42266e-09 -0.000104879 0.0104104 -1.20682e-07 -4.42266e-09 -1.20682e-07 1.03546e-06 
156
0
0
3.5306e-06
0.00626329 -0.00010487 -4.42527e-09 -0.00010487 0.0104104 -1.20679e-07 -4.42527e-09 -1.20679e-07 1.03546e-06 
157
0
0
9.53219e-05
0.00626329 -0.000104865 -4.42631e-09 -0.000104865 0.0104104 -1.20678e-07 -4.42631e-09 -1.20678e-07 1.03546e-06 
158
0
0
-0.000655653
0.00626329 -0.000104866 -4.42533e-09 -0.000104866 0.0104104 -1.20678e-07 -4.42533e-09 -1.20678e-07 1.03546e-06 
159
0
0
-0.000844785
0.00626329 -0.000104845 -4.42704e-09 -0.000104845 0.0104104 -1.20678e-07 -4.42704e-09 -1.20678e-07 1.03546e-06 
160
0
0
4.49227e-05
0.00626329 -0.000104835 -4.42798e-09 -0.000104835 0.0104104 -1.20678e-07 -4.42798e-09 -1.20678e-07 1.03546e-06 
161
0
0
-0.000207139
0.00626329 -0.000104856 -4.42543e-09 -0.000104856 0.0104104 -1.20678e-07 -4.42543e-09 -1.20678e-07 1.03546e-06 
162
0
0
-0.000678091
0.00626329 -0.000104855 -4.42579e-09 -0.000104855 0.0104104 -1.20677e-07 -4.42579e-09 -1.20677e-07 1.03546e-06 
163
0
0
-0.000109495
0.00626329 -0.000104842 -4.42694e-09 -0.000104842 0.0104104 -1.20677e-07 -4.42694e-09 -1.20677e-07 1.03546e-06 
164
0
0
0.00105753
0.00626329 -0.000104854 -4.42707e-09 -0.000104854 0.0104104 -1.20677e-07 -4.42707e-09 -1.20677e-07 1.03546e-06 
165
0
0
-3.21392e-05
0.00626329 -0.00010489 -4.4236e-09 -0.00010489 0.0104104 -1.20676e-07 -4.4236e-09 -1.20676e-07 1.03546e-06 
166
0
0
-1.44449e-06
0.00626329 -0.000104869 -4.42624e-09 -0.000104869 0.0104104 -1.20676e-07 -4.42624e-09 -1.20676e-07 1.03546e-06 
167
0
0
-0.000775324
0.00626329 -0.000104864 -4.42736e-09 -0.000104864 0.0104104 -1.20676e-07 -4.42736e-09 -1.20676e-07 1.03546e-06 
168
0
0
-0.000626106
0.00626329 -0.000104842 -4.43065e-09 -0.000104842 0.0104104 -1.20676e-07 -4.43065e-09 -1.20676e-07 1.03546e-06 
169
0
0
0.000149949
0.00626329 -0.00010484 -4.43066e-09 -0.00010484 0.0104104 -1.20677e-07 -4.43066e-09 -1.20677e-07 1.03546e-06 
170
0
0
0.00093999
0.00626329 -0.000104861 -4.42819e-09 -0.000104861 0.0104104 -1.20677e-07 -4.42819e-09 -1.20677e-07 1.03546e-06 
171
0
0
0.000212287
0.00626329 -0.000104888 -4.42461e-09 -0.000104888 0.0104104 -1.20677e-07 -4.42461e-09 -1.20677e-07 1.03546e-06 
172
0
0
-6.52317e-05
0.00626329 -0.000104875 -4.42482e-09 -0.000104875 0.0104104 -1.20677e-07 -4.42482e-09 -1.20677e-07 1.03546e-06 
173
0
0
-0.000375377
0.00626329 -0.000104864 -4.42581e-09 -0.000104864 0.0104104 -1.20677e-07 -4.42581e-09 -1.20677e-07 1.03546e-06 
174
0
0
0.000772705
0.00626329 -0.000104853 -4.42577e-09 -0.000104853 0.0104104 -1.20677e-07 -4.42577e-09 -1.20677e-07 1.03546e-06 
175
0
0
-0.000288121
0.00626329 -0.000104881 -4.4206e-09 -0.000104881 0.0104104 -1.20677e-07 -4.4206e-09 -1.20677e-07 1.03546e-06 
176
0
0
0.000386531
0.00626329 -0.00010486 -4.42377e-09 -0.00010486 0.0104104 -1.20677e-07 -4.42377e-09 -1.20677e-07 1.03546e-06 
177
0
0
-2.35432e-05
0.00626329 -0.000104873 -4.42237e-09 -0.000104873 0.0104104 -1.20678e-07 -4.42237e-09 -1.20678e-07 1.03546e-06 
178
0
0
0.000194859
0.00626329 -0.000104865 -4.42239e-09 -0.000104865 0.0104104 -1.20678e-07 -4.42239e-09 -1.20678e-07 1.03546e-06 
179
0
0
-0.000387308
0.00626329 -0.000104869 -4.42129e-09 -0.000104869 0.0104104 -1.20678e-07 -4.42129e-09 -1.20678e-07 1.03546e-06 
180
0
0
0.000262492
0.00626329 -0.000104854 -4.42242e-09 -0.000104854 0.0104104 -1.20679e-07 -4.42242e-09 -1.20679e-07 1.03546e-06 
181
0
0
-0.000529746
0.00626329 -0.000104868 -4.42039e-09 -0.000104868 0.0104104 -1.20681e-07 -4.42039e-09 -1.20681e-07 1.03546e-06 
182
0
0
0.000292491
0.00626329 -0.000104849 -4.42173e-09 -0.000104849 0.0104104 -1.20681e-07 -4.42173e-09 -1.20681e-07 1.03546e-06 
183
0
0
0.000953614
0.00626329 -0.000104867 -4.41916e-09 -0.000104867 0.0104104 -1.20682e-07 -4.41916e-09 -1.20682e-07 1.03546e-06 
184
0
0
-0.000397119
0.00626329 -0.00010489 -4.41727e-09 -0.00010489 0.0104104 -1.20682e-07 -4.41727e-09 -1.20682e-07 1.03546e-06 
185
0
0
0.000386858
0.00626329 -0.000104859 -4.4217e-09 -0.000104859 0.0104104 -1.20681e-07 -4.4217e-09 -1.20681e-07 1.03546e-06 
186
0
0
-0.000206626
0.00626329 -0.000104872 -4.42008e-09 -0.000104872 0.0104104 -1.20682e-07 -4.42008e-09 -1.20682e-07 1.03546e-06 
187
0
0
-0.000850409
0.00626329 -0.00010486 -4.4215e-09 -0.00010486 0.0104104 -1.20682e-07 -4.4215e-09 -1.20682e-07 1.03546e-06 
188
0
0
-0.000324399
0.00626329 -0.000104838 -4.43828e-09 -0.000104838 0.0104104 -1.2068e-07 -4.43828e-09 -1.2068e-07 1.03546e-06 
189
0
0
-0.00097716
0.00626329 -0.000104847 -4.44634e-09 -0.000104847 0.0104104 -1.20678e-07 -4.44634e-09 -1.20678e-07 1.03546e-06 
190
0
0
-0.000771539
0.00626329 -0.000104832 -4.45306e-09 -0.000104832 0.0104104 -1.20678e-07 -4.45306e-09 -1.20678e-07 1.03546e-06 
191
0
0
0.000480941
0.00626329 -0.000104833 -4.45532e-09 -0.000104833 0.0104104 -1.20677e-07 -4.45532e-09 -1.20677e-07 1.03546e-06 
192
0
0
0.00127128
0.00626329 -0.000104868 -4.45267e-09 -0.000104868 0.0104104 -1.20677e-07 -4.45267e-09 -1.20677e-07 1.03546e-06 
193
0
0
0.000214737
0.00626329 -0.000104899 -4.4501e-09 -0.000104899 0.0104104 -1.20677e-07 -4.4501e-09 -1.20677e-07 1.03546e-06 
194
0
0
0.000608668
0.00626329 -0.000104878 -4.45304e-09 -0.000104878 0.0104104 -1.20677e-07 -4.45304e-09 -1.20677e-07 1.03546e-06 
195
0
0
0.00089343
0.00626329 -0.000104884 -4.45245e-09 -0.000104884 0.0104104 -1.20677e-07 -4.45245e-09 -1.20677e-07 1.03546e-06 
196
0
0
0.000348341
0.00626329 -0.000104893 -4.45182e-09 -0.000104893 0.0104104 -1.20677e-07 -4.45182e-09 -1.20677e-07 1.03546e-06 
197
0
0
0.00105562
0.00626329 -0.00010488 -4.45353e-09 -0.00010488 0.0104104 -1.20676e-07 -4.45353e-09 -1.20676e-07 1.03546e-06 
198
0
0
-0.000198429
0.00626329 -0.000104897 -4.45142e-09 -0.000104897 0.0104104 -1.20676e-07 -4.45142e-09 -1.20676e-07 1.03546e-06 
199
0
0
-2.06338e-05
0.00626329 -0.000104866 -4.45504e-09 -0.000104866 0.0104104 -1.20676e-07 -4.45504e-09 -1.20676e-07 1.03546e-06 
200
0
0
0.000139785
0.00626329 -0.000104863 -4.45532e-09 -0.000104863 0.0104104 -1.20676e-07 -4.45532e-09 -1.20676e-07 1.03546e-06 
201
0
0
0.00108541
0.00626329 -0.000104867 -4.45495e-09 -0.000104867 0.0104104 -1.20675e-07 -4.45495e-09 -1.20675e-07 1.03546e-06 
202
0
0
0.000679785
0.00626329 -0.000104894 -4.45191e-09 -0.000104894 0.0104104 -1.20675e-07 -4.45191e-09 -1.20675e-07 1.03546e-06 
203
0
0
0.000651155
0.00626329 -0.00010489 -4.45237e-09 -0.00010489 0.0104104 -1.20675e-07 -4.45237e-09 -1.20675e-07 1.03546e-06 
204
0
0
0.000833694
0.00626329 -0.000104888 -4.45247e-09 -0.000104888 0.0104104 -1.20675e-07 -4.45247e-09 -1.20675e-07 1.03546e-06 
205
0
0
-0.000252431
0.00626329 -0.000104892 -4.45215e-09 -0.000104892 0.0104104 -1.20675e-07 -4.45215e-09 -1.20675e-07 1.03546e-06 
206
0
0
-0.000450959
0.00626329 -0.000104864 -4.45601e-09 -0.000104864 0.0104104 -1.20673e-07 -4.45601e-09 -1.20673e-07 1.03546e-06 
207
0
0
0.000309644
0.00626329 -0.00010485 -4.45747e-09 -0.00010485 0.0104104 -1.20672e-07 -4.45747e-09 -1.20672e-07 1.03546e-06 
208
0
0
0.000163004
0.00626329 -0.000104868 -4.45519e-09 -0.000104868 0.0104104 -1.20671e-07 -4.45519e-09 -1.20671e-07 1.03546e-06 
209
0
0
0.000298054
0.00626329 -0.000104869 -4.45522e-09 -0.000104869 0.0104104 -1.20671e-07 -4.45522e-09 -1.20671e-07 1.03546e-06 
210
0
0
-5.20758e-06
0.00626329 -0.000104873 -4.45494e-09 -0.000104873 0.0104104 -1.2067e-07 -4.45494e-09 -1.2067e-07 1.03546e-06 
211
0
0
0.000285424
0.00626329 -0.000104865 -4.45581e-09 -0.000104865 0.0104104 -1.20671e-07 -4.45581e-09 -1.20671e-07 1.03546e-06 
212
0
0
-0.00100208
0.00626329 -0.000104871 -4.45472e-09 -0.000104871 0.0104104 -1.20671e-07 -4.45472e-09 -1.20671e-07 1.03546e-06 
213
0
0
-0.00106148
0.00626329 -0.000104837 -4.4582e-09 -0.000104837 0.0104104 -1.20674e-07 -4.4582e-09 -1.20674e-07 1.03546e-06 
214
0
0
0.000387137
0.00626329 -0.000104827 -4.45906e-09 -0.000104827 0.0104104 -1.20676e-07 -4.45906e-09 -1.20676e-07 1.03546e-06 
215
0
0
0.000478972
0.00626329 -0.000104864 -4.45492e-09 -0.000104864 0.0104104 -1.20676e-07 -4.45492e-09 -1.20676e-07 1.03546e-06 
216
0
0
0.000567508
0.00626329 -0.000104876 -4.45384e-09 -0.000104876 0.0104104 -1.20675e-07 -4.45384e-09 -1.20675e-07 1.03546e-06 
217
0
0
0.000363841
0.00626329 -0.000104882 -4.45345e-09 -0.000104882 0.0104104 -1.20674e-07 -4.45345e-09 -1.20674e-07 1.03546e-06 
218
0
0
-0.000415115
0.00626329 -0.000104878 -4.45406e-09 -0.000104878 0.0104104 -1.20674e-07 -4.45406e-09 -1.20674e-07 1.03546e-06 
219
0
0
0.00036862
0.00626329 -0.000104855 -4.45671e-09 -0.000104855 0.0104104 -1.20675e-07 -4.45671e-09 -1.20675e-07 1.03546e-06 
220
0
0
-0.000851167
0.00626329 -0.000104871 -4.46143e-09 -0.000104871 0.0104104 -1.20673e-07 -4.46143e-09 -1.20673e-07 1.03546e-06 
221
0
0
-0.00070093
0.00626329 -0.000104841 -4.46924e-09 -0.000104841 0.0104104 -1.20671e-07 -4.46924e-09 -1.20671e-07 1.03546e-06 
222
0
0
-0.000765827
0.00626329 -0.000104838 -4.4718e-09 -0.000104838 0.0104104 -1.20671e-07 -4.4718e-09 -1.20671e-07 1.03546e-06 
223
0
0
2.55848e-05
0.00626329 -0.000104835 -4.47319e-09 -0.000104835 0.0104104 -1.2067e-07 -4.47319e-09 -1.2067e-07 1.03546e-06 
224
0
0
-0.000845349
0.00626329 -0.000104856 -4.47149e-09 -0.000104856 0.0104104 -1.20669e-07 -4.47149e-09 -1.20669e-07 1.03546e-06 
225
0
0
0.00035939
0.00626329 -0.000104838 -4.47447e-09 -0.000104838 0.0104104 -1.20668e-07 -4.47447e-09 -1.20668e-07 1.03546e-06 
226
0
0
-0.000177586
0.00626329 -0.000104866 -4.47145e-09 -0.000104866 0.0104104 -1.20667e-07 -4.47145e-09 -1.20667e-07 1.03546e-06 
227
0
0
0.00084153
0.00626329 -0.000104859 -4.47276e-09 -0.000104859 0.0104104 -1.20667e-07 -4.47276e-09 -1.20667e-07 1.03546e-06 
228
0
0
-0.000377918
0.00626329 -0.000104885 -4.46668e-09 -0.000104885 0.0104104 -1.2067e-07 -4.46668e-09 -1.2067e-07 1.03546e-06 
229
0
0
-0.00068619
0.00626329 -0.000104858 -4.4679e-09 -0.000104858 0.0104104 -1.20671e-07 -4.4679e-09 -1.20671e-07 1.03546e-06 
230
0
0
-0.000498352
0.00626329 -0.000104842 -4.46861e-09 -0.000104842 0.0104104 -1.20672e-07 -4.46861e-09 -1.20672e-07 1.03546e-06 
231
0
0
-9.05754e-05
0.00626329 -0.000104844 -4.46784e-09 -0.000104844 0.0104104 -1.20671e-07 -4.46784e-09 -1.20671e-07 1.03546e-06 
232
0
0
-0.00120809
0.00626329 -0.000104855 -4.466e-09 -0.000104855 0.0104104 -1.20671e-07 -4.466e-09 -1.20671e-07 1.03546e-06 
233
0
0
0.000147122
0.00626329 -0.000104827 -4.46894e-09 -0.000104827 0.0104104 -1.20671e-07 -4.46894e-09 -1.20671e-07 1.03546e-06 
234
0
0
-0.00143522
0.00626329 -0.000104857 -4.46461e-09 -0.000104857 0.0104104 -1.20671e-07 -4.46461e-09 -1.20671e-07 1.03546e-06 
235
0
0
-0.000313253
0.00626329 -0.000104822 -4.46854e-09 -0.000104822 0.0104104 -1.20671e-07 -4.46854e-09 -1.20671e-07 1.03546e-06 
236
0
0
-0.000481991
0.00626329 -0.000104843 -4.46533e-09 -0.000104843 0.0104104 -1.2067e-07 -4.46533e-09 -1.2067e-07 1.03546e-06 
237
0
0
-0.000417736
0.00626329 -0.000104844 -4.46507e-09 -0.000104844 0.0104104 -1.20669e-07 -4.46507e-09 -1.20669e-07 1.03546e-06 
238
0
0
0.000277851
0.00626329 -0.000104846 -4.46469e-09 -0.000104846 0.0104104 -1.20669e-07 -4.46469e-09 -1.20669e-07 1.03546e-06 
239
0
0
-4.61129e-05
0.00626329 -0.000104866 -4.4624e-09 -0.000104866 0.0104104 -1.20668e-07 -4.4624e-09 -1.20668e-07 1.03546e-06 
240
0
0
-3.23414e-05
0.00626329 -0.000104862 -4.46305e-09 -0.000104862 0.0104104 -1.20668e-07 -4.46305e-09 -1.20668e-07 1.03546e-06 
241
0
0
7.49407e-05
0.00626329 -0.000104862 -4.46335e-09 -0.000104862 0.0104104 -1.20668e-07 -4.46335e-09 -1.20668e-07 1.03546e-06 
242
0
0
-0.000225267
0.00626329 -0.000104865 -4.46326e-09 -0.000104865 0.0104104 -1.20668e-07 -4.46326e-09 -1.20668e-07 1.03546e-06 
243
0
0
4.81739e-05
0.00626329 -0.000104857 -4.46407e-09 -0.000104857 0.0104104 -1.20668e-07 -4.46407e-09 -1.20668e-07 1.03546e-06 
244
0
0
-0.000225719
0.00626329 -0.000104862 -4.46389e-09 -0.000104862 0.0104104 -1.20666e-07 -4.46389e-09 -1.20666e-07 1.03546e-06 
245
0
0
0.000339342
0.00626329 -0.000104856 -4.46502e-09 -0.000104856 0.0104104 -1.20664e-07 -4.46502e-09 -1.20664e-07 1.03546e-06 
246
0
0
0.000512358
0.00626329 -0.00010487 -4.46348e-09 -0.00010487 0.0104104 -1.20663e-07 -4.46348e-09 -1.20663e-07 1.03546e-06 
247
0
0
0.000690148
0.00626329 -0.000104879 -4.46244e-09 -0.000104879 0.0104104 -1.20663e-07 -4.46244e-09 -1.20663e-07 1.03546e-06 
248
0
0
0.000480492
0.00626329 -0.000104886 -4.46191e-09 -0.000104886 0.0104104 -1.20663e-07 -4.46191e-09 -1.20663e-07 1.03546e-06 
249
0
0
0.000537591
0.00626329 -0.000104882 -4.46256e-09 -0.000104882 0.0104104 -1.20663e-07 -4.46256e-09 -1.20663e-07 1.03546e-06 
250
0
0
-0.000277331
0.00626329 -0.000104883 -4.46248e-09 -0.000104883 0.0104104 -1.20663e-07 -4.46248e-09 -1.20663e-07 1.03546e-06 
251
0
0
6.78885e-05
0.00626329 -0.00010486 -4.46737e-09 -0.00010486 0.0104104 -1.20664e-07 -4.46737e-09 -1.20664e-07 1.03546e-06 
252
0
0
0.00107736
0.00626329 -0.000104864 -4.46835e-09 -0.000104864 0.0104104 -1.20665e-07 -4.46835e-09 -1.20665e-07 1.03546e-06 
253
0
0
0.000377985
0.00626329 -0.000104893 -4.46604e-09 -0.000104893 0.0104104 -1.20666e-07 -4.46604e-09 -1.20666e-07 1.03546e-06 
254
0
0
-0.000201424
0.00626329 -0.000104881 -4.46869e-09 -0.000104881 0.0104104 -1.20666e-07 -4.46869e-09 -1.20666e-07 1.03546e-06 
255
0
0
0.000645069
0.00626329 -0.000104862 -4.47017e-09 -0.000104862 0.0104104 -1.20666e-07 -4.47017e-09 -1.20666e-07 1.03546e-06 
256
0
0
-0.000434935
0.00626329 -0.00010488 -4.46689e-09 -0.00010488 0.0104104 -1.20666e-07 -4.46689e-09 -1.20666e-07 1.03546e-06 
257
0
0
0.000829872
0.00626329 -0.000104855 -4.47018e-09 -0.000104855 0.0104104 -1.20666e-07 -4.47018e-09 -1.20666e-07 1.03546e-06 
258
0
0
-0.000298439
0.00626329 -0.000104884 -4.46746e-09 -0.000104884 0.0104104 -1.20666e-07 -4.46746e-09 -1.20666e-07 1.03546e-06 
259
0
0
0.000888755
0.00626329 -0.00010486 -4.47045e-09 -0.00010486 0.0104104 -1.20665e-07 -4.47045e-09 -1.20665e-07 1.03546e-06 
260
0
0
0.00066735
0.00626329 -0.000104887 -4.45979e-09 -0.000104887 0.0104104 -1.20669e-07 -4.45979e-09 -1.20669e-07 1.03546e-06 
261
0
0
7.82479e-05
0.00626329 -0.000104888 -4.45556e-09 -0.000104888 0.0104104 -1.2067e-07 -4.45556e-09 -1.2067e-07 1.03546e-06 
262
0
0
-0.000500665
0.00626329 -0.000104871 -4.45603e-09 -0.000104871 0.0104104 -1.20672e-07 -4.45603e-09 -1.20672e-07 1.03546e-06 
263
0
0
-0.000194048
0.00626329 -0.000104851 -4.45704e-09 -0.000104851 0.0104104 -1.20672e-07 -4.45704e-09 -1.20672e-07 1.03546e-06 
264
0
0
-0.000848689
0.00626329 -0.000104854 -4.45479e-09 -0.000104854 0.0104104 -1.20673e-07 -4.45479e-09 -1.20673e-07 1.03546e-06 
265
0
0
0.000476123
0.00626329 -0.000104837 -4.4558e-09 -0.000104837 0.0104104 -1.20673e-07 -4.4558e-09 -1.20673e-07 1.03546e-06 
266
0
0
-0.000340265
0.00626329 -0.000104869 -4.45146e-09 -0.000104869 0.0104104 -1.20673e-07 -4.45146e-09 -1.20673e-07 1.03546e-06 
267
0
0
-0.000392836
0.00626329 -0.000104855 -4.45288e-09 -0.000104855 0.0104104 -1.20673e-07 -4.45288e-09 -1.20673e-07 1.03546e-06 
268
0
0
-0.00109425
0.00626335 -9.11468e-05 -5.65188e-09 -9.11468e-05 0.0104091 -1.20587e-07 -5.65188e-09 -1.20587e-07 1.03546e-06 
269
0
0
-0.000768696
0.00626333 -8.7467e-05 -5.78401e-09 -8.7467e-05 0.0104086 -1.20577e-07 -5.78401e-09 -1.20577e-07 1.03546e-06 
270
0
0
-0.000336899
0.00626332 -8.64932e-05 -5.80327e-09 -8.64932e-05 0.0104085 -1.20575e-07 -5.80327e-09 -1.20575e-07 1.03546e-06 
271
0
0
0.000285314
0.00626332 -8.62451e-05 -5.80641e-09 -8.62451e-05 0.0104084 -1.20574e-07 -5.80641e-09 -1.20574e-07 1.03546e-06 
272
0
0
-3.29282e-05
0.00626332 -8.6196e-05 -5.80554e-09 -8.6196e-05 0.0104084 -1.20574e-07 -5.80554e-09 -1.20574e-07 1.03546e-06 
273
0
0
0.00094105
0.00626332 -8.61741e-05 -5.80644e-09 -8.61741e-05 0.0104084 -1.20574e-07 -5.80644e-09 -1.20574e-07 1.03546e-06 
274
0
0
0.000659113
0.00626332 -8.61952e-05 -5.80347e-09 -8.61952e-05 0.0104084 -1.20573e-07 -5.80347e-09 -1.20573e-07 1.03546e-06 
275
0
0
-0.000131423
0.00626332 -8.6193e-05 -5.80391e-09 -8.6193e-05 0.0104084 -1.20573e-07 -5.80391e-09 -1.20573e-07 1.03546e-06 
276
0
0
-0.00126989
0.00626332 -8.61706e-05 -5.80439e-09 -8.61706e-05 0.0104084 -1.20573e-07 -5.80439e-09 -1.20573e-07 1.03546e-06 
277
0
0
0.000665647
0.00626331 -8.61331e-05 -5.80717e-09 -8.61331e-05 0.0104084 -1.20573e-07 -5.80717e-09 -1.20573e-07 1.03546e-06 
278
0
0
0.000231774
0.00626332 -8.61766e-05 -5.80117e-09 -8.61766e-05 0.0104084 -1.20573e-07 -5.80117e-09 -1.20573e-07 1.03546e-06 
279
0
0
0.000507074
0.00626332 -8.61762e-05 -5.80113e-09 -8.61762e-05 0.0104084 -1.20573e-07 -5.80113e-09 -1.20573e-07 1.03546e-06 
280
0
0
0.00085746
0.00626332 -8.61838e-05 -5.80007e-09 -8.61838e-05 0.0104084 -1.20573e-07 -5.80007e-09 -1.20573e-07 1.03546e-06 
281
0
0
0.000544512
0.00626332 -8.61954e-05 -5.79855e-09 -8.61954e-05 0.0104084 -1.20573e-07 -5.79855e-09 -1.20573e-07 1.03546e-06 
282
0
0
0.000657522
0.00626332 -8.61899e-05 -5.7991e-09 -8.61899e-05 0.0104084 -1.20573e-07 -5.7991e-09 -1.20573e-07 1.03546e-06 
283
0
0
-0.0011197
0.00626324 -9.98932e-05 -4.6036e-09 -9.98932e-05 0.0104097 -1.20656e-07 -4.6036e-09 -1.20656e-07 1.03546e-06 
284
0
0
-1.16577e-05
0.00626327 -0.000103504 -4.47941e-09 -0.000103504 0.0104101 -1.20666e-07 -4.47941e-09 -1.20666e-07 1.03546e-06 
285
0
0
-0.000192515
0.00626328 -0.000104499 -4.45726e-09 -0.000104499 0.0104103 -1.20667e-07 -4.45726e-09 -1.20667e-07 1.03546e-06 
286
0
0
0.000670326
0.00626329 -0.00010476 -4.45273e-09 -0.00010476 0.0104104 -1.20668e-07 -4.45273e-09 -1.20668e-07 1.03546e-06 
287
0
0
0.000730988
0.00626329 -0.000104854 -4.44849e-09 -0.000104854 0.0104104 -1.20668e-07 -4.44849e-09 -1.20668e-07 1.03546e-06 
288
0
0
4.85284e-05
0.00626329 -0.000104881 -4.44718e-09 -0.000104881 0.0104104 -1.20668e-07 -4.44718e-09 -1.20668e-07 1.03546e-06 
289
0
0
-0.00050198
0.00626329 -0.000104869 -4.44901e-09 -0.000104869 0.0104104 -1.20668e-07 -4.44901e-09 -1.20668e-07 1.03546e-06 
290
0
0
0.000644267
0.00626329 -0.00010485 -4.45052e-09 -0.00010485 0.0104104 -1.20668e-07 -4.45052e-09 -1.20668e-07 1.03546e-06 
291
0
0
0.00105238
0.00626329 -0.000104877 -4.44663e-09 -0.000104877 0.0104104 -1.20667e-07 -4.44663e-09 -1.20667e-07 1.03546e-06 
292
0
0
0.000280562
0.00626329 -0.000104896 -4.44457e-09 -0.000104896 0.0104104 -1.20667e-07 -4.44457e-09 -1.20667e-07 1.03546e-06 
293
0
0
0.000464013
0.00626329 -0.000104879 -4.4466e-09 -0.000104879 0.0104104 -1.20667e-07 -4.4466e-09 -1.20667e-07 1.03546e-06 
294
0
0
0.000295451
0.00626329 -0.00010488 -4.44618e-09 -0.00010488 0.0104104 -1.20667e-07 -4.44618e-09 -1.20667e-07 1.03546e-06 
295
0
0
0.00118994
0.00626329 -0.000104875 -4.44669e-09 -0.000104875 0.0104104 -1.20667e-07 -4.44669e-09 -1.20667e-07 1.03546e-06 
296
0
0
-0.000684287
0.00626329 -0.000104899 -4.44385e-09 -0.000104899 0.0104104 -1.20667e-07 -4.44385e-09 -1.20667e-07 1.03546e-06 
297
0
0
0.000105551
0.00626329 -0.000104853 -4.4492e-09 -0.000104853 0.0104104 -1.20667e-07 -4.4492e-09 -1.20667e-07 1.03546e-06 
298
0
0
0.000156425
0.00626329 -0.000104863 -4.44768e-09 -0.000104863 0.0104104 -1.20667e-07 -4.44768e-09 -1.20667e-07 1.03546e-06 
299
0
0
0.000233208
0.00626329 -0.000104867 -4.4473e-09 -0.000104867 0.0104104 -1.20667e-07 -4.4473e-09 -1.20667e-07 1.03546e-06 
300
0
0
0.000438029
0.00626329 -0.00010487 -4.44494e-09 -0.00010487 0.0104104 -1.20666e-07 -4.44494e-09 -1.20666e-07 1.03546e-06 
301
0
0
0.000614334
0.00626329 -0.000104877 -4.44305e-09 -0.000104877 0.0104104 -1.20665e-07 -4.44305e-09 -1.20665e-07 1.03546e-06 
302
0
0
-0.000593186
0.00626329 -0.000104883 -4.44145e-09 -0.000104883 0.0104104 -1.20665e-07 -4.44145e-09 -1.20665e-07 1.03546e-06 
303
0
0
-0.000276247
0.00626329 -0.000104852 -4.44475e-09 -0.000104852 0.0104104 -1.20665e-07 -4.44475e-09 -1.20665e-07 1.03546e-06 
304
0
0
9.37213e-05
0.00626329 -0.000104852 -4.44434e-09 -0.000104852 0.0104104 -1.20665e-07 -4.44434e-09 -1.20665e-07 1.03546e-06 
305
0
0
-0.000429991
0.00626329 -0.000104862 -4.44267e-09 -0.000104862 0.0104104 -1.20665e-07 -4.44267e-09 -1.20665e-07 1.03546e-06 
306
0
0
9.31196e-05
0.00626329 -0.000104851 -4.444e-09 -0.000104851 0.0104104 -1.20665e-07 -4.444e-09 -1.20665e-07 1.03546e-06 
307
0
0
-0.000122773
0.00626329 -0.000104862 -4.44284e-09 -0.000104862 0.0104104 -1.20665e-07 -4.44284e-09 -1.20665e-07 1.03546e-06 
308
0
0
-0.000200591
0.00626329 -0.000104859 -4.44319e-09 -0.000104859 0.0104104 -1.20666e-07 -4.44319e-09 -1.20666e-07 1.03546e-06 
309
0
0
0.000195153
0.00626329 -0.000104856 -4.44305e-09 -0.000104856 0.0104104 -1.20666e-07 -4.44305e-09 -1.20666e-07 1.03546e-06 
310
0
0
-0.000191968
0.00626329 -0.000104866 -4.44189e-09 -0.000104866 0.0104104 -1.20665e-07 -4.44189e-09 -1.20665e-07 1.03546e-06 
311
0
0
0.000250324
0.00626329 -0.000104858 -4.44347e-09 -0.000104858 0.0104104 -1.20665e-07 -4.44347e-09 -1.20665e-07 1.03546e-06 
312
0
0
5.40971e-05
