3
-0.00056453
0.00103757
-0.000119031
0.00120742 -4.72099e-07 -5.75184e-11 -4.72099e-07 0.00175112 -6.00735e-09 -5.75184e-11 -6.00735e-09 1.21852e-06 
4
-0.000768034
0.00218139
-0.000596526
0.00154006 -1.2048e-06 -2.26119e-10 -1.2048e-06 0.00245444 -1.07085e-08 -2.26119e-10 -1.07085e-08 1.031e-06 
5
-0.000471754
0.00333607
0.000336232
0.00145767 -1.5982e-05 3.58521e-09 -1.5982e-05 0.00309821 -1.73121e-08 3.58521e-09 -1.73121e-08 1.03002e-06 
6
0.00011179
0.00439114
0.000871823
0.00142268 -2.75862e-05 4.00121e-09 -2.75862e-05 0.00367641 -2.51203e-08 4.00121e-09 -2.51203e-08 1.0307e-06 
7
0.00109913
0.00535392
0.000552992
0.00167857 -2.19635e-05 3.48647e-10 -2.19635e-05 0.00418729 -3.39358e-08 3.48647e-10 -3.39358e-08 1.03086e-06 
8
0.00181774
0.00615364
0.00033056
0.00151582 -3.66714e-05 3.98202e-09 -3.66714e-05 0.0046299 -4.29071e-08 3.98202e-09 -4.29071e-08 1.03093e-06 
9
0.00260148
0.00675533
-0.000136122
0.00144837 -4.65649e-05 4.33317e-09 -4.65649e-05 0.00500905 -5.23119e-08 4.33317e-09 -5.23119e-08 1.03097e-06 
10
0.00346707
0.00725896
-0.000430283
0.00141948 -5.36948e-05 4.41014e-09 -5.36948e-05 0.00533 -6.17517e-08 4.41014e-09 -6.17517e-08 1.03101e-06 
11
0.00526767
0.00732929
0.000391619
0.00167733 -4.07967e-05 6.13862e-10 -4.07967e-05 0.00560024 -7.12531e-08 6.13862e-10 -7.12531e-08 1.03105e-06 
12
0.00552916
0.00694005
0.00091581
0.00151592 -5.3417e-05 4.31878e-09 -5.3417e-05 0.00582343 -7.99337e-08 4.31878e-09 -7.99337e-08 1.03108e-06 
13
0.00605258
0.00639634
0.000163866
0.00144889 -6.10195e-05 4.70238e-09 -6.10195e-05 0.00600776 -8.83734e-08 4.70238e-09 -8.83734e-08 1.03111e-06 
14
0.00771743
0.00575204
0.000395666
0.00169598 -4.57995e-05 7.78136e-10 -4.57995e-05 0.00616057 -9.65955e-08 7.78136e-10 -9.65955e-08 1.03114e-06 
15
0.00735573
0.00494671
0.00108857
0.00152365 -5.8547e-05 4.55452e-09 -5.8547e-05 0.00628377 -1.03733e-07 4.55452e-09 -1.03733e-07 1.03117e-06 
16
0.00895444
0.00445147
-0.000939363
0.00174232 -4.37786e-05 7.53465e-10 -4.37786e-05 0.00638584 -1.10832e-07 7.53465e-10 -1.10832e-07 1.03119e-06 
17
0.00856907
0.00358612
-0.000194559
0.00154225 -5.84118e-05 4.67708e-09 -5.84118e-05 0.00646682 -1.16819e-07 4.67708e-09 -1.16819e-07 1.03122e-06 
18
0.00900369
0.00282692
0.00101994
0.00146026 -6.62783e-05 5.06804e-09 -6.62783e-05 0.00653255 -1.22509e-07 5.06804e-09 -1.22509e-07 1.03124e-06 
19
0.00945884
0.00200985
0.0010357
0.00142519 -7.08932e-05 5.14472e-09 -7.08932e-05 0.00658575 -1.27706e-07 5.14472e-09 -1.27706e-07 1.03126e-06 
20
0.0113024
0.00147923
0.00129906
0.00168137 -5.27646e-05 1.11361e-09 -5.27646e-05 0.00663034 -1.32716e-07 1.11361e-09 -1.32716e-07 1.03127e-06 
21
0.0103002
0.000407364
0.000303154
0.0015179 -6.4283e-05 4.89411e-09 -6.4283e-05 0.00666448 -1.367e-07 4.89411e-09 -1.367e-07 1.03129e-06 
22
0.0100837
-0.000550887
-0.000492981
0.00145001 -7.0328e-05 5.27519e-09 -7.0328e-05 0.00669211 -1.40507e-07 5.27519e-09 -1.40507e-07 1.0313e-06 
23
0.012188
-0.00155488
0.000218983
0.0016969 -5.21089e-05 1.1651e-09 -5.21089e-05 0.0067161 -1.44265e-07 1.1651e-09 -1.44265e-07 1.03132e-06 
24
0.0113465
-0.0029918
0.000981709
0.00152419 -6.42387e-05 4.99517e-09 -6.42387e-05 0.00673353 -1.47081e-07 4.99517e-09 -1.47081e-07 1.03133e-06 
25
0.0110076
-0.00398614
0.000288646
0.0014527 -7.06035e-05 5.38568e-09 -7.06035e-05 0.00674769 -1.49826e-07 5.38568e-09 -1.49826e-07 1.03134e-06 
26
0.0109742
-0.00515198
0.000372165
0.00142198 -7.40896e-05 5.44091e-09 -7.40896e-05 0.00675916 -1.52308e-07 5.44091e-09 -1.52308e-07 1.03135e-06 
27
0.0130891
-0.00616138
0.000679722
0.00167942 -5.49196e-05 1.32547e-09 -5.49196e-05 0.00677007 -1.54836e-07 1.32547e-09 -1.54836e-07 1.03136e-06 
28
0.0121726
-0.0075468
0.00158554
0.00151715 -6.59843e-05 5.11338e-09 -6.59843e-05 0.00677701 -1.56538e-07 5.11338e-09 -1.56538e-07 1.03137e-06 
29
0.0139962
-0.00826891
0.00037997
0.00173849 -4.89187e-05 1.1574e-09 -4.89187e-05 0.00678453 -1.586e-07 1.1574e-09 -1.586e-07 1.03137e-06 
30
0.0126017
-0.00929389
0.000366418
0.00154085 -6.28983e-05 5.13209e-09 -6.28983e-05 0.00678858 -1.59877e-07 5.13209e-09 -1.59877e-07 1.03138e-06 
31
0.0122057
-0.00977295
-0.000554076
0.00145977 -7.004e-05 5.52154e-09 -7.004e-05 0.00679201 -1.61247e-07 5.52154e-09 -1.61247e-07 1.03138e-06 
32
0.0121705
-0.0103839
-7.47593e-05
0.00142505 -7.38749e-05 5.56534e-09 -7.38749e-05 0.00679486 -1.62489e-07 5.56534e-09 -1.62489e-07 1.03139e-06 
33
0.0143834
-0.0109088
-0.000239228
0.00168134 -5.47063e-05 1.40736e-09 -5.47063e-05 0.00679888 -1.63907e-07 1.40736e-09 -1.63907e-07 1.03139e-06 
34
0.012932
-0.0118433
0.000304106
0.00151793 -6.59254e-05 5.20091e-09 -6.59254e-05 0.00680024 -1.64605e-07 5.20091e-09 -1.64605e-07 1.0314e-06 
35
0.014634
-0.0126038
0.000178586
0.00173997 -8.60021e-05 6.70379e-09 -8.60021e-05 0.00680218 -1.65499e-07 6.70379e-09 -1.65499e-07 1.0314e-06 
36
0.0154857
-0.0129891
-0.000208781
0.00187271 -6.17454e-05 1.53625e-09 -6.17454e-05 0.00680468 -1.66534e-07 1.53625e-09 -1.66534e-07 1.0314e-06 
37
0.0133883
-0.0135219
0.000281665
0.00159329 -7.06851e-05 5.50937e-09 -7.06851e-05 0.00680502 -1.66946e-07 5.50937e-09 -1.66946e-07 1.03141e-06 
38
0.0126242
-0.0139614
0.000387163
0.00148181 -7.47896e-05 5.76421e-09 -7.47896e-05 0.00680539 -1.67518e-07 5.76421e-09 -1.67518e-07 1.03141e-06 
39
0.0122631
-0.0140816
0.000345573
0.0014346 -7.68395e-05 5.73237e-09 -7.68395e-05 0.00680573 -1.68045e-07 5.73237e-09 -1.68045e-07 1.03141e-06 
40
0.0121188
-0.0146262
0.00107073
0.00141411 -7.79086e-05 5.7073e-09 -7.79086e-05 0.00680603 -1.68513e-07 5.7073e-09 -1.68513e-07 1.03141e-06 
41
0.0121222
-0.0149566
-0.000475792
0.00140513 -7.85318e-05 5.7037e-09 -7.85318e-05 0.00680628 -1.68926e-07 5.7037e-09 -1.68926e-07 1.03141e-06 
42
0.014224
-0.0147
-0.000224698
0.00166886 -5.80496e-05 1.54201e-09 -5.80496e-05 0.00680811 -1.69595e-07 1.54201e-09 -1.69595e-07 1.03141e-06 
43
0.0126834
-0.015052
-3.04477e-05
0.00151289 -6.78071e-05 5.28688e-09 -6.78071e-05 0.00680778 -1.69642e-07 5.28688e-09 -1.69642e-07 1.03142e-06 
44
0.0143886
-0.0150474
0.00081634
0.00173689 -8.72769e-05 6.78607e-09 -8.72769e-05 0.00680835 -1.69953e-07 6.78607e-09 -1.69953e-07 1.03142e-06 
45
0.0159736
-0.0140414
-4.33553e-05
0.0018709 -6.26737e-05 1.60215e-09 -6.26737e-05 0.00680969 -1.70466e-07 1.60215e-09 -1.70466e-07 1.03142e-06 
46
0.0138209
-0.0145159
0.00194718
0.0015926 -7.12188e-05 5.55912e-09 -7.12188e-05 0.00680912 -1.70416e-07 5.55912e-09 -1.70416e-07 1.03142e-06 
47
0.0126935
-0.0151878
0.000997367
0.00148153 -7.52086e-05 5.81613e-09 -7.52086e-05 0.00680874 -1.70578e-07 5.81613e-09 -1.70578e-07 1.03142e-06 
48
0.0122544
-0.0149767
-0.000415037
0.00143448 -7.71328e-05 5.77658e-09 -7.71328e-05 0.00680847 -1.70744e-07 5.77658e-09 -1.70744e-07 1.03142e-06 
49
0.0142136
-0.0147559
0.000693729
0.00168722 -5.69319e-05 1.52918e-09 -5.69319e-05 0.00680991 -1.71199e-07 1.52918e-09 -1.71199e-07 1.03142e-06 
50
0.0129176
-0.0148815
0.000505929
0.00152032 -6.73104e-05 5.31383e-09 -6.73104e-05 0.00680924 -1.71051e-07 5.31383e-09 -1.71051e-07 1.03142e-06 
51
0.0146717
-0.0156492
0.000965457
0.00174144 -8.70442e-05 6.81617e-09 -8.70442e-05 0.00680953 -1.71191e-07 6.81617e-09 -1.71191e-07 1.03142e-06 
52
0.0150883
-0.0162748
0.00149521
0.00187358 -6.25019e-05 1.61342e-09 -6.25019e-05 0.00681067 -1.71554e-07 1.61342e-09 -1.71554e-07 1.03142e-06 
53
0.0127299
-0.0166384
0.000627346
0.00159362 -7.12214e-05 5.5862e-09 -7.12214e-05 0.00680992 -1.71375e-07 5.5862e-09 -1.71375e-07 1.03142e-06 
54
0.0121515
-0.0168871
0.00012806
0.00148195 -7.51368e-05 5.82799e-09 -7.51368e-05 0.0068094 -1.71421e-07 5.82799e-09 -1.71421e-07 1.03142e-06 
55
0.0141389
-0.0171861
0.000777924
0.00171673 -5.53597e-05 1.49355e-09 -5.53597e-05 0.00681069 -1.71794e-07 1.49355e-09 -1.71794e-07 1.03142e-06 
56
0.0127727
-0.0172392
0.000363999
0.00153218 -6.65562e-05 5.33657e-09 -6.65562e-05 0.00680985 -1.71569e-07 5.33657e-09 -1.71569e-07 1.03142e-06 
57
0.0124549
-0.0174786
0.000780673
0.00145611 -7.22071e-05 5.68977e-09 -7.22071e-05 0.0068093 -1.71588e-07 5.68977e-09 -1.71588e-07 1.03142e-06 
58
0.0124788
-0.0178991
0.00120331
0.00142347 -7.5279e-05 5.71869e-09 -7.5279e-05 0.00680891 -1.71629e-07 5.71869e-09 -1.71629e-07 1.03142e-06 
59
0.0144779
-0.0179758
0.000533283
0.00168035 -5.57946e-05 1.53043e-09 -5.57946e-05 0.0068103 -1.71979e-07 1.53043e-09 -1.71979e-07 1.03142e-06 
60
0.0130824
-0.0186927
0.00112689
0.00151754 -6.66265e-05 5.31039e-09 -6.66265e-05 0.00680954 -1.71732e-07 5.31039e-09 -1.71732e-07 1.03142e-06 
61
0.012563
-0.0193271
0.000401324
0.0014499 -7.22408e-05 5.68235e-09 -7.22408e-05 0.00680906 -1.71732e-07 5.68235e-09 -1.71732e-07 1.03142e-06 
62
0.0159984
-0.0270627
0.000547423
0.00172902 -5.80786e-05 1.51632e-09 -5.80786e-05 0.00762157 -1.70444e-07 1.51632e-09 -1.70444e-07 1.03142e-06 
63
0.0137909
-0.0263147
-0.000229335
0.00153715 -7.10892e-05 5.46613e-09 -7.10892e-05 0.00745037 -1.84299e-07 5.46613e-09 -1.84299e-07 1.03142e-06 
64
0.012925
-0.0251731
0.000189178
0.00145826 -7.69501e-05 5.82951e-09 -7.69501e-05 0.00731646 -1.83401e-07 5.82951e-09 -1.83401e-07 1.03142e-06 
65
0.0146897
-0.0237727
0.000482844
0.00170205 -5.65105e-05 1.55205e-09 -5.65105e-05 0.00721314 -1.81291e-07 1.55205e-09 -1.81291e-07 1.03142e-06 
66
0.013231
-0.0229591
-0.000310875
0.00152631 -6.85948e-05 5.38777e-09 -6.85948e-05 0.00712946 -1.78818e-07 5.38777e-09 -1.78818e-07 1.03142e-06 
67
0.012827
-0.0228036
0.000441942
0.00145364 -7.43988e-05 5.7431e-09 -7.43988e-05 0.00706342 -1.7706e-07 5.7431e-09 -1.7706e-07 1.03142e-06 
68
0.0127651
-0.0225636
-7.91432e-05
0.00142242 -7.73574e-05 5.76991e-09 -7.73574e-05 0.00701113 -1.75717e-07 5.76991e-09 -1.75717e-07 1.03142e-06 
69
0.0148174
-0.0225995
0.00219946
0.00167969 -5.7075e-05 1.56173e-09 -5.7075e-05 0.00697139 -1.75003e-07 1.56173e-09 -1.75003e-07 1.03142e-06 
70
0.0132614
-0.0223428
0.000494252
0.00151729 -6.80367e-05 5.3518e-09 -6.80367e-05 0.00693786 -1.73924e-07 5.3518e-09 -1.73924e-07 1.03142e-06 
71
0.0125099
-0.022357
0.000531688
0.0014498 -7.3453e-05 5.70829e-09 -7.3453e-05 0.00691131 -1.7329e-07 5.70829e-09 -1.7329e-07 1.03142e-06 
72
0.0122875
-0.0222956
0.000467685
0.00142075 -7.63062e-05 5.73776e-09 -7.63062e-05 0.00689022 -1.72833e-07 5.73776e-09 -1.72833e-07 1.03142e-06 
73
0.0142317
-0.0220322
0.000126544
0.00167865 -5.64396e-05 1.54821e-09 -5.64396e-05 0.00687515 -1.72808e-07 1.54821e-09 -1.72808e-07 1.03142e-06 
74
0.0127782
-0.0221918
0.000806631
0.00151686 -6.71978e-05 5.32167e-09 -6.71978e-05 0.00686124 -1.72275e-07 5.32167e-09 -1.72275e-07 1.03142e-06 
75
0.0122372
-0.022086
0.000404282
0.00144961 -7.27256e-05 5.69143e-09 -7.27256e-05 0.00685028 -1.72063e-07 5.69143e-09 -1.72063e-07 1.03142e-06 
76
0.0141417
-0.0216213
-0.000219351
0.00169668 -5.38035e-05 1.4771e-09 -5.38035e-05 0.00684332 -1.72252e-07 1.4771e-09 -1.72252e-07 1.03142e-06 
77
0.0128986
-0.0215258
-0.000595732
0.00152413 -6.56469e-05 5.30245e-09 -6.56469e-05 0.00683585 -1.71877e-07 5.30245e-09 -1.71877e-07 1.03142e-06 
78
0.0125259
-0.0216982
6.77471e-06
0.0014527 -7.16771e-05 5.67186e-09 -7.16771e-05 0.00683002 -1.71787e-07 5.67186e-09 -1.71787e-07 1.03142e-06 
79
0.0142802
-0.0217532
-0.000579351
0.0016986 -5.30313e-05 1.45755e-09 -5.30313e-05 0.00682717 -1.72069e-07 1.45755e-09 -1.72069e-07 1.03142e-06 
80
0.0126584
-0.0218585
-0.000348016
0.0015249 -6.51383e-05 5.29386e-09 -6.51383e-05 0.00682296 -1.71763e-07 5.29386e-09 -1.71763e-07 1.03142e-06 
81
0.0120521
-0.0215248
-0.000371445
0.00145302 -7.13561e-05 5.66999e-09 -7.13561e-05 0.00681974 -1.71726e-07 5.66999e-09 -1.71726e-07 1.03142e-06 
82
0.0118131
-0.0215242
0.000620211
0.00142213 -7.473e-05 5.70758e-09 -7.473e-05 0.00681723 -1.71726e-07 5.70758e-09 -1.71726e-07 1.03142e-06 
83
0.013779
-0.0213359
-0.000291182
0.00167952 -5.53661e-05 1.52834e-09 -5.53661e-05 0.00681693 -1.72047e-07 1.52834e-09 -1.72047e-07 1.03142e-06 
84
0.0125391
-0.0215191
-0.000572924
0.0015172 -6.63562e-05 5.30764e-09 -6.63562e-05 0.00681483 -1.71777e-07 5.30764e-09 -1.71777e-07 1.03142e-06 
85
0.0119851
-0.0215134
-0.000220275
0.00144975 -7.19957e-05 5.67532e-09 -7.19957e-05 0.00681327 -1.71759e-07 5.67532e-09 -1.71759e-07 1.03142e-06 
86
0.0135871
-0.0213154
0.000946367
0.00169677 -5.32579e-05 1.46463e-09 -5.32579e-05 0.00681381 -1.72091e-07 1.46463e-09 -1.72091e-07 1.03142e-06 
87
0.01216
-0.0209234
2.19278e-05
0.00152416 -6.52979e-05 5.30453e-09 -6.52979e-05 0.00681231 -1.71821e-07 5.30453e-09 -1.71821e-07 1.03142e-06 
88
0.0118056
-0.0210829
0.000115953
0.00145271 -7.14333e-05 5.67473e-09 -7.14333e-05 0.00681125 -1.71806e-07 5.67473e-09 -1.71806e-07 1.03142e-06 
89
0.011694
-0.0208034
-0.00048361
0.001422 -7.47778e-05 5.71278e-09 -7.47778e-05 0.00681047 -1.71817e-07 5.71278e-09 -1.71817e-07 1.03142e-06 
90
0.0135614
-0.0203734
-0.000112484
0.00167943 -5.53194e-05 1.52269e-09 -5.53194e-05 0.00681155 -1.72144e-07 1.52269e-09 -1.72144e-07 1.03142e-06 
91
0.0123961
-0.0201089
-0.000119575
0.00151717 -6.63201e-05 5.30669e-09 -6.63201e-05 0.00681054 -1.71875e-07 5.30669e-09 -1.71875e-07 1.03142e-06 
92
0.0142711
-0.0200035
-0.000480894
0.0017385 -4.90173e-05 1.29215e-09 -4.90173e-05 0.00681168 -1.72186e-07 1.29215e-09 -1.72186e-07 1.03142e-06 
93
0.0130658
-0.0203011
4.03336e-05
0.00154086 -6.30094e-05 5.27532e-09 -6.30094e-05 0.00681057 -1.71897e-07 5.27532e-09 -1.71897e-07 1.03142e-06 
94
0.0126996
-0.0206801
0.00152497
0.00145978 -7.0162e-05 5.66416e-09 -7.0162e-05 0.00680984 -1.71875e-07 5.66416e-09 -1.71875e-07 1.03142e-06 
95
0.0146092
-0.0203092
0.0011678
0.001703 -5.20596e-05 1.44658e-09 -5.20596e-05 0.00681109 -1.72203e-07 1.44658e-09 -1.72203e-07 1.03142e-06 
96
0.0129546
-0.0202511
0.000297761
0.00152666 -6.46508e-05 5.30031e-09 -6.46508e-05 0.00681013 -1.71922e-07 5.30031e-09 -1.71922e-07 1.03142e-06 
97
0.0120336
-0.0201061
-0.000548963
0.00145377 -7.10761e-05 5.67366e-09 -7.10761e-05 0.00680951 -1.71898e-07 5.67366e-09 -1.71898e-07 1.03142e-06 
98
0.0115863
-0.0200169
9.04203e-05
0.00142245 -7.45238e-05 5.70703e-09 -7.45238e-05 0.00680908 -1.71903e-07 5.70703e-09 -1.71903e-07 1.03142e-06 
99
0.0134525
-0.0197063
-0.000211406
0.00167972 -5.51828e-05 1.52214e-09 -5.51828e-05 0.00681044 -1.72222e-07 1.52214e-09 -1.72222e-07 1.03142e-06 
100
0.0124223
-0.019907
0.000132599
0.00151728 -6.62342e-05 5.30557e-09 -6.62342e-05 0.00680966 -1.71945e-07 5.30557e-09 -1.71945e-07 1.03142e-06 
101
0.0122018
-0.0203266
0.00167112
0.00144979 -7.19514e-05 5.67744e-09 -7.19514e-05 0.00680915 -1.71918e-07 5.67744e-09 -1.71918e-07 1.03142e-06 
102
0.0140654
-0.0201412
0.000545188
0.00169679 -5.33713e-05 1.47675e-09 -5.33713e-05 0.00681052 -1.72236e-07 1.47675e-09 -1.72236e-07 1.03142e-06 
103
0.0125888
-0.0201019
0.0010874
0.00152417 -6.5327e-05 5.30534e-09 -6.5327e-05 0.0068097 -1.71954e-07 5.30534e-09 -1.71954e-07 1.03142e-06 
104
0.0120389
-0.020389
0.00170777
0.00145272 -7.15072e-05 5.68152e-09 -7.15072e-05 0.00680917 -1.71926e-07 5.68152e-09 -1.71926e-07 1.03142e-06 
105
0.0119226
-0.0208389
0.00133595
0.001422 -7.49151e-05 5.72406e-09 -7.49151e-05 0.00680881 -1.71927e-07 5.72406e-09 -1.71927e-07 1.03142e-06 
106
0.0136485
-0.0206411
-0.000267896
0.00167944 -5.55554e-05 1.54071e-09 -5.55554e-05 0.00681022 -1.72241e-07 1.54071e-09 -1.72241e-07 1.03142e-06 
107
0.0120067
-0.0207259
0.000107884
0.00151717 -6.64403e-05 5.31311e-09 -6.64403e-05 0.00680949 -1.71962e-07 5.31311e-09 -1.71962e-07 1.03142e-06 
108
0.0134166
-0.0209466
0.000369402
0.00173951 -8.6379e-05 6.82605e-09 -8.6379e-05 0.00680973 -1.7199e-07 6.82605e-09 -1.7199e-07 1.03142e-06 
109
0.0147574
-0.0206498
-0.000192118
0.00187244 -6.20154e-05 1.62613e-09 -6.20154e-05 0.00681085 -1.72257e-07 1.62613e-09 -1.72257e-07 1.03142e-06 
110
0.0131821
-0.0210131
0.00149046
0.00159319 -7.08583e-05 5.58901e-09 -7.08583e-05 0.00681008 -1.71987e-07 5.58901e-09 -1.71987e-07 1.03142e-06 
111
0.0123269
-0.0209761
0.00165837
0.00148177 -7.49795e-05 5.84492e-09 -7.49795e-05 0.00680953 -1.71954e-07 5.84492e-09 -1.71954e-07 1.03142e-06 
112
0.0115004
-0.0205834
0.000666785
0.00143458 -7.7044e-05 5.80889e-09 -7.7044e-05 0.00680913 -1.71949e-07 5.80889e-09 -1.71949e-07 1.03142e-06 
113
0.0132649
-0.0199346
0.0010782
0.00168729 -5.69514e-05 1.56468e-09 -5.69514e-05 0.00681046 -1.72255e-07 1.56468e-09 -1.72255e-07 1.03142e-06 
114
0.0123066
-0.0197059
0.000842241
0.00152035 -6.73466e-05 5.34213e-09 -6.73466e-05 0.00680969 -1.71977e-07 5.34213e-09 -1.71977e-07 1.03142e-06 
115
0.0142247
-0.0190106
0.000319013
0.00174146 -8.70971e-05 6.84745e-09 -8.70971e-05 0.00680992 -1.72001e-07 6.84745e-09 -1.72001e-07 1.03142e-06 
116
0.0148003
-0.0183262
0.000747428
0.00187358 -6.24934e-05 1.62972e-09 -6.24934e-05 0.00681099 -1.72261e-07 1.62972e-09 -1.72261e-07 1.03142e-06 
117
0.0149609
-0.0189753
0.0010138
0.00195175 -8.69888e-05 6.84808e-09 -8.69888e-05 0.0068109 -1.72049e-07 6.84808e-09 -1.72049e-07 1.03142e-06 
118
0.0147558
-0.0188929
0.000415229
0.00199529 -6.14864e-05 1.57283e-09 -6.14864e-05 0.00681179 -1.72279e-07 1.57283e-09 -1.72279e-07 1.03142e-06 
119
0.0123352
-0.0185048
0.00048291
0.00163908 -6.40258e-05 4.7089e-09 -6.40258e-05 0.00681169 -1.72148e-07 4.7089e-09 -1.72148e-07 1.03142e-06 
120
0.0115392
-0.0180882
0.000723887
0.00150048 -6.47266e-05 4.80353e-09 -6.47266e-05 0.00681162 -1.72136e-07 4.80353e-09 -1.72136e-07 1.03142e-06 
121
0.0113482
-0.0175159
-0.000159265
0.00144237 -6.48661e-05 4.7165e-09 -6.48661e-05 0.00681157 -1.72136e-07 4.7165e-09 -1.72136e-07 1.03142e-06 
122
0.0133459
-0.0168375
0.000198875
0.00169214 -4.82693e-05 1.28435e-09 -4.82693e-05 0.00681252 -1.72326e-07 1.28435e-09 -1.72326e-07 1.03142e-06 
123
0.012141
-0.0167093
-0.000134837
0.00152207 -5.58696e-05 4.29858e-09 -5.58696e-05 0.00681217 -1.7215e-07 4.29858e-09 -1.7215e-07 1.03142e-06 
124
0.0138026
-0.0166299
-0.000196577
0.00174276 -7.1612e-05 3.50187e-08 -7.1612e-05 0.00681527 -1.06512e-06 3.50187e-08 -1.06512e-06 6.67376e-06 
125
0.0165807
-0.0248386
0.000216654
0.00191396 -5.60305e-05 2.59218e-09 -5.60305e-05 0.00762838 -1.8477e-07 2.59218e-09 -1.8477e-07 1.11745e-06 
126
0.0135356
-0.0230646
0.000181384
0.00160893 -6.33594e-05 4.72028e-09 -6.33594e-05 0.0074573 -1.79239e-07 4.72028e-09 -1.79239e-07 1.03364e-06 
127
0.0124421
-0.0217707
0.000749242
0.00148824 -6.60322e-05 4.78618e-09 -6.60322e-05 0.00732332 -1.78237e-07 4.78618e-09 -1.78237e-07 1.03147e-06 
128
0.0138984
-0.0207994
0.000627705
0.00172082 -4.88221e-05 1.2782e-09 -4.88221e-05 0.00721908 -1.77009e-07 1.2782e-09 -1.77009e-07 1.03143e-06 
129
0.0123532
-0.0202117
9.70436e-08
0.00153371 -5.75129e-05 4.34221e-09 -5.75129e-05 0.00713548 -1.75622e-07 4.34221e-09 -1.75622e-07 1.03143e-06 
130
0.0137861
-0.0193185
0.000487998
0.00174877 -4.27344e-05 1.08101e-09 -4.27344e-05 0.00707061 -1.74921e-07 1.08101e-09 -1.74921e-07 1.03143e-06 
131
0.0122876
-0.0185978
-0.000119991
0.00154478 -5.37484e-05 4.27581e-09 -5.37484e-05 0.0070178 -1.7407e-07 4.27581e-09 -1.7407e-07 1.03143e-06 
132
0.0116676
-0.0184994
3.57751e-05
0.00146126 -5.90997e-05 4.57171e-09 -5.90997e-05 0.00697594 -1.7358e-07 4.57171e-09 -1.7358e-07 1.03143e-06 
133
0.0129655
-0.0265289
8.94436e-05
0.00144827 -6.79842e-05 4.66185e-09 -6.79842e-05 0.00778755 -1.71729e-07 4.66185e-09 -1.71729e-07 1.03143e-06 
134
0.0146875
-0.0244172
0.000420187
0.00169589 -5.01078e-05 1.33505e-09 -5.01078e-05 0.00758236 -1.86099e-07 1.33505e-09 -1.86099e-07 1.03143e-06 
135
0.0128473
-0.0233705
0.00156748
0.00152364 -5.91863e-05 4.39333e-09 -5.91863e-05 0.00742081 -1.84774e-07 4.39333e-09 -1.84774e-07 1.03143e-06 
136
0.0121084
-0.0220233
0.000538144
0.0014523 -6.3381e-05 4.67974e-09 -6.3381e-05 0.00729421 -1.8209e-07 4.67974e-09 -1.8209e-07 1.03143e-06 
137
0.0141425
-0.0204534
5.15908e-05
0.00169838 -4.70891e-05 1.26621e-09 -4.70891e-05 0.00719578 -1.79975e-07 1.26621e-09 -1.79975e-07 1.03143e-06 
138
0.0128814
-0.0197063
-0.000123397
0.00152461 -5.63475e-05 4.3192e-09 -5.63475e-05 0.00711672 -1.77944e-07 4.3192e-09 -1.77944e-07 1.03143e-06 
139
0.0123853
-0.0203908
0.0011257
0.00145268 -6.08106e-05 4.60403e-09 -6.08106e-05 0.00705422 -1.76501e-07 4.60403e-09 -1.76501e-07 1.03143e-06 
140
0.0140998
-0.0205065
0.000970545
0.00169861 -4.54061e-05 1.22331e-09 -4.54061e-05 0.00700583 -1.75612e-07 1.22331e-09 -1.75612e-07 1.03143e-06 
141
0.0124789
-0.0199546
3.02318e-05
0.00152469 -5.4892e-05 4.29062e-09 -5.4892e-05 0.00696612 -1.74585e-07 4.29062e-09 -1.74585e-07 1.03143e-06 
142
0.0118302
-0.0198036
0.000194855
0.00145271 -5.95668e-05 4.57936e-09 -5.95668e-05 0.00693464 -1.73927e-07 4.57936e-09 -1.73927e-07 1.03143e-06 
143
0.0134499
-0.0190757
-0.000257415
0.00169862 -4.44943e-05 1.19893e-09 -4.44943e-05 0.00691073 -1.73645e-07 1.19893e-09 -1.73645e-07 1.03143e-06 
144
0.0121254
-0.0192864
0.000698886
0.00152468 -5.40199e-05 4.26387e-09 -5.40199e-05 0.00689045 -1.73094e-07 4.26387e-09 -1.73094e-07 1.03143e-06 
145
0.0119383
-0.0200854
0.000717614
0.0014527 -5.88948e-05 4.56665e-09 -5.88948e-05 0.00687437 -1.72801e-07 4.56665e-09 -1.72801e-07 1.03143e-06 
146
0.0121477
-0.0202699
0.000904546
0.00142175 -6.15006e-05 4.59824e-09 -6.15006e-05 0.00686159 -1.72595e-07 4.59824e-09 -1.72595e-07 1.03143e-06 
147
0.0141711
-0.0187444
0.000178518
0.0016793 -4.60359e-05 1.25225e-09 -4.60359e-05 0.00685247 -1.72643e-07 1.25225e-09 -1.72643e-07 1.03143e-06 
148
0.0124988
-0.0183894
0.000699271
0.00151688 -5.46764e-05 4.26993e-09 -5.46764e-05 0.00684402 -1.72353e-07 4.26993e-09 -1.72353e-07 1.03143e-06 
149
0.01177
-0.0185433
0.000582209
0.00144938 -5.91264e-05 4.56534e-09 -5.91264e-05 0.00683735 -1.72258e-07 4.56534e-09 -1.72258e-07 1.03143e-06 
150
0.0135668
-0.018577
0.000445965
0.00169655 -4.42522e-05 1.19647e-09 -4.42522e-05 0.00683315 -1.72406e-07 1.19647e-09 -1.72406e-07 1.03143e-06 
151
0.0123146
-0.019578
0.00120933
0.00152385 -5.36847e-05 4.2612e-09 -5.36847e-05 0.00682858 -1.72186e-07 4.2612e-09 -1.72186e-07 1.03143e-06 
152
0.0116501
-0.0198965
0.00106993
0.00145234 -5.85586e-05 4.56616e-09 -5.85586e-05 0.00682503 -1.72143e-07 4.56616e-09 -1.72143e-07 1.03143e-06 
153
0.0133408
-0.0201432
0.000811391
0.00169839 -4.38833e-05 1.19695e-09 -4.38833e-05 0.00682331 -1.72329e-07 1.19695e-09 -1.72329e-07 1.03143e-06 
154
0.01237
-0.0205486
0.000347504
0.00152458 -5.34743e-05 4.26601e-09 -5.34743e-05 0.00682073 -1.72138e-07 4.26601e-09 -1.72138e-07 1.03143e-06 
155
0.0124132
-0.0206531
7.2476e-05
0.00145265 -5.83636e-05 4.56383e-09 -5.83636e-05 0.00681876 -1.72114e-07 4.56383e-09 -1.72114e-07 1.03143e-06 
156
0.0124767
-0.0211416
-7.63066e-05
0.00142173 -6.10003e-05 4.59205e-09 -6.10003e-05 0.00681722 -1.7211e-07 4.59205e-09 -1.7211e-07 1.03143e-06 
157
0.0142552
-0.0216541
-0.000128032
0.00167928 -4.56214e-05 1.24492e-09 -4.56214e-05 0.00681707 -1.72308e-07 1.24492e-09 -1.72308e-07 1.03143e-06 
158
0.0127008
-0.0222575
0.00114131
0.00151687 -5.43182e-05 4.27066e-09 -5.43182e-05 0.00681577 -1.7213e-07 4.27066e-09 -1.7213e-07 1.03143e-06 
159
0.0120251
-0.0219765
0.00166823
0.00144938 -5.88676e-05 4.57449e-09 -5.88676e-05 0.00681481 -1.72115e-07 4.57449e-09 -1.72115e-07 1.03143e-06 
160
0.0138565
-0.021591
0.000146935
0.00169655 -4.41585e-05 1.21414e-09 -4.41585e-05 0.00681515 -1.72319e-07 1.21414e-09 -1.72319e-07 1.03143e-06 
161
0.0126532
-0.0228844
0.00042711
0.00152384 -5.35604e-05 4.26909e-09 -5.35604e-05 0.00681422 -1.7214e-07 4.26909e-09 -1.7214e-07 1.03143e-06 
162
0.0121813
-0.0237839
0.000672907
0.00145234 -5.83985e-05 4.57041e-09 -5.83985e-05 0.00681357 -1.72124e-07 4.57041e-09 -1.72124e-07 1.03143e-06 
163
0.011878
-0.024268
0.00111993
0.00142159 -6.10442e-05 4.60382e-09 -6.10442e-05 0.00681308 -1.72126e-07 4.60382e-09 -1.72126e-07 1.03143e-06 
164
0.01368
-0.0247753
0.00084518
0.0016792 -4.57451e-05 1.2646e-09 -4.57451e-05 0.00681376 -1.72326e-07 1.2646e-09 -1.72326e-07 1.03143e-06 
165
0.0122639
-0.0256951
0.00110504
0.00151684 -5.44352e-05 4.2874e-09 -5.44352e-05 0.00681313 -1.72149e-07 4.2874e-09 -1.72149e-07 1.03143e-06 
166
0.0138695
-0.0262759
0.000929887
0.00173831 -4.07974e-05 1.08642e-09 -4.07974e-05 0.00681384 -1.72341e-07 1.08642e-09 -1.72341e-07 1.03143e-06 
167
0.0125251
-0.0266366
0.000215961
0.00154056 -5.18599e-05 4.26936e-09 -5.18599e-05 0.00681315 -1.72153e-07 4.26936e-09 -1.72153e-07 1.03142e-06 
168
0.012029
-0.0265802
-2.43491e-05
0.00145941 -5.7445e-05 4.57404e-09 -5.7445e-05 0.0068127 -1.72135e-07 4.57404e-09 -1.72135e-07 1.03142e-06 
169
0.0137595
-0.0266362
0.000581414
0.00170278 -4.29982e-05 1.19364e-09 -4.29982e-05 0.00681348 -1.72338e-07 1.19364e-09 -1.72338e-07 1.03143e-06 
170
0.0123955
-0.0269574
0.000893985
0.00152634 -5.29465e-05 4.27466e-09 -5.29465e-05 0.00681288 -1.72155e-07 4.27466e-09 -1.72155e-07 1.03142e-06 
171
0.0119277
-0.0275335
-0.00048759
0.00145339 -5.8074e-05 4.57981e-09 -5.8074e-05 0.00681249 -1.72137e-07 4.57981e-09 -1.72137e-07 1.03142e-06 
172
0.0117965
-0.0286148
0.00129612
0.00142205 -6.07802e-05 4.60569e-09 -6.07802e-05 0.00681222 -1.72136e-07 4.60569e-09 -1.72136e-07 1.03142e-06 
173
0.0137761
-0.0291407
0.000520011
0.00167948 -4.55712e-05 1.27494e-09 -4.55712e-05 0.00681307 -1.72333e-07 1.27494e-09 -1.72333e-07 1.03142e-06 
174
0.0126004
-0.0300938
0.000595612
0.00151695 -5.43166e-05 4.29533e-09 -5.43166e-05 0.00681258 -1.72153e-07 4.29533e-09 -1.72153e-07 1.03142e-06 
175
0.0122634
-0.0309098
0.000745556
0.00144941 -5.88247e-05 4.59314e-09 -5.88247e-05 0.00681226 -1.72134e-07 4.59314e-09 -1.72134e-07 1.03142e-06 
176
0.0141244
-0.0316938
0.00145914
0.00169656 -4.40592e-05 1.23506e-09 -4.40592e-05 0.00681312 -1.72334e-07 1.23506e-09 -1.72334e-07 1.03142e-06 
177
0.0127442
-0.0322204
0.000432887
0.00152385 -5.35744e-05 4.29991e-09 -5.35744e-05 0.00681261 -1.72152e-07 4.29991e-09 -1.72152e-07 1.03142e-06 
178
0.0122415
-0.0327383
0.000912407
0.00145252 -6.46274e-05 5.46889e-09 -6.46274e-05 0.00681136 -1.71988e-07 5.46889e-09 -1.71988e-07 1.03142e-06 
179
0.0141059
-0.0331067
0.00149957
0.00169849 -4.81442e-05 1.38512e-09 -4.81442e-05 0.00681235 -1.72297e-07 1.38512e-09 -1.72297e-07 1.03142e-06 
180
0.0127809
-0.0335804
0.000441657
0.00152483 -6.24346e-05 5.2824e-09 -6.24346e-05 0.00681109 -1.71992e-07 5.2824e-09 -1.71992e-07 1.03142e-06 
181
0.012255
-0.0338143
0.000831774
0.00145298 -6.97918e-05 5.68097e-09 -6.97918e-05 0.00681025 -1.71955e-07 5.68097e-09 -1.71955e-07 1.03142e-06 
182
0.0119883
-0.0335756
-8.89126e-05
0.00142211 -7.38558e-05 5.73539e-09 -7.38558e-05 0.00680966 -1.7195e-07 5.73539e-09 -1.7195e-07 1.03142e-06 
183
0.0139765
-0.03304
-0.000691403
0.0016795 -5.47002e-05 1.55709e-09 -5.47002e-05 0.00681092 -1.72261e-07 1.55709e-09 -1.72261e-07 1.03142e-06 
184
0.0128092
-0.0332882
0.000413676
0.00151719 -6.59337e-05 5.33265e-09 -6.59337e-05 0.00681003 -1.71976e-07 5.33265e-09 -1.71976e-07 1.03142e-06 
185
0.0123041
-0.0330248
0.000184682
0.00144975 -7.17955e-05 5.71002e-09 -7.17955e-05 0.00680945 -1.71944e-07 5.71002e-09 -1.71944e-07 1.03142e-06 
186
0.0139899
-0.0330028
0.000631826
0.00169677 -5.31503e-05 1.50512e-09 -5.31503e-05 0.00681076 -1.72259e-07 1.50512e-09 -1.72259e-07 1.03142e-06 
187
0.014136
-0.0406414
1.01403e-05
0.00155023 -7.15782e-05 5.41558e-09 -7.15782e-05 0.00762084 -1.70339e-07 5.41558e-09 -1.70339e-07 1.03142e-06 
188
0.0132823
-0.0391717
-0.000672208
0.0014638 -7.78637e-05 5.88512e-09 -7.78637e-05 0.00744997 -1.84442e-07 5.88512e-09 -1.84442e-07 1.03143e-06 
189
0.0128412
-0.0382339
0.0008084
0.00142685 -8.05703e-05 5.90507e-09 -8.05703e-05 0.00731622 -1.83548e-07 5.90507e-09 -1.83548e-07 1.03143e-06 
190
0.0126932
-0.0374503
0.000596803
0.00141075 -8.17177e-05 5.89182e-09 -8.17177e-05 0.00721105 -1.81079e-07 5.89182e-09 -1.81079e-07 1.03142e-06 
191
0.0125487
-0.0370108
0.000652634
0.00140368 -8.20054e-05 5.87138e-09 -8.20054e-05 0.00712807 -1.7889e-07 5.87138e-09 -1.7889e-07 1.03142e-06 
192
0.0125487
-0.0370108
0.000652634
0.00140368 -8.20054e-05 5.87138e-09 -8.20054e-05 0.00712807 -1.7889e-07 5.87138e-09 -1.7889e-07 1.03142e-06 
193
0.0125487
-0.0370108
0.000652634
0.00140368 -8.20054e-05 5.87138e-09 -8.20054e-05 0.00712807 -1.7889e-07 5.87138e-09 -1.7889e-07 1.03142e-06 
194
0.0125487
-0.0370108
0.000652634
0.00140368 -8.20054e-05 5.87138e-09 -8.20054e-05 0.00712807 -1.7889e-07 5.87138e-09 -1.7889e-07 1.03142e-06 
195
0.0146133
-0.0358074
0.00185869
0.00169555 -5.53583e-05 1.55312e-09 -5.53583e-05 0.00693866 -1.74273e-07 1.55312e-09 -1.74273e-07 1.03142e-06 
196
0.0132131
-0.0355894
0.00108695
0.00152369 -6.69944e-05 5.37242e-09 -6.69944e-05 0.0069118 -1.73374e-07 5.37242e-09 -1.73374e-07 1.03142e-06 
197
0.0127445
-0.0356995
0.000321895
0.00145252 -7.28195e-05 5.73664e-09 -7.28195e-05 0.00689056 -1.72882e-07 5.73664e-09 -1.72882e-07 1.03142e-06 
198
0.0124284
-0.0359286
0.000909651
0.00142192 -7.58616e-05 5.76501e-09 -7.58616e-05 0.00687369 -1.72533e-07 5.76501e-09 -1.72533e-07 1.03142e-06 
199
0.0141287
-0.0353657
0.00104728
0.00167939 -5.61618e-05 1.58642e-09 -5.61618e-05 0.00686197 -1.72592e-07 1.58642e-09 -1.72592e-07 1.03142e-06 
200
0.0128381
-0.0353746
0.00112857
0.00151716 -6.70494e-05 5.35799e-09 -6.70494e-05 0.00685074 -1.72125e-07 5.35799e-09 -1.72125e-07 1.03142e-06 
201
0.0145226
-0.0357707
0.000948704
0.0017385 -4.96055e-05 1.35264e-09 -4.96055e-05 0.00684374 -1.72292e-07 1.35264e-09 -1.72292e-07 1.03142e-06 
202
0.0130482
-0.0361596
-1.31939e-05
0.00154086 -6.35424e-05 5.32666e-09 -6.35424e-05 0.00683613 -1.71901e-07 5.32666e-09 -1.71901e-07 1.03142e-06 
203
0.0160865
-0.0438877
0.00139445
0.00178735 -5.0633e-05 1.33705e-09 -5.0633e-05 0.00764873 -1.70517e-07 1.33705e-09 -1.70517e-07 1.03142e-06 
204
0.0139024
-0.042889
0.000852046
0.00156018 -6.74201e-05 5.47151e-09 -6.74201e-05 0.00747143 -1.84329e-07 5.47151e-09 -1.84329e-07 1.03143e-06 
205
0.0130831
-0.0420185
-0.000225393
0.00146795 -7.50804e-05 5.85817e-09 -7.50804e-05 0.00733291 -1.83377e-07 5.85817e-09 -1.83377e-07 1.03143e-06 
206
0.0126929
-0.0413431
-0.000111592
0.00142863 -7.86221e-05 5.87079e-09 -7.86221e-05 0.00722411 -1.80888e-07 5.87079e-09 -1.80888e-07 1.03142e-06 
207
0.0143428
-0.0407746
0.00105315
0.00168357 -5.78336e-05 1.63995e-09 -5.78336e-05 0.00714019 -1.79024e-07 1.63995e-09 -1.79024e-07 1.03143e-06 
208
0.0130742
-0.0401268
0.000527795
0.00151886 -6.90268e-05 5.42122e-09 -6.90268e-05 0.00707177 -1.76992e-07 5.42122e-09 -1.76992e-07 1.03142e-06 
209
0.0125296
-0.0399751
0.00112169
0.00145047 -7.44838e-05 5.77809e-09 -7.44838e-05 0.00701768 -1.75614e-07 5.77809e-09 -1.75614e-07 1.03142e-06 
210
0.0142687
-0.0394466
0.000118199
0.00169721 -5.50221e-05 1.56108e-09 -5.50221e-05 0.00697661 -1.74903e-07 1.56108e-09 -1.74903e-07 1.03142e-06 
211
0.0129512
-0.039785
0.000469527
0.00152435 -6.68479e-05 5.37282e-09 -6.68479e-05 0.00694197 -1.73823e-07 5.37282e-09 -1.73823e-07 1.03142e-06 
212
0.012567
-0.0400876
0.000720316
0.0014528 -7.28004e-05 5.74256e-09 -7.28004e-05 0.00691456 -1.73194e-07 5.74256e-09 -1.73194e-07 1.03142e-06 
213
0.0127108
-0.0405965
0.00160072
0.00142204 -7.59549e-05 5.77787e-09 -7.59549e-05 0.0068928 -1.72743e-07 5.77787e-09 -1.72743e-07 1.03142e-06 
214
0.0147957
-0.0405847
0.00146531
0.00167947 -5.62728e-05 1.60564e-09 -5.62728e-05 0.00687719 -1.72724e-07 1.60564e-09 -1.72724e-07 1.03142e-06 
215
0.0133525
-0.0405801
0.000671714
0.00151719 -6.71933e-05 5.37506e-09 -6.71933e-05 0.00686286 -1.72199e-07 5.37506e-09 -1.72199e-07 1.03142e-06 
216
0.0128731
-0.0408416
0.00100885
0.00144975 -7.27214e-05 5.73804e-09 -7.27214e-05 0.00685157 -1.71994e-07 5.73804e-09 -1.71994e-07 1.03142e-06 
217
0.0145879
-0.0407966
0.000844922
0.00169677 -5.38456e-05 1.53836e-09 -5.38456e-05 0.00684435 -1.72189e-07 1.53836e-09 -1.72189e-07 1.03142e-06 
218
0.0131283
-0.0410536
0.00050075
0.00152417 -6.57372e-05 5.35705e-09 -6.57372e-05 0.00683666 -1.71822e-07 5.35705e-09 -1.71822e-07 1.03142e-06 
219
0.0136798
-0.0487577
-0.000545318
0.00147638 -7.91632e-05 5.80967e-09 -7.91632e-05 0.00764685 -1.70072e-07 5.80967e-09 -1.70072e-07 1.03142e-06 
220
0.0130073
-0.0472523
-8.22877e-05
0.0014323 -8.19958e-05 5.94606e-09 -8.19958e-05 0.00747032 -1.84222e-07 5.94606e-09 -1.84222e-07 1.03143e-06 
221
0.0147487
-0.0461269
0.000462995
0.00168588 -6.006e-05 1.70577e-09 -6.006e-05 0.00733411 -1.83652e-07 1.70577e-09 -1.83652e-07 1.03143e-06 
222
0.0133496
-0.0457636
0.00149029
0.00151981 -7.09538e-05 5.47952e-09 -7.09538e-05 0.00722489 -1.80871e-07 5.47952e-09 -1.80871e-07 1.03142e-06 
223
0.0129231
-0.0450576
-5.67436e-05
0.00145089 -7.61757e-05 5.83663e-09 -7.61757e-05 0.00713888 -1.78652e-07 5.83663e-09 -1.78652e-07 1.03142e-06 
224
0.0148396
-0.0444692
-0.000156429
0.00169747 -5.60608e-05 1.59487e-09 -5.60608e-05 0.00707277 -1.77247e-07 1.59487e-09 -1.77247e-07 1.03143e-06 
225
0.01341
-0.043851
-4.85662e-05
0.00152447 -6.77699e-05 5.40382e-09 -6.77699e-05 0.00701833 -1.75612e-07 5.40382e-09 -1.75612e-07 1.03142e-06 
226
0.0127613
-0.0435409
0.000328088
0.00145285 -7.35592e-05 5.76657e-09 -7.35592e-05 0.00697526 -1.74551e-07 5.76657e-09 -1.74551e-07 1.03142e-06 
227
0.0143294
-0.0438075
0.00109054
0.00169869 -5.4318e-05 1.54927e-09 -5.4318e-05 0.00694289 -1.74089e-07 1.54927e-09 -1.74089e-07 1.03142e-06 
228
0.0128955
-0.0439165
-0.000178817
0.00152495 -6.63905e-05 5.3771e-09 -6.63905e-05 0.00691515 -1.73206e-07 5.3771e-09 -1.73206e-07 1.03142e-06 
229
0.0125598
-0.0439585
-5.16303e-05
0.00145305 -7.24056e-05 5.74252e-09 -7.24056e-05 0.00689321 -1.72729e-07 5.74252e-09 -1.72729e-07 1.03142e-06 
230
0.0127244
-0.0437377
0.000321842
0.00142215 -7.5605e-05 5.77688e-09 -7.5605e-05 0.00687579 -1.72397e-07 5.77688e-09 -1.72397e-07 1.03142e-06 
231
0.0147029
-0.0429419
0.00046176
0.00167953 -5.59344e-05 1.60114e-09 -5.59344e-05 0.00686364 -1.72469e-07 1.60114e-09 -1.72469e-07 1.03142e-06 
232
0.0134389
-0.0441027
0.00142289
0.00151721 -6.68929e-05 5.36936e-09 -6.68929e-05 0.00685206 -1.72014e-07 5.36936e-09 -1.72014e-07 1.03142e-06 
233
0.0129057
-0.0445803
0.000328252
0.00144976 -7.2557e-05 5.74565e-09 -7.2557e-05 0.00684295 -1.71864e-07 5.74565e-09 -1.71864e-07 1.03142e-06 
234
0.0146498
-0.0450197
0.000884102
0.00169677 -5.36818e-05 1.54373e-09 -5.36818e-05 0.00683748 -1.72099e-07 1.54373e-09 -1.72099e-07 1.03142e-06 
235
0.0132027
-0.0454453
0.000880162
0.00152417 -6.56214e-05 5.36522e-09 -6.56214e-05 0.00683118 -1.71764e-07 5.36522e-09 -1.71764e-07 1.03142e-06 
236
0.0127661
-0.0460317
0.00080612
0.00145271 -7.1738e-05 5.74047e-09 -7.1738e-05 0.00682629 -1.71705e-07 5.74047e-09 -1.71705e-07 1.03142e-06 
237
0.0125999
-0.0464296
0.00098654
0.001422 -7.50493e-05 5.77987e-09 -7.50493e-05 0.00682245 -1.7169e-07 5.77987e-09 -1.7169e-07 1.03142e-06 
238
0.0146471
-0.0464958
0.00149234
0.00167944 -5.56174e-05 1.61191e-09 -5.56174e-05 0.0068211 -1.72e-07 1.61191e-09 -1.72e-07 1.03142e-06 
239
0.0133633
-0.0469683
0.00102282
0.00151717 -6.66177e-05 5.38298e-09 -6.66177e-05 0.00681815 -1.71726e-07 5.38298e-09 -1.71726e-07 1.03142e-06 
240
0.0149
-0.0476083
0.000211735
0.00173851 -4.93072e-05 1.38518e-09 -4.93072e-05 0.00681774 -1.72036e-07 1.38518e-09 -1.72036e-07 1.03142e-06 
241
0.0133203
-0.0478367
-5.82495e-05
0.00154086 -6.32348e-05 5.34987e-09 -6.32348e-05 0.00681539 -1.71754e-07 5.34987e-09 -1.71754e-07 1.03142e-06 
242
0.0127021
-0.0479709
0.00065699
0.00145978 -7.0303e-05 5.73341e-09 -7.0303e-05 0.00681369 -1.7174e-07 5.73341e-09 -1.7174e-07 1.03142e-06 
243
0.0145248
-0.0480104
0.000847358
0.001703 -5.20916e-05 1.52437e-09 -5.20916e-05 0.00681415 -1.72077e-07 1.52437e-09 -1.72077e-07 1.03142e-06 
244
0.0132278
-0.0485833
-5.90097e-05
0.00152666 -6.46615e-05 5.36474e-09 -6.46615e-05 0.00681257 -1.71807e-07 5.36474e-09 -1.71807e-07 1.03142e-06 
245
0.0128987
-0.0491256
-6.16332e-05
0.00145376 -7.10684e-05 5.73973e-09 -7.10684e-05 0.00681145 -1.71793e-07 5.73973e-09 -1.71793e-07 1.03142e-06 
246
0.0127208
-0.0492311
0.000241716
0.00142245 -7.45562e-05 5.78034e-09 -7.45562e-05 0.00681062 -1.71806e-07 5.78034e-09 -1.71806e-07 1.03142e-06 
247
0.0145323
-0.0492432
0.000489358
0.00167972 -5.52164e-05 1.61201e-09 -5.52164e-05 0.00681167 -1.72132e-07 1.61201e-09 -1.72132e-07 1.03142e-06 
248
0.0132942
-0.049564
0.000132169
0.00151728 -6.62985e-05 5.38242e-09 -6.62985e-05 0.00681063 -1.71866e-07 5.38242e-09 -1.71866e-07 1.03142e-06 
249
0.0128163
-0.0499565
0.000424407
0.00144979 -7.19921e-05 5.75175e-09 -7.19921e-05 0.00680993 -1.71848e-07 5.75175e-09 -1.71848e-07 1.03142e-06 
250
0.0146159
-0.0499787
0.000462983
0.00169679 -5.33054e-05 1.55884e-09 -5.33054e-05 0.00681114 -1.72174e-07 1.55884e-09 -1.72174e-07 1.03142e-06 
251
0.0134136
-0.0496947
0.000728158
0.00152417 -6.52871e-05 5.37607e-09 -6.52871e-05 0.00681019 -1.71901e-07 5.37607e-09 -1.71901e-07 1.03142e-06 
252
0.0128992
-0.0493752
7.4864e-05
0.00145252 -6.52401e-05 4.87848e-09 -6.52401e-05 0.00681043 -1.72018e-07 4.87848e-09 -1.72018e-07 1.03142e-06 
253
0.0147289
-0.0489151
-0.000162269
0.0016985 -4.85169e-05 1.3973e-09 -4.85169e-05 0.0068116 -1.72239e-07 1.3973e-09 -1.72239e-07 1.03142e-06 
254
0.0132646
-0.048602
0.000494574
0.00152465 -5.60093e-05 4.3873e-09 -5.60093e-05 0.00681144 -1.72081e-07 4.3873e-09 -1.72081e-07 1.03142e-06 
255
0.0126006
-0.0485728
0.000747742
0.00145269 -5.98221e-05 4.66279e-09 -5.98221e-05 0.00681136 -1.72076e-07 4.66279e-09 -1.72076e-07 1.03142e-06 
256
0.0121839
-0.0485841
0.00136841
0.00142175 -6.1881e-05 4.68194e-09 -6.1881e-05 0.00681133 -1.72085e-07 4.68194e-09 -1.72085e-07 1.03142e-06 
257
0.013829
-0.0479963
0.00136996
0.00167929 -4.63532e-05 1.35054e-09 -4.63532e-05 0.00681235 -1.72289e-07 1.35054e-09 -1.72289e-07 1.03142e-06 
258
0.0126012
-0.0471033
-0.000199227
0.00151688 -5.48065e-05 4.3538e-09 -5.48065e-05 0.00681201 -1.72119e-07 4.3538e-09 -1.72119e-07 1.03142e-06 
259
0.0122069
-0.0468471
0.000257673
0.00144938 -5.9058e-05 4.63595e-09 -5.9058e-05 0.00681181 -1.72106e-07 4.63595e-09 -1.72106e-07 1.03142e-06 
260
0.0141579
-0.0462692
0.000408615
0.00169655 -4.41855e-05 1.28163e-09 -4.41855e-05 0.00681276 -1.72309e-07 1.28163e-09 -1.72309e-07 1.03142e-06 
261
0.0130204
-0.0459289
0.00114068
0.00152384 -5.3583e-05 4.32983e-09 -5.3583e-05 0.00681232 -1.72131e-07 4.32983e-09 -1.72131e-07 1.03142e-06 
262
0.0126771
-0.0456631
0.00112256
0.00145234 -5.84497e-05 4.63187e-09 -5.84497e-05 0.00681205 -1.72115e-07 4.63187e-09 -1.72115e-07 1.03142e-06 
263
0.0145093
-0.0453277
0.00106646
0.00169839 -4.38136e-05 1.27641e-09 -4.38136e-05 0.00681295 -1.72317e-07 1.27641e-09 -1.72317e-07 1.03142e-06 
264
0.0129964
-0.0451171
0.00105769
0.00152458 -5.34181e-05 4.33053e-09 -5.34181e-05 0.00681247 -1.72137e-07 4.33053e-09 -1.72137e-07 1.03142e-06 
265
0.0144237
-0.0447514
0.000921404
0.00174306 -4.00603e-05 1.12836e-09 -4.00603e-05 0.00681332 -1.7233e-07 1.12836e-09 -1.7233e-07 1.03142e-06 
266
0.012803
-0.0445424
0.00043595
0.00154244 -5.14613e-05 4.3107e-09 -5.14613e-05 0.00681272 -1.72142e-07 4.3107e-09 -1.72142e-07 1.03142e-06 
267
0.0122482
-0.0445088
0.000398459
0.00146021 -5.72318e-05 4.61763e-09 -5.72318e-05 0.00681235 -1.72125e-07 4.61763e-09 -1.72125e-07 1.03142e-06 
268
0.0141972
-0.0442813
0.000320952
0.00170327 -4.28778e-05 1.24893e-09 -4.28778e-05 0.00681321 -1.72328e-07 1.24893e-09 -1.72328e-07 1.03142e-06 
269
0.0130681
-0.0442171
0.000929377
0.00152654 -5.28643e-05 4.31708e-09 -5.28643e-05 0.00681266 -1.72145e-07 4.31708e-09 -1.72145e-07 1.03142e-06 
270
0.0128606
-0.0439012
0.00060043
0.00145348 -5.80284e-05 4.62262e-09 -5.80284e-05 0.00681232 -1.72126e-07 4.62262e-09 -1.72126e-07 1.03142e-06 
271
0.0129559
-0.043509
0.000950889
0.00142209 -6.08218e-05 4.65314e-09 -6.08218e-05 0.00681208 -1.72124e-07 4.65314e-09 -1.72124e-07 1.03142e-06 
272
0.015049
-0.0433642
0.00102453
0.0016795 -4.55743e-05 1.32092e-09 -4.55743e-05 0.00681296 -1.72321e-07 1.32092e-09 -1.72321e-07 1.03142e-06 
273
0.0134684
-0.0433499
-2.52959e-05
0.00151696 -5.43476e-05 4.33401e-09 -5.43476e-05 0.00681249 -1.72141e-07 4.33401e-09 -1.72141e-07 1.03142e-06 
274
0.0126228
-0.0427821
-0.000311455
0.00144941 -5.88041e-05 4.62384e-09 -5.88041e-05 0.00681219 -1.72124e-07 4.62384e-09 -1.72124e-07 1.03142e-06 
275
0.0143536
-0.0423654
0.000868929
