0
0
0
0.000566077
0.00632102 -7.44339e-05 -4.31087e-09 -7.44339e-05 0.0065425 -1.42373e-07 -4.31087e-09 -1.42373e-07 1.21851e-06 
1
0
0
-0.000405066
0.0093053 -0.000180887 -4.24744e-09 -0.000180887 0.00905162 -1.84355e-07 -4.24744e-09 -1.84355e-07 1.03651e-06 
2
0
0
-0.000398187
0.0107701 -0.00025599 -3.82841e-09 -0.00025599 0.00996569 -2.0841e-07 -3.82841e-09 -2.0841e-07 1.03685e-06 
3
0
0
-0.000144229
0.0114639 -0.000297133 -3.444e-09 -0.000297133 0.010272 -2.19322e-07 -3.444e-09 -2.19322e-07 1.0371e-06 
4
0
0
-0.000649624
0.0117902 -0.000317559 -3.17465e-09 -0.000317559 0.0103719 -2.2498e-07 -3.17465e-09 -2.2498e-07 1.03671e-06 
5
0
0
-0.000592783
0.0119436 -0.000327289 -2.99006e-09 -0.000327289 0.0104043 -2.28771e-07 -2.99006e-09 -2.28771e-07 1.03631e-06 
6
0
0
0.000910106
0.0120159 -0.000331832 -2.84729e-09 -0.000331832 0.0104149 -2.31856e-07 -2.84729e-09 -2.31856e-07 1.036e-06 
7
0
0
-0.000557352
0.01205 -0.000333914 -2.71687e-09 -0.000333914 0.0104184 -2.34602e-07 -2.71687e-09 -2.34602e-07 1.03576e-06 
8
0
0
0.000358207
0.0120662 -0.000334902 -2.6152e-09 -0.000334902 0.0104197 -2.37122e-07 -2.6152e-09 -2.37122e-07 1.03558e-06 
9
0
0
-0.000165842
0.0120739 -0.000335346 -2.51085e-09 -0.000335346 0.0104202 -2.39447e-07 -2.51085e-09 -2.39447e-07 1.03545e-06 
10
0
0
-0.000844453
0.0120777 -0.000335564 -2.41815e-09 -0.000335564 0.0104205 -2.41587e-07 -2.41815e-09 -2.41587e-07 1.03535e-06 
11
0
0
0.000557406
0.0120795 -0.000335679 -2.33641e-09 -0.000335679 0.0104206 -2.43547e-07 -2.33641e-09 -2.43547e-07 1.03528e-06 
12
0
0
0.000255258
0.0120804 -0.000335712 -2.24686e-09 -0.000335712 0.0104207 -2.45335e-07 -2.24686e-09 -2.45335e-07 1.03523e-06 
13
0
0
0.000910846
0.0120809 -0.000335737 -2.17226e-09 -0.000335737 0.0104208 -2.46957e-07 -2.17226e-09 -2.46957e-07 1.03519e-06 
14
0
0
0.000123946
0.0120812 -0.00033574 -2.09842e-09 -0.00033574 0.0104209 -2.48422e-07 -2.09842e-09 -2.48422e-07 1.03517e-06 
15
0
0
8.5267e-05
0.0120814 -0.000335757 -2.04078e-09 -0.000335757 0.010421 -2.49741e-07 -2.04078e-09 -2.49741e-07 1.03515e-06 
16
0
0
-0.00140549
0.0120815 -0.000335767 -1.98635e-09 -0.000335767 0.010421 -2.50924e-07 -1.98635e-09 -2.50924e-07 1.03514e-06 
17
0
0
-0.000144197
0.0120815 -0.000335797 -1.9484e-09 -0.000335797 0.0104211 -2.51982e-07 -1.9484e-09 -2.51982e-07 1.03514e-06 
18
0
0
-0.00120705
0.0120816 -0.000335789 -1.89209e-09 -0.000335789 0.0104211 -2.52928e-07 -1.89209e-09 -2.52928e-07 1.03514e-06 
19
0
0
-0.00108541
0.0120816 -0.000335805 -1.8556e-09 -0.000335805 0.0104212 -2.53769e-07 -1.8556e-09 -2.53769e-07 1.03514e-06 
20
0
0
-0.000477216
0.0120816 -0.00033581 -1.81919e-09 -0.00033581 0.0104212 -2.54515e-07 -1.81919e-09 -2.54515e-07 1.03514e-06 
21
0
0
3.37232e-05
0.0120817 -0.000335803 -1.78165e-09 -0.000335803 0.0104212 -2.55175e-07 -1.78165e-09 -2.55175e-07 1.03515e-06 
22
0
0
-9.89901e-05
0.0120817 -0.000335793 -1.74699e-09 -0.000335793 0.0104213 -2.55759e-07 -1.74699e-09 -2.55759e-07 1.03515e-06 
23
0
0
-0.000268693
0.0120817 -0.000335792 -1.72063e-09 -0.000335792 0.0104213 -2.56274e-07 -1.72063e-09 -2.56274e-07 1.03516e-06 
24
0
0
-0.000508275
0.0120817 -0.000335795 -1.69985e-09 -0.000335795 0.0104213 -2.56729e-07 -1.69985e-09 -2.56729e-07 1.03516e-06 
25
0
0
5.49412e-05
0.0120817 -0.0003358 -1.68338e-09 -0.0003358 0.0104213 -2.57129e-07 -1.68338e-09 -2.57129e-07 1.03517e-06 
26
0
0
-0.000413523
0.0120817 -0.000335794 -1.66125e-09 -0.000335794 0.0104213 -2.57483e-07 -1.66125e-09 -2.57483e-07 1.03517e-06 
27
0
0
-0.000108351
0.0120817 -0.000335799 -1.64843e-09 -0.000335799 0.0104214 -2.57792e-07 -1.64843e-09 -2.57792e-07 1.03518e-06 
28
0
0
0.000211486
0.0120817 -0.000335797 -1.6336e-09 -0.000335797 0.0104214 -2.58064e-07 -1.6336e-09 -2.58064e-07 1.03518e-06 
29
0
0
0.000155269
0.0120817 -0.000335791 -1.61977e-09 -0.000335791 0.0104214 -2.58302e-07 -1.61977e-09 -2.58302e-07 1.03519e-06 
30
0
0
-8.9058e-05
0.0120817 -0.00033579 -1.61008e-09 -0.00033579 0.0104214 -2.5851e-07 -1.61008e-09 -2.5851e-07 1.03519e-06 
31
0
0
0.000672499
0.0120817 -0.000335794 -1.60453e-09 -0.000335794 0.0104214 -2.58692e-07 -1.60453e-09 -2.58692e-07 1.03519e-06 
32
0
0
0.000338211
0.0120817 -0.000335783 -1.59218e-09 -0.000335783 0.0104214 -2.58852e-07 -1.59218e-09 -2.58852e-07 1.0352e-06 
33
0
0
-0.000572284
0.0120817 -0.000335785 -1.58745e-09 -0.000335785 0.0104214 -2.58992e-07 -1.58745e-09 -2.58992e-07 1.0352e-06 
34
0
0
0.000275978
0.0120817 -0.0003358 -1.57918e-09 -0.0003358 0.0104214 -2.59113e-07 -1.57918e-09 -2.59113e-07 1.0352e-06 
35
0
0
0.000184917
0.0120817 -0.000335792 -1.56226e-09 -0.000335792 0.0104214 -2.59219e-07 -1.56226e-09 -2.59219e-07 1.0352e-06 
36
0
0
0.000193794
0.0120817 -0.000335791 -1.55316e-09 -0.000335791 0.0104214 -2.59311e-07 -1.55316e-09 -2.59311e-07 1.03521e-06 
37
0
0
-0.000224039
0.0120817 -0.00033579 -1.54744e-09 -0.00033579 0.0104214 -2.59392e-07 -1.54744e-09 -2.59392e-07 1.03521e-06 
38
0
0
-0.000427078
0.0120817 -0.000335797 -1.54714e-09 -0.000335797 0.0104214 -2.59462e-07 -1.54714e-09 -2.59462e-07 1.03521e-06 
39
0
0
-0.0001418
0.0120817 -0.000335802 -1.54773e-09 -0.000335802 0.0104214 -2.59524e-07 -1.54773e-09 -2.59524e-07 1.03521e-06 
40
0
0
-0.000842384
0.0120817 -0.0003358 -1.54452e-09 -0.0003358 0.0104214 -2.59578e-07 -1.54452e-09 -2.59578e-07 1.03521e-06 
41
0
0
-0.000564133
0.0120817 -0.00033581 -1.54878e-09 -0.00033581 0.0104214 -2.59625e-07 -1.54878e-09 -2.59625e-07 1.03521e-06 
42
0
0
-0.000907257
0.0120817 -0.00033581 -1.53602e-09 -0.00033581 0.0104214 -2.59666e-07 -1.53602e-09 -2.59666e-07 1.03521e-06 
43
0
0
-0.00123079
0.0120817 -0.000335815 -1.5303e-09 -0.000335815 0.0104214 -2.59702e-07 -1.5303e-09 -2.59702e-07 1.03522e-06 
44
0
0
-0.000668303
0.0120817 -0.000335822 -1.52878e-09 -0.000335822 0.0104214 -2.59734e-07 -1.52878e-09 -2.59734e-07 1.03522e-06 
45
0
0
0.00104472
0.0120817 -0.000335816 -1.52286e-09 -0.000335816 0.0104214 -2.59761e-07 -1.52286e-09 -2.59761e-07 1.03522e-06 
46
0
0
0.00152936
0.0120817 -0.000335787 -1.50585e-09 -0.000335787 0.0104214 -2.59785e-07 -1.50585e-09 -2.59785e-07 1.03522e-06 
47
0
0
0.000299142
0.0120818 -0.000335768 -1.49617e-09 -0.000335768 0.0104214 -2.59806e-07 -1.49617e-09 -2.59806e-07 1.03522e-06 
48
0
0
0.00035095
0.0120817 -0.00033578 -1.50333e-09 -0.00033578 0.0104214 -2.59824e-07 -1.50333e-09 -2.59824e-07 1.03522e-06 
49
0
0
-4.08661e-05
0.0120817 -0.000335784 -1.50497e-09 -0.000335784 0.0104214 -2.5984e-07 -1.50497e-09 -2.5984e-07 1.03522e-06 
50
0
0
-1.64921e-05
0.0120817 -0.000335792 -1.50883e-09 -0.000335792 0.0104214 -2.59856e-07 -1.50883e-09 -2.59856e-07 1.03522e-06 
51
0
0
-0.000508021
0.0120817 -0.000335794 -1.5104e-09 -0.000335794 0.0104214 -2.5987e-07 -1.5104e-09 -2.5987e-07 1.03522e-06 
52
0
0
0.000996969
0.0120817 -0.000335803 -1.51633e-09 -0.000335803 0.0104214 -2.5988e-07 -1.51633e-09 -2.5988e-07 1.03522e-06 
53
0
0
-0.000511134
0.0120817 -0.000335783 -1.50663e-09 -0.000335783 0.0104214 -2.59889e-07 -1.50663e-09 -2.59889e-07 1.03522e-06 
54
0
0
4.16897e-05
0.0120817 -0.000335799 -1.51786e-09 -0.000335799 0.0104214 -2.59896e-07 -1.51786e-09 -2.59896e-07 1.03522e-06 
55
0
0
-0.000602648
0.0120817 -0.000335796 -1.51811e-09 -0.000335796 0.0104214 -2.59903e-07 -1.51811e-09 -2.59903e-07 1.03522e-06 
56
0
0
0.000193697
0.0120817 -0.000335805 -1.52436e-09 -0.000335805 0.0104214 -2.5991e-07 -1.52436e-09 -2.5991e-07 1.03522e-06 
57
0
0
-2.91053e-05
0.0120817 -0.000335796 -1.51991e-09 -0.000335796 0.0104214 -2.59915e-07 -1.51991e-09 -2.59915e-07 1.03522e-06 
58
0
0
-0.000588093
0.0120817 -0.000335796 -1.51433e-09 -0.000335796 0.0104214 -2.5992e-07 -1.51433e-09 -2.5992e-07 1.03522e-06 
59
0
0
-0.000360755
0.0120817 -0.000335805 -1.51559e-09 -0.000335805 0.0104214 -2.59924e-07 -1.51559e-09 -2.59924e-07 1.03522e-06 
60
0
0
-0.000848096
0.0120817 -0.000335805 -1.51389e-09 -0.000335805 0.0104214 -2.59928e-07 -1.51389e-09 -2.59928e-07 1.03522e-06 
61
0
0
-0.000332625
0.0120817 -0.000335813 -1.51849e-09 -0.000335813 0.0104214 -2.59931e-07 -1.51849e-09 -2.59931e-07 1.03522e-06 
62
0
0
-0.000106359
0.0120817 -0.000335807 -1.51696e-09 -0.000335807 0.0104214 -2.59934e-07 -1.51696e-09 -2.59934e-07 1.03522e-06 
63
0
0
-0.000828853
0.0120817 -0.000335802 -1.51568e-09 -0.000335802 0.0104214 -2.59936e-07 -1.51568e-09 -2.59936e-07 1.03522e-06 
64
0
0
-0.000851859
0.0120817 -0.000335811 -1.52231e-09 -0.000335811 0.0104214 -2.59939e-07 -1.52231e-09 -2.59939e-07 1.03522e-06 
65
0
0
-0.000222465
0.0120817 -0.000335815 -1.52645e-09 -0.000335815 0.0104214 -2.5994e-07 -1.52645e-09 -2.5994e-07 1.03522e-06 
66
0
0
0.000204989
0.0120817 -0.000335806 -1.5183e-09 -0.000335806 0.0104214 -2.59939e-07 -1.5183e-09 -2.59939e-07 1.03522e-06 
67
0
0
-0.000224048
0.0120817 -0.000335796 -1.51143e-09 -0.000335796 0.0104214 -2.5994e-07 -1.51143e-09 -2.5994e-07 1.03522e-06 
68
0
0
-0.000949627
0.0120817 -0.000335799 -1.51295e-09 -0.000335799 0.0104214 -2.5994e-07 -1.51295e-09 -2.5994e-07 1.03522e-06 
69
0
0
-0.000179015
0.0120817 -0.000335812 -1.52119e-09 -0.000335812 0.0104214 -2.59941e-07 -1.52119e-09 -2.59941e-07 1.03522e-06 
70
0
0
-0.000182311
0.0120817 -0.000335805 -1.51901e-09 -0.000335805 0.0104214 -2.59942e-07 -1.51901e-09 -2.59942e-07 1.03522e-06 
71
0
0
2.00985e-05
0.0120817 -0.000335802 -1.51954e-09 -0.000335802 0.0104214 -2.59943e-07 -1.51954e-09 -2.59943e-07 1.03522e-06 
72
0
0
0.000431211
0.0120817 -0.000335798 -1.51879e-09 -0.000335798 0.0104214 -2.59944e-07 -1.51879e-09 -2.59944e-07 1.03522e-06 
73
0
0
-0.000335173
0.0120817 -0.000335789 -1.51714e-09 -0.000335789 0.0104214 -2.59944e-07 -1.51714e-09 -2.59944e-07 1.03522e-06 
74
0
0
-0.000545468
0.0120817 -0.000335799 -1.52169e-09 -0.000335799 0.0104214 -2.59945e-07 -1.52169e-09 -2.59945e-07 1.03522e-06 
75
0
0
0.000570083
0.0120817 -0.000335805 -1.52446e-09 -0.000335805 0.0104214 -2.59946e-07 -1.52446e-09 -2.59946e-07 1.03522e-06 
76
0
0
-7.57351e-05
0.0120817 -0.00033579 -1.51594e-09 -0.00033579 0.0104214 -2.59948e-07 -1.51594e-09 -2.59948e-07 1.03522e-06 
77
0
0
-0.000471333
0.0120817 -0.000335795 -1.51913e-09 -0.000335795 0.0104214 -2.59949e-07 -1.51913e-09 -2.59949e-07 1.03522e-06 
78
0
0
-8.74917e-05
0.0120817 -0.000335803 -1.52413e-09 -0.000335803 0.0104214 -2.5995e-07 -1.52413e-09 -2.5995e-07 1.03522e-06 
79
0
0
0.000152904
0.0120817 -0.0003358 -1.52353e-09 -0.0003358 0.0104214 -2.59951e-07 -1.52353e-09 -2.59951e-07 1.03522e-06 
80
0
0
-0.000175835
0.0120817 -0.000335795 -1.52271e-09 -0.000335795 0.0104214 -2.5995e-07 -1.52271e-09 -2.5995e-07 1.03522e-06 
81
0
0
-0.000562844
0.0120817 -0.000335798 -1.52698e-09 -0.000335798 0.0104214 -2.59949e-07 -1.52698e-09 -2.59949e-07 1.03522e-06 
82
0
0
-0.00014922
0.0120817 -0.000335805 -1.52818e-09 -0.000335805 0.0104214 -2.59948e-07 -1.52818e-09 -2.59948e-07 1.03522e-06 
83
0
0
-0.00057698
0.0120817 -0.000335802 -1.52474e-09 -0.000335802 0.0104214 -2.59947e-07 -1.52474e-09 -2.59947e-07 1.03522e-06 
84
0
0
-0.00035876
0.0120817 -0.000335807 -1.52738e-09 -0.000335807 0.0104214 -2.59947e-07 -1.52738e-09 -2.59947e-07 1.03522e-06 
85
0
0
0.000992404
0.0120817 -0.000335806 -1.52681e-09 -0.000335806 0.0104214 -2.59947e-07 -1.52681e-09 -2.59947e-07 1.03522e-06 
86
0
0
-0.000436366
0.0120817 -0.000335784 -1.51588e-09 -0.000335784 0.0104214 -2.59948e-07 -1.51588e-09 -2.59948e-07 1.03522e-06 
87
0
0
-0.000223879
0.0120817 -0.000335798 -1.52578e-09 -0.000335798 0.0104214 -2.59947e-07 -1.52578e-09 -2.59947e-07 1.03522e-06 
88
0
0
0.000147216
0.0120817 -0.0003358 -1.5288e-09 -0.0003358 0.0104214 -2.59947e-07 -1.5288e-09 -2.59947e-07 1.03522e-06 
89
0
0
0.000912687
0.0120817 -0.000335795 -1.52803e-09 -0.000335795 0.0104214 -2.59947e-07 -1.52803e-09 -2.59947e-07 1.03522e-06 
90
0
0
0.000717567
0.0120817 -0.000335781 -1.51327e-09 -0.000335781 0.0104214 -2.59944e-07 -1.51327e-09 -2.59944e-07 1.03522e-06 
91
0
0
3.07867e-05
0.0120817 -0.000335779 -1.5075e-09 -0.000335779 0.0104214 -2.59942e-07 -1.5075e-09 -2.59942e-07 1.03522e-06 
92
0
0
-0.000248996
0.0120817 -0.000335789 -1.51073e-09 -0.000335789 0.0104214 -2.59941e-07 -1.51073e-09 -2.59941e-07 1.03522e-06 
93
0
0
0.000122865
0.0120817 -0.000335797 -1.51443e-09 -0.000335797 0.0104214 -2.59941e-07 -1.51443e-09 -2.59941e-07 1.03522e-06 
94
0
0
0.000107121
0.0120817 -0.000335794 -1.51279e-09 -0.000335794 0.0104214 -2.59941e-07 -1.51279e-09 -2.59941e-07 1.03522e-06 
95
0
0
-6.78819e-05
0.0120817 -0.000335793 -1.51304e-09 -0.000335793 0.0104214 -2.59941e-07 -1.51304e-09 -2.59941e-07 1.03522e-06 
96
0
0
-0.00025062
0.0120817 -0.000335796 -1.51571e-09 -0.000335796 0.0104214 -2.59941e-07 -1.51571e-09 -2.59941e-07 1.03522e-06 
97
0
0
0.000710393
0.0120817 -0.0003358 -1.5191e-09 -0.0003358 0.0104214 -2.59942e-07 -1.5191e-09 -2.59942e-07 1.03522e-06 
98
0
0
-0.00086945
0.0120817 -0.000335786 -1.50747e-09 -0.000335786 0.0104214 -2.59944e-07 -1.50747e-09 -2.59944e-07 1.03522e-06 
99
0
0
-0.000512309
0.0120817 -0.000335806 -1.51642e-09 -0.000335806 0.0104214 -2.59945e-07 -1.51642e-09 -2.59945e-07 1.03522e-06 
100
0
0
-3.27188e-05
0.0120817 -0.000335807 -1.51653e-09 -0.000335807 0.0104214 -2.59944e-07 -1.51653e-09 -2.59944e-07 1.03522e-06 
101
0
0
0.000944763
0.0120817 -0.000335801 -1.51312e-09 -0.000335801 0.0104214 -2.59944e-07 -1.51312e-09 -2.59944e-07 1.03522e-06 
102
0
0
0.000103885
0.0120817 -0.000335782 -1.50452e-09 -0.000335782 0.0104214 -2.59944e-07 -1.50452e-09 -2.59944e-07 1.03522e-06 
103
0
0
6.14141e-05
0.0120817 -0.000335789 -1.50961e-09 -0.000335789 0.0104214 -2.59944e-07 -1.50961e-09 -2.59944e-07 1.03522e-06 
104
0
0
-0.000519961
0.0120817 -0.000335792 -1.51266e-09 -0.000335792 0.0104214 -2.59944e-07 -1.51266e-09 -2.59944e-07 1.03522e-06 
105
0
0
-0.000611299
0.0120817 -0.000335802 -1.51947e-09 -0.000335802 0.0104214 -2.59945e-07 -1.51947e-09 -2.59945e-07 1.03522e-06 
106
0
0
-0.00046925
0.0120817 -0.000335808 -1.51885e-09 -0.000335808 0.0104214 -2.59944e-07 -1.51885e-09 -2.59944e-07 1.03522e-06 
107
0
0
-0.000566762
0.0120817 -0.000335808 -1.51742e-09 -0.000335808 0.0104214 -2.59943e-07 -1.51742e-09 -2.59943e-07 1.03522e-06 
108
0
0
0.000194478
0.0120817 -0.000335809 -1.51862e-09 -0.000335809 0.0104214 -2.59942e-07 -1.51862e-09 -2.59942e-07 1.03522e-06 
109
0
0
-0.00134102
0.0120817 -0.000335798 -1.51296e-09 -0.000335798 0.0104214 -2.59941e-07 -1.51296e-09 -2.59941e-07 1.03522e-06 
110
0
0
-0.000984852
0.0120817 -0.000335818 -1.52544e-09 -0.000335818 0.0104214 -2.5994e-07 -1.52544e-09 -2.5994e-07 1.03522e-06 
111
0
0
-0.000430592
0.0120817 -0.00033582 -1.52718e-09 -0.00033582 0.0104214 -2.59942e-07 -1.52718e-09 -2.59942e-07 1.03522e-06 
112
0
0
0.000487067
0.0120817 -0.000335811 -1.52374e-09 -0.000335811 0.0104214 -2.59943e-07 -1.52374e-09 -2.59943e-07 1.03522e-06 
113
0
0
0.000577886
0.0120817 -0.000335794 -1.51571e-09 -0.000335794 0.0104214 -2.59943e-07 -1.51571e-09 -2.59943e-07 1.03522e-06 
114
0
0
0.00115745
0.0120817 -0.000335786 -1.50644e-09 -0.000335786 0.0104214 -2.59945e-07 -1.50644e-09 -2.59945e-07 1.03522e-06 
115
0
0
0.0004924
0.0120817 -0.000335773 -1.49577e-09 -0.000335773 0.0104214 -2.59945e-07 -1.49577e-09 -2.59945e-07 1.03522e-06 
116
0
0
-0.00010226
0.0120817 -0.000335779 -1.49752e-09 -0.000335779 0.0104214 -2.59944e-07 -1.49752e-09 -2.59944e-07 1.03522e-06 
117
0
0
0.000522651
0.0120817 -0.000335791 -1.50422e-09 -0.000335791 0.0104214 -2.59944e-07 -1.50422e-09 -2.59944e-07 1.03522e-06 
118
0
0
-0.000159459
0.0120817 -0.000335785 -1.50145e-09 -0.000335785 0.0104214 -2.59945e-07 -1.50145e-09 -2.59945e-07 1.03522e-06 
119
0
0
-0.000524718
0.0120817 -0.000335794 -1.50712e-09 -0.000335794 0.0104214 -2.59946e-07 -1.50712e-09 -2.59946e-07 1.03522e-06 
120
0
0
-0.00110322
0.0120817 -0.000335803 -1.51325e-09 -0.000335803 0.0104214 -2.59947e-07 -1.51325e-09 -2.59947e-07 1.03522e-06 
121
0
0
-0.00042724
0.0120817 -0.000335816 -1.52186e-09 -0.000335816 0.0104214 -2.59947e-07 -1.52186e-09 -2.59947e-07 1.03522e-06 
122
0
0
-0.000270652
0.0120817 -0.00033581 -1.51075e-09 -0.00033581 0.0104214 -2.59945e-07 -1.51075e-09 -2.59945e-07 1.03522e-06 
123
0
0
-4.07052e-05
0.0120817 -0.000335805 -1.50301e-09 -0.000335805 0.0104214 -2.59943e-07 -1.50301e-09 -2.59943e-07 1.03522e-06 
124
0
0
0.00036237
0.0120817 -0.0003358 -1.49765e-09 -0.0003358 0.0104214 -2.59943e-07 -1.49765e-09 -2.59943e-07 1.03522e-06 
125
0
0
-6.35202e-05
0.0120817 -0.000335791 -1.49239e-09 -0.000335791 0.0104214 -2.59943e-07 -1.49239e-09 -2.59943e-07 1.03522e-06 
126
0
0
-9.71806e-05
0.0120817 -0.000335795 -1.49526e-09 -0.000335795 0.0104214 -2.59943e-07 -1.49526e-09 -2.59943e-07 1.03522e-06 
127
0
0
-0.0005829
0.0120817 -0.000335797 -1.49831e-09 -0.000335797 0.0104214 -2.59942e-07 -1.49831e-09 -2.59942e-07 1.03522e-06 
128
0
0
0.000529773
0.0120817 -0.000335805 -1.50525e-09 -0.000335805 0.0104214 -2.59942e-07 -1.50525e-09 -2.59942e-07 1.03522e-06 
129
0
0
0.000327953
0.0120817 -0.000335791 -1.4937e-09 -0.000335791 0.0104214 -2.59942e-07 -1.4937e-09 -2.59942e-07 1.03522e-06 
130
0
0
0.000744451
0.0120817 -0.000335789 -1.49024e-09 -0.000335789 0.0104214 -2.59943e-07 -1.49024e-09 -2.59943e-07 1.03522e-06 
131
0
0
0.000576996
0.0120817 -0.000335781 -1.48536e-09 -0.000335781 0.0104214 -2.59943e-07 -1.48536e-09 -2.59943e-07 1.03522e-06 
132
0
0
0.00138191
0.0120817 -0.000335781 -1.48609e-09 -0.000335781 0.0104214 -2.59944e-07 -1.48609e-09 -2.59944e-07 1.03522e-06 
133
0
0
-7.53635e-05
0.0120818 -0.000335768 -1.47999e-09 -0.000335768 0.0104214 -2.59944e-07 -1.47999e-09 -2.59944e-07 1.03522e-06 
134
0
0
0.000759348
0.0120817 -0.000335786 -1.49114e-09 -0.000335786 0.0104214 -2.59943e-07 -1.49114e-09 -2.59943e-07 1.03522e-06 
135
0
0
-0.000601966
0.0120817 -0.00033578 -1.48921e-09 -0.00033578 0.0104214 -2.59943e-07 -1.48921e-09 -2.59943e-07 1.03522e-06 
136
0
0
4.35792e-05
0.0120817 -0.000335799 -1.5016e-09 -0.000335799 0.0104214 -2.59942e-07 -1.5016e-09 -2.59942e-07 1.03522e-06 
137
0
0
-0.000777294
0.0120817 -0.000335796 -1.49794e-09 -0.000335796 0.0104214 -2.59945e-07 -1.49794e-09 -2.59945e-07 1.03522e-06 
138
0
0
-0.000357321
0.0120817 -0.000335808 -1.50401e-09 -0.000335808 0.0104214 -2.59946e-07 -1.50401e-09 -2.59946e-07 1.03522e-06 
139
0
0
7.59035e-05
0.0120817 -0.000335806 -1.50375e-09 -0.000335806 0.0104214 -2.59947e-07 -1.50375e-09 -2.59947e-07 1.03522e-06 
140
0
0
-0.000611328
0.0120817 -0.000335798 -1.50103e-09 -0.000335798 0.0104214 -2.59947e-07 -1.50103e-09 -2.59947e-07 1.03522e-06 
141
0
0
-0.000774
0.0120817 -0.000335806 -1.50663e-09 -0.000335806 0.0104214 -2.59948e-07 -1.50663e-09 -2.59948e-07 1.03522e-06 
142
0
0
3.32072e-05
0.0120817 -0.000335812 -1.51073e-09 -0.000335812 0.0104214 -2.59948e-07 -1.51073e-09 -2.59948e-07 1.03522e-06 
143
0
0
0.0010869
0.0120817 -0.000335801 -1.50565e-09 -0.000335801 0.0104214 -2.59948e-07 -1.50565e-09 -2.59948e-07 1.03522e-06 
144
0
0
0.00123618
0.0120817 -0.00033578 -1.49516e-09 -0.00033578 0.0104214 -2.59948e-07 -1.49516e-09 -2.59948e-07 1.03522e-06 
145
0
0
-0.000436432
0.0120818 -0.00033577 -1.49108e-09 -0.00033577 0.0104214 -2.59948e-07 -1.49108e-09 -2.59948e-07 1.03522e-06 
146
0
0
0.00034666
0.0120817 -0.000335793 -1.50301e-09 -0.000335793 0.0104214 -2.59948e-07 -1.50301e-09 -2.59948e-07 1.03522e-06 
147
0
0
0.000829983
0.0120817 -0.000335789 -1.50029e-09 -0.000335789 0.0104214 -2.59948e-07 -1.50029e-09 -2.59948e-07 1.03522e-06 
148
0
0
-3.66868e-05
0.0120817 -0.00033578 -1.49577e-09 -0.00033578 0.0104214 -2.59947e-07 -1.49577e-09 -2.59947e-07 1.03522e-06 
149
0
0
0.000598242
0.0120817 -0.00033579 -1.50225e-09 -0.00033579 0.0104214 -2.59945e-07 -1.50225e-09 -2.59945e-07 1.03522e-06 
150
0
0
-3.70713e-05
0.0120817 -0.000335784 -1.49956e-09 -0.000335784 0.0104214 -2.59944e-07 -1.49956e-09 -2.59944e-07 1.03522e-06 
151
0
0
0.000870956
0.0120817 -0.000335792 -1.5058e-09 -0.000335792 0.0104214 -2.59943e-07 -1.5058e-09 -2.59943e-07 1.03522e-06 
152
0
0
8.70411e-06
0.0120817 -0.00033578 -1.50122e-09 -0.00033578 0.0104214 -2.59942e-07 -1.50122e-09 -2.59942e-07 1.03522e-06 
153
0
0
-2.98735e-05
0.0120817 -0.00033579 -1.5079e-09 -0.00033579 0.0104214 -2.59942e-07 -1.5079e-09 -2.59942e-07 1.03522e-06 
154
0
0
-0.000449324
0.0120817 -0.000335794 -1.5086e-09 -0.000335794 0.0104214 -2.59942e-07 -1.5086e-09 -2.59942e-07 1.03522e-06 
155
0
0
0.000244491
0.0120817 -0.000335802 -1.51306e-09 -0.000335802 0.0104214 -2.59943e-07 -1.51306e-09 -2.59943e-07 1.03522e-06 
156
0
0
-0.000292005
0.0120817 -0.000335794 -1.50933e-09 -0.000335794 0.0104214 -2.59944e-07 -1.50933e-09 -2.59944e-07 1.03522e-06 
157
0
0
-0.000382677
0.0120817 -0.0003358 -1.51358e-09 -0.0003358 0.0104214 -2.59946e-07 -1.51358e-09 -2.59946e-07 1.03522e-06 
158
0
0
-0.000111839
0.0120817 -0.000335803 -1.51621e-09 -0.000335803 0.0104214 -2.59947e-07 -1.51621e-09 -2.59947e-07 1.03522e-06 
159
0
0
-0.000265321
0.0120817 -0.0003358 -1.51538e-09 -0.0003358 0.0104214 -2.59948e-07 -1.51538e-09 -2.59948e-07 1.03522e-06 
160
0
0
4.22222e-05
0.0120817 -0.000335801 -1.51739e-09 -0.000335801 0.0104214 -2.5995e-07 -1.51739e-09 -2.5995e-07 1.03522e-06 
161
0
0
0.000671205
0.0120817 -0.000335797 -1.51636e-09 -0.000335797 0.0104214 -2.59952e-07 -1.51636e-09 -2.59952e-07 1.03522e-06 
162
0
0
-9.55203e-05
0.0120817 -0.000335785 -1.50678e-09 -0.000335785 0.0104214 -2.59949e-07 -1.50678e-09 -2.59949e-07 1.03522e-06 
163
0
0
0.00038301
0.0120817 -0.000335793 -1.50959e-09 -0.000335793 0.0104214 -2.59948e-07 -1.50959e-09 -2.59948e-07 1.03522e-06 
164
0
0
-0.000144514
0.0120817 -0.000335789 -1.50689e-09 -0.000335789 0.0104214 -2.59949e-07 -1.50689e-09 -2.59949e-07 1.03522e-06 
165
0
0
-0.000211505
0.0120817 -0.000335795 -1.51087e-09 -0.000335795 0.0104214 -2.59949e-07 -1.51087e-09 -2.59949e-07 1.03522e-06 
166
0
0
-0.000590831
0.0120817 -0.000335799 -1.51359e-09 -0.000335799 0.0104214 -2.5995e-07 -1.51359e-09 -2.5995e-07 1.03522e-06 
167
0
0
-0.000106661
0.0120817 -0.000335806 -1.5183e-09 -0.000335806 0.0104214 -2.59949e-07 -1.5183e-09 -2.59949e-07 1.03522e-06 
168
0
0
0.00023018
0.0120817 -0.000335801 -1.51694e-09 -0.000335801 0.0104214 -2.59949e-07 -1.51694e-09 -2.59949e-07 1.03522e-06 
169
0
0
-0.00143329
0.0120817 -0.000335794 -1.51495e-09 -0.000335794 0.0104214 -2.59949e-07 -1.51495e-09 -2.59949e-07 1.03522e-06 
170
0
0
-5.74036e-05
0.0120817 -0.000335818 -1.5275e-09 -0.000335818 0.0104214 -2.59951e-07 -1.5275e-09 -2.59951e-07 1.03522e-06 
171
0
0
-0.000902924
0.0120817 -0.000335805 -1.52058e-09 -0.000335805 0.0104214 -2.59952e-07 -1.52058e-09 -2.59952e-07 1.03522e-06 
172
0
0
6.7314e-06
0.0120817 -0.000335813 -1.52613e-09 -0.000335813 0.0104214 -2.59953e-07 -1.52613e-09 -2.59953e-07 1.03522e-06 
173
0
0
0.000282704
0.0120817 -0.000335802 -1.52106e-09 -0.000335802 0.0104214 -2.59952e-07 -1.52106e-09 -2.59952e-07 1.03522e-06 
174
0
0
-0.000679589
0.0120817 -0.000335794 -1.51776e-09 -0.000335794 0.0104214 -2.59952e-07 -1.51776e-09 -2.59952e-07 1.03522e-06 
175
0
0
-0.000134462
0.0120817 -0.000335806 -1.52562e-09 -0.000335806 0.0104214 -2.59952e-07 -1.52562e-09 -2.59952e-07 1.03522e-06 
176
0
0
-8.97991e-05
0.0120817 -0.000335801 -1.52423e-09 -0.000335801 0.0104214 -2.59953e-07 -1.52423e-09 -2.59953e-07 1.03522e-06 
177
0
0
-0.000931006
0.0120817 -0.000335799 -1.52414e-09 -0.000335799 0.0104214 -2.59954e-07 -1.52414e-09 -2.59954e-07 1.03522e-06 
178
0
0
0.000367678
0.0120817 -0.000335812 -1.52352e-09 -0.000335812 0.0104214 -2.59951e-07 -1.52352e-09 -2.59951e-07 1.03522e-06 
179
0
0
-0.00098564
0.0120817 -0.000335796 -1.50971e-09 -0.000335796 0.0104214 -2.59949e-07 -1.50971e-09 -2.59949e-07 1.03522e-06 
180
0
0
-0.000347232
0.0120817 -0.000335811 -1.51652e-09 -0.000335811 0.0104214 -2.59948e-07 -1.51652e-09 -2.59948e-07 1.03522e-06 
181
0
0
-0.00120888
0.0120817 -0.000335807 -1.5133e-09 -0.000335807 0.0104214 -2.59948e-07 -1.5133e-09 -2.59948e-07 1.03522e-06 
182
0
0
0.000412958
0.0120817 -0.000335819 -1.52004e-09 -0.000335819 0.0104214 -2.59948e-07 -1.52004e-09 -2.59948e-07 1.03522e-06 
183
0
0
8.02602e-05
0.0120817 -0.000335798 -1.50909e-09 -0.000335798 0.0104214 -2.59949e-07 -1.50909e-09 -2.59949e-07 1.03522e-06 
184
0
0
-0.000118808
0.0120817 -0.000335795 -1.50919e-09 -0.000335795 0.0104214 -2.59949e-07 -1.50919e-09 -2.59949e-07 1.03522e-06 
185
0
0
0.000491508
0.0120817 -0.000335797 -1.50905e-09 -0.000335797 0.0104214 -2.59948e-07 -1.50905e-09 -2.59948e-07 1.03522e-06 
186
0
0
-0.000174978
0.0120817 -0.000335788 -1.50326e-09 -0.000335788 0.0104214 -2.59948e-07 -1.50326e-09 -2.59948e-07 1.03522e-06 
187
0
0
-0.000273914
0.0120817 -0.000335796 -1.50811e-09 -0.000335796 0.0104214 -2.59948e-07 -1.50811e-09 -2.59948e-07 1.03522e-06 
188
0
0
0.000792846
0.0120817 -0.0003358 -1.51227e-09 -0.0003358 0.0104214 -2.59948e-07 -1.51227e-09 -2.59948e-07 1.03522e-06 
189
0
0
-0.000330566
0.0120817 -0.000335785 -1.50529e-09 -0.000335785 0.0104214 -2.59948e-07 -1.50529e-09 -2.59948e-07 1.03522e-06 
190
0
0
-0.000243429
0.0120817 -0.000335797 -1.51348e-09 -0.000335797 0.0104214 -2.59949e-07 -1.51348e-09 -2.59949e-07 1.03522e-06 
191
0
0
0.000344534
0.0120817 -0.0003358 -1.51653e-09 -0.0003358 0.0104214 -2.59949e-07 -1.51653e-09 -2.59949e-07 1.03522e-06 
192
0
0
-0.00107618
0.0120817 -0.000335792 -1.51358e-09 -0.000335792 0.0104214 -2.5995e-07 -1.51358e-09 -2.5995e-07 1.03522e-06 
193
0
0
-0.000138895
0.0120817 -0.000335811 -1.52559e-09 -0.000335811 0.0104214 -2.59951e-07 -1.52559e-09 -2.59951e-07 1.03522e-06 
194
0
0
0.000236127
0.0120817 -0.000335804 -1.52214e-09 -0.000335804 0.0104214 -2.59951e-07 -1.52214e-09 -2.59951e-07 1.03522e-06 
195
0
0
0.000593112
0.0120817 -0.000335795 -1.50907e-09 -0.000335795 0.0104214 -2.59951e-07 -1.50907e-09 -2.59951e-07 1.03522e-06 
196
0
0
-0.000179149
0.0120817 -0.000335786 -1.49892e-09 -0.000335786 0.0104214 -2.5995e-07 -1.49892e-09 -2.5995e-07 1.03522e-06 
197
0
0
-0.00066327
0.0120817 -0.000335795 -1.5012e-09 -0.000335795 0.0104214 -2.5995e-07 -1.5012e-09 -2.5995e-07 1.03522e-06 
198
0
0
-3.30098e-05
0.0120817 -0.000335806 -1.5061e-09 -0.000335806 0.0104214 -2.5995e-07 -1.5061e-09 -2.5995e-07 1.03522e-06 
199
0
0
-0.000638635
0.0120817 -0.0003358 -1.50296e-09 -0.0003358 0.0104214 -2.5995e-07 -1.50296e-09 -2.5995e-07 1.03522e-06 
200
0
0
-0.000536901
0.0120817 -0.000335807 -1.50876e-09 -0.000335807 0.0104214 -2.5995e-07 -1.50876e-09 -2.5995e-07 1.03522e-06 
201
0
0
-0.000537939
0.0120817 -0.000335809 -1.51065e-09 -0.000335809 0.0104214 -2.5995e-07 -1.51065e-09 -2.5995e-07 1.03522e-06 
202
0
0
-0.000934065
0.0120817 -0.000335809 -1.5016e-09 -0.000335809 0.0104214 -2.59948e-07 -1.5016e-09 -2.59948e-07 1.03522e-06 
203
0
0
-0.000278405
0.0120817 -0.000335815 -1.49859e-09 -0.000335815 0.0104214 -2.59947e-07 -1.49859e-09 -2.59947e-07 1.03522e-06 
204
0
0
0.000144257
0.0120817 -0.000335808 -1.49069e-09 -0.000335808 0.0104214 -2.59946e-07 -1.49069e-09 -2.59946e-07 1.03522e-06 
205
0
0
-0.000613502
0.0120817 -0.000335798 -1.48494e-09 -0.000335798 0.0104214 -2.59945e-07 -1.48494e-09 -2.59945e-07 1.03522e-06 
206
0
0
-0.000607887
0.0120817 -0.000335806 -1.49008e-09 -0.000335806 0.0104214 -2.59944e-07 -1.49008e-09 -2.59944e-07 1.03522e-06 
207
0
0
0.000693865
0.0120817 -0.000335809 -1.49229e-09 -0.000335809 0.0104214 -2.59944e-07 -1.49229e-09 -2.59944e-07 1.03522e-06 
208
0
0
0.000623469
0.0120817 -0.00033579 -1.48267e-09 -0.00033579 0.0104214 -2.59944e-07 -1.48267e-09 -2.59944e-07 1.03522e-06 
209
0
0
0.000135959
0.0120817 -0.000335783 -1.48175e-09 -0.000335783 0.0104214 -2.59943e-07 -1.48175e-09 -2.59943e-07 1.03522e-06 
210
0
0
-0.00088328
0.0120817 -0.000335789 -1.4881e-09 -0.000335789 0.0104214 -2.59946e-07 -1.4881e-09 -2.59946e-07 1.03522e-06 
211
0
0
0.000578365
0.0120817 -0.000335807 -1.50031e-09 -0.000335807 0.0104214 -2.59948e-07 -1.50031e-09 -2.59948e-07 1.03522e-06 
212
0
0
0.000888975
0.0120817 -0.000335791 -1.49334e-09 -0.000335791 0.0104214 -2.59949e-07 -1.49334e-09 -2.59949e-07 1.03522e-06 
213
0
0
-0.000276035
0.0120817 -0.00033578 -1.49045e-09 -0.00033578 0.0104214 -2.59949e-07 -1.49045e-09 -2.59949e-07 1.03522e-06 
214
0
0
0.000950992
0.0120817 -0.000335794 -1.50028e-09 -0.000335794 0.0104214 -2.5995e-07 -1.50028e-09 -2.5995e-07 1.03522e-06 
215
0
0
-0.000443522
0.0120817 -0.00033578 -1.49395e-09 -0.00033578 0.0104214 -2.59951e-07 -1.49395e-09 -2.59951e-07 1.03522e-06 
216
0
0
8.18127e-05
0.0120817 -0.000335797 -1.50479e-09 -0.000335797 0.0104214 -2.59952e-07 -1.50479e-09 -2.59952e-07 1.03522e-06 
217
0
0
0.000164836
0.0120817 -0.000335795 -1.505e-09 -0.000335795 0.0104214 -2.59953e-07 -1.505e-09 -2.59953e-07 1.03522e-06 
218
0
0
-5.32349e-05
0.0120817 -0.000335793 -1.49729e-09 -0.000335793 0.0104214 -2.59949e-07 -1.49729e-09 -2.59949e-07 1.03522e-06 
219
0
0
-0.000530474
0.0120817 -0.000335795 -1.49442e-09 -0.000335795 0.0104214 -2.59947e-07 -1.49442e-09 -2.59947e-07 1.03522e-06 
220
0
0
3.75182e-05
0.0120817 -0.000335804 -1.49691e-09 -0.000335804 0.0104214 -2.59946e-07 -1.49691e-09 -2.59946e-07 1.03522e-06 
221
0
0
-0.000897137
0.0120817 -0.000335798 -1.49326e-09 -0.000335798 0.0104214 -2.59946e-07 -1.49326e-09 -2.59946e-07 1.03522e-06 
222
0
0
-0.000150538
0.0120817 -0.000335811 -1.50098e-09 -0.000335811 0.0104214 -2.59945e-07 -1.50098e-09 -2.59945e-07 1.03522e-06 
223
0
0
0.000640021
0.0120817 -0.000335804 -1.49816e-09 -0.000335804 0.0104214 -2.59945e-07 -1.49816e-09 -2.59945e-07 1.03522e-06 
224
0
0
0.000280769
0.0120817 -0.000335788 -1.49166e-09 -0.000335788 0.0104214 -2.59945e-07 -1.49166e-09 -2.59945e-07 1.03522e-06 
225
0
0
5.31225e-06
0.0120817 -0.000335788 -1.49386e-09 -0.000335788 0.0104214 -2.59945e-07 -1.49386e-09 -2.59945e-07 1.03522e-06 
226
0
0
1.4718e-05
0.0120817 -0.000335793 -1.48584e-09 -0.000335793 0.0104214 -2.5994e-07 -1.48584e-09 -2.5994e-07 1.03522e-06 
227
0
0
9.43868e-05
0.0120817 -0.000335794 -1.47969e-09 -0.000335794 0.0104214 -2.59937e-07 -1.47969e-09 -2.59937e-07 1.03522e-06 
228
0
0
0.000665524
0.0120817 -0.000335794 -1.47556e-09 -0.000335794 0.0104214 -2.59936e-07 -1.47556e-09 -2.59936e-07 1.03522e-06 
229
0
0
0.000242103
0.0120817 -0.000335784 -1.46879e-09 -0.000335784 0.0104214 -2.59936e-07 -1.46879e-09 -2.59936e-07 1.03522e-06 
230
0
0
0.000211998
0.0120817 -0.000335787 -1.47067e-09 -0.000335787 0.0104214 -2.59935e-07 -1.47067e-09 -2.59935e-07 1.03522e-06 
231
0
0
2.88124e-05
0.0120817 -0.000335789 -1.47191e-09 -0.000335789 0.0104214 -2.59935e-07 -1.47191e-09 -2.59935e-07 1.03522e-06 
232
0
0
0.000277399
0.0120817 -0.000335793 -1.47405e-09 -0.000335793 0.0104214 -2.59935e-07 -1.47405e-09 -2.59935e-07 1.03522e-06 
233
0
0
0.000411122
0.0120817 -0.00033579 -1.47318e-09 -0.00033579 0.0104214 -2.59935e-07 -1.47318e-09 -2.59935e-07 1.03522e-06 
234
0
0
0.000741731
0.0120817 -0.000335787 -1.46865e-09 -0.000335787 0.0104214 -2.59936e-07 -1.46865e-09 -2.59936e-07 1.03522e-06 
235
0
0
-6.57272e-05
0.0120817 -0.000335781 -1.46363e-09 -0.000335781 0.0104214 -2.59936e-07 -1.46363e-09 -2.59936e-07 1.03522e-06 
236
0
0
-0.000358431
0.0120817 -0.000335791 -1.46886e-09 -0.000335791 0.0104214 -2.59936e-07 -1.46886e-09 -2.59936e-07 1.03522e-06 
237
0
0
-0.00192839
0.0120817 -0.000335799 -1.47305e-09 -0.000335799 0.0104214 -2.59935e-07 -1.47305e-09 -2.59935e-07 1.03522e-06 
238
0
0
-0.000647188
0.0120817 -0.000335828 -1.48899e-09 -0.000335828 0.0104214 -2.59935e-07 -1.48899e-09 -2.59935e-07 1.03522e-06 
239
0
0
0.000110281
0.0120817 -0.000335818 -1.48462e-09 -0.000335818 0.0104214 -2.59934e-07 -1.48462e-09 -2.59934e-07 1.03522e-06 
240
0
0
0.000966895
0.0120817 -0.000335802 -1.47779e-09 -0.000335802 0.0104214 -2.59934e-07 -1.47779e-09 -2.59934e-07 1.03522e-06 
241
0
0
0.000268489
0.0120817 -0.000335783 -1.46923e-09 -0.000335783 0.0104214 -2.59933e-07 -1.46923e-09 -2.59933e-07 1.03522e-06 
242
0
0
0.000433607
0.0120817 -0.000335786 -1.46979e-09 -0.000335786 0.0104214 -2.59932e-07 -1.46979e-09 -2.59932e-07 1.03522e-06 
243
0
0
-0.000119479
0.0120817 -0.000335785 -1.46787e-09 -0.000335785 0.0104214 -2.59931e-07 -1.46787e-09 -2.59931e-07 1.03522e-06 
244
0
0
-6.43083e-05
0.0120817 -0.000335793 -1.47191e-09 -0.000335793 0.0104214 -2.5993e-07 -1.47191e-09 -2.5993e-07 1.03522e-06 
245
0
0
0.00102124
0.0120817 -0.000335796 -1.47333e-09 -0.000335796 0.0104214 -2.59929e-07 -1.47333e-09 -2.59929e-07 1.03522e-06 
246
0
0
0.000162063
0.0120817 -0.000335779 -1.46569e-09 -0.000335779 0.0104214 -2.59929e-07 -1.46569e-09 -2.59929e-07 1.03522e-06 
247
0
0
-0.000103115
0.0120817 -0.000335787 -1.47149e-09 -0.000335787 0.0104214 -2.59929e-07 -1.47149e-09 -2.59929e-07 1.03522e-06 
248
0
0
0.00065588
0.0120817 -0.000335794 -1.47714e-09 -0.000335794 0.0104214 -2.5993e-07 -1.47714e-09 -2.5993e-07 1.03522e-06 
249
0
0
0.00030172
0.0120817 -0.000335785 -1.47339e-09 -0.000335785 0.0104214 -2.5993e-07 -1.47339e-09 -2.5993e-07 1.03522e-06 
250
0
0
-9.21903e-05
0.0120817 -0.000335787 -1.47662e-09 -0.000335787 0.0104214 -2.59933e-07 -1.47662e-09 -2.59933e-07 1.03522e-06 
251
0
0
7.87876e-06
0.0120817 -0.000335794 -1.48258e-09 -0.000335794 0.0104214 -2.59935e-07 -1.48258e-09 -2.59935e-07 1.03522e-06 
252
0
0
-7.50982e-05
0.0120817 -0.000335795 -1.48527e-09 -0.000335795 0.0104214 -2.59936e-07 -1.48527e-09 -2.59936e-07 1.03522e-06 
253
0
0
0.000983291
0.0120817 -0.000335796 -1.48817e-09 -0.000335796 0.0104214 -2.59937e-07 -1.48817e-09 -2.59937e-07 1.03522e-06 
254
0
0
0.000772119
0.0120817 -0.00033578 -1.48124e-09 -0.00033578 0.0104214 -2.59939e-07 -1.48124e-09 -2.59939e-07 1.03522e-06 
255
0
0
0.000502289
0.0120817 -0.000335777 -1.48263e-09 -0.000335777 0.0104214 -2.5994e-07 -1.48263e-09 -2.5994e-07 1.03522e-06 
256
0
0
0.000908505
0.0120817 -0.000335781 -1.48679e-09 -0.000335781 0.0104214 -2.5994e-07 -1.48679e-09 -2.5994e-07 1.03522e-06 
257
0
0
0.000747439
0.0120817 -0.000335775 -1.48583e-09 -0.000335775 0.0104214 -2.59941e-07 -1.48583e-09 -2.59941e-07 1.03522e-06 
258
0
0
0.000661646
0.0120817 -0.000335776 -1.47492e-09 -0.000335776 0.0104214 -2.59939e-07 -1.47492e-09 -2.59939e-07 1.03522e-06 
259
0
0
2.31897e-05
0.0120817 -0.000335778 -1.46834e-09 -0.000335778 0.0104214 -2.59937e-07 -1.46834e-09 -2.59937e-07 1.03522e-06 
260
0
0
0.000606388
0.0120817 -0.000335788 -1.4708e-09 -0.000335788 0.0104214 -2.59937e-07 -1.4708e-09 -2.59937e-07 1.03522e-06 
261
0
0
0.000537394
0.0120817 -0.000335783 -1.46629e-09 -0.000335783 0.0104214 -2.59936e-07 -1.46629e-09 -2.59936e-07 1.03522e-06 
262
0
0
8.21417e-05
0.0120817 -0.000335782 -1.46557e-09 -0.000335782 0.0104214 -2.59936e-07 -1.46557e-09 -2.59936e-07 1.03522e-06 
263
0
0
0.000416354
0.0120817 -0.000335789 -1.46978e-09 -0.000335789 0.0104214 -2.59936e-07 -1.46978e-09 -2.59936e-07 1.03522e-06 
264
0
0
0.000321111
0.0120817 -0.000335787 -1.46982e-09 -0.000335787 0.0104214 -2.59936e-07 -1.46982e-09 -2.59936e-07 1.03522e-06 
265
0
0
-0.000595336
0.0120817 -0.000335787 -1.47171e-09 -0.000335787 0.0104214 -2.59937e-07 -1.47171e-09 -2.59937e-07 1.03522e-06 
266
0
0
-0.000434645
0.0120817 -0.000335802 -1.47851e-09 -0.000335802 0.0104214 -2.59937e-07 -1.47851e-09 -2.59937e-07 1.03522e-06 
267
0
0
-1.89528e-05
0.0120817 -0.000335805 -1.4797e-09 -0.000335805 0.0104214 -2.59938e-07 -1.4797e-09 -2.59938e-07 1.03522e-06 
268
0
0
-0.000417835
0.0120817 -0.000335799 -1.4781e-09 -0.000335799 0.0104214 -2.59938e-07 -1.4781e-09 -2.59938e-07 1.03522e-06 
269
0
0
-0.00082182
0.0120817 -0.000335804 -1.48202e-09 -0.000335804 0.0104214 -2.59938e-07 -1.48202e-09 -2.59938e-07 1.03522e-06 
270
0
0
-0.000889507
0.0120817 -0.000335812 -1.48691e-09 -0.000335812 0.0104214 -2.59938e-07 -1.48691e-09 -2.59938e-07 1.03522e-06 
271
0
0
-0.00121212
0.0120817 -0.000335816 -1.48911e-09 -0.000335816 0.0104214 -2.59939e-07 -1.48911e-09 -2.59939e-07 1.03522e-06 
272
0
0
-0.000334297
0.0120817 -0.000335822 -1.49359e-09 -0.000335822 0.0104214 -2.59938e-07 -1.49359e-09 -2.59938e-07 1.03522e-06 
273
0
0
-0.000573599
0.0120817 -0.000335811 -1.48952e-09 -0.000335811 0.0104214 -2.59938e-07 -1.48952e-09 -2.59938e-07 1.03522e-06 
274
0
0
-3.95792e-05
0.0120817 -0.000335811 -1.49164e-09 -0.000335811 0.0104214 -2.59937e-07 -1.49164e-09 -2.59937e-07 1.03522e-06 
275
0
0
-0.000778377
0.0120817 -0.000335802 -1.48167e-09 -0.000335802 0.0104214 -2.59938e-07 -1.48167e-09 -2.59938e-07 1.03522e-06 
276
0
0
5.48938e-05
0.0120817 -0.00033581 -1.4818e-09 -0.00033581 0.0104214 -2.59939e-07 -1.4818e-09 -2.59939e-07 1.03522e-06 
277
0
0
0.000591333
0.0120817 -0.0003358 -1.47424e-09 -0.0003358 0.0104214 -2.59935e-07 -1.47424e-09 -2.59935e-07 1.03522e-06 
278
0
0
-0.00127254
0.0120817 -0.000335788 -1.46939e-09 -0.000335788 0.0104214 -2.59933e-07 -1.46939e-09 -2.59933e-07 1.03522e-06 
279
0
0
-0.000493774
0.0120817 -0.000335813 -1.48408e-09 -0.000335813 0.0104214 -2.59931e-07 -1.48408e-09 -2.59931e-07 1.03522e-06 
280
0
0
0.000122225
0.0120817 -0.00033581 -1.48269e-09 -0.00033581 0.0104214 -2.59929e-07 -1.48269e-09 -2.59929e-07 1.03522e-06 
281
0
0
0.000261118
0.0120817 -0.000335799 -1.47723e-09 -0.000335799 0.0104214 -2.5993e-07 -1.47723e-09 -2.5993e-07 1.03522e-06 
282
0
0
0.00104199
0.0120817 -0.000335793 -1.47232e-09 -0.000335793 0.0104214 -2.59932e-07 -1.47232e-09 -2.59932e-07 1.03522e-06 
283
0
0
-0.000433626
0.0120817 -0.000335778 -1.46572e-09 -0.000335778 0.0104214 -2.59936e-07 -1.46572e-09 -2.59936e-07 1.03522e-06 
284
0
0
-0.000418134
0.0120817 -0.000335796 -1.47603e-09 -0.000335796 0.0104214 -2.59938e-07 -1.47603e-09 -2.59938e-07 1.03522e-06 
285
0
0
0.000583328
0.0120817 -0.000335802 -1.4789e-09 -0.000335802 0.0104214 -2.59937e-07 -1.4789e-09 -2.59937e-07 1.03522e-06 
286
0
0
0.000500838
0.0120817 -0.000335789 -1.47224e-09 -0.000335789 0.0104214 -2.59933e-07 -1.47224e-09 -2.59933e-07 1.03522e-06 
287
0
0
-0.000138724
0.0120817 -0.000335785 -1.4736e-09 -0.000335785 0.0104214 -2.59931e-07 -1.4736e-09 -2.59931e-07 1.03522e-06 
288
0
0
0.000500862
0.0120817 -0.000335794 -1.48186e-09 -0.000335794 0.0104214 -2.59931e-07 -1.48186e-09 -2.59931e-07 1.03522e-06 
289
0
0
-0.000337308
0.0120817 -0.000335787 -1.48097e-09 -0.000335787 0.0104214 -2.59934e-07 -1.48097e-09 -2.59934e-07 1.03522e-06 
290
0
0
-6.19048e-05
0.0120817 -0.000335798 -1.48429e-09 -0.000335798 0.0104214 -2.59936e-07 -1.48429e-09 -2.59936e-07 1.03522e-06 
291
0
0
0.00028738
0.0120817 -0.000335797 -1.48221e-09 -0.000335797 0.0104214 -2.59938e-07 -1.48221e-09 -2.59938e-07 1.03522e-06 
292
0
0
0.000702259
0.0120817 -0.000335792 -1.47871e-09 -0.000335792 0.0104214 -2.59939e-07 -1.47871e-09 -2.59939e-07 1.03522e-06 
293
0
0
0.000426362
0.0120817 -0.000335783 -1.47493e-09 -0.000335783 0.0104214 -2.59939e-07 -1.47493e-09 -2.59939e-07 1.03522e-06 
294
0
0
0.000116901
0.0120817 -0.000335784 -1.47757e-09 -0.000335784 0.0104214 -2.59938e-07 -1.47757e-09 -2.59938e-07 1.03522e-06 
295
0
0
-0.000403336
0.0120817 -0.000335789 -1.48226e-09 -0.000335789 0.0104214 -2.59938e-07 -1.48226e-09 -2.59938e-07 1.03522e-06 
296
0
0
0.000277909
0.0120817 -0.0003358 -1.48991e-09 -0.0003358 0.0104214 -2.59938e-07 -1.48991e-09 -2.59938e-07 1.03522e-06 
297
0
0
-0.000167678
0.0120817 -0.000335793 -1.48789e-09 -0.000335793 0.0104214 -2.59939e-07 -1.48789e-09 -2.59939e-07 1.03522e-06 
298
0
0
-0.000181097
0.0120817 -0.000335797 -1.49041e-09 -0.000335797 0.0104214 -2.59942e-07 -1.49041e-09 -2.59942e-07 1.03522e-06 
299
0
0
-0.00050165
0.0120817 -0.000335799 -1.49175e-09 -0.000335799 0.0104214 -2.59943e-07 -1.49175e-09 -2.59943e-07 1.03522e-06 
300
0
0
1.02166e-05
0.0120817 -0.000335805 -1.4958e-09 -0.000335805 0.0104214 -2.59943e-07 -1.4958e-09 -2.59943e-07 1.03522e-06 
301
0
0
0.000340377
0.0120817 -0.000335799 -1.49424e-09 -0.000335799 0.0104214 -2.59943e-07 -1.49424e-09 -2.59943e-07 1.03522e-06 
302
0
0
0.000286254
0.0120817 -0.000335791 -1.49202e-09 -0.000335791 0.0104214 -2.59943e-07 -1.49202e-09 -2.59943e-07 1.03522e-06 
303
0
0
0.000279853
0.0120817 -0.000335789 -1.49311e-09 -0.000335789 0.0104214 -2.59944e-07 -1.49311e-09 -2.59944e-07 1.03522e-06 
304
0
0
-0.000634087
0.0120817 -0.000335789 -1.49452e-09 -0.000335789 0.0104214 -2.59945e-07 -1.49452e-09 -2.59945e-07 1.03522e-06 
305
0
0
-0.000407577
0.0120817 -0.000335803 -1.50283e-09 -0.000335803 0.0104214 -2.59945e-07 -1.50283e-09 -2.59945e-07 1.03522e-06 
306
0
0
-0.000832458
0.0120817 -0.000335805 -1.50333e-09 -0.000335805 0.0104214 -2.59948e-07 -1.50333e-09 -2.59948e-07 1.03522e-06 
307
0
0
-0.000627352
