0
0
0
-0.00116812
0.00632102 -7.44339e-05 -4.31087e-09 -7.44339e-05 0.0065425 -1.42373e-07 -4.31087e-09 -1.42373e-07 1.21851e-06 
1
0
0
-1.41701e-05
0.0093053 -0.000180882 -4.17939e-09 -0.000180882 0.00905162 -1.84361e-07 -4.17939e-09 -1.84361e-07 1.03651e-06 
2
0
0
0.000382754
0.0107701 -0.000255988 -3.68073e-09 -0.000255988 0.00996569 -2.08422e-07 -3.68073e-09 -2.08422e-07 1.03685e-06 
3
0
0
-0.00029512
0.0114639 -0.000297126 -3.22206e-09 -0.000297126 0.010272 -2.1934e-07 -3.22206e-09 -2.1934e-07 1.0371e-06 
4
0
0
-0.000210913
0.0117902 -0.000317559 -2.90637e-09 -0.000317559 0.0103719 -2.25003e-07 -2.90637e-09 -2.25003e-07 1.03671e-06 
5
0
0
0.00014051
0.0119437 -0.000327283 -2.6894e-09 -0.000327283 0.0104043 -2.28798e-07 -2.6894e-09 -2.28798e-07 1.03631e-06 
6
0
0
-0.000555918
0.0120159 -0.000331819 -2.52693e-09 -0.000331819 0.0104149 -2.31886e-07 -2.52693e-09 -2.31886e-07 1.036e-06 
7
0
0
-0.00104821
0.01205 -0.000333932 -2.40015e-09 -0.000333932 0.0104185 -2.34634e-07 -2.40015e-09 -2.34634e-07 1.03576e-06 
8
0
0
-0.000561623
0.0120662 -0.000334917 -2.29082e-09 -0.000334917 0.0104197 -2.37154e-07 -2.29082e-09 -2.37154e-07 1.03558e-06 
9
0
0
0.000166547
0.0120739 -0.000335367 -2.18468e-09 -0.000335367 0.0104202 -2.3948e-07 -2.18468e-09 -2.3948e-07 1.03545e-06 
10
0
0
-0.000127174
0.0120777 -0.000335567 -2.08177e-09 -0.000335567 0.0104205 -2.41621e-07 -2.08177e-09 -2.41621e-07 1.03535e-06 
11
0
0
-7.06095e-05
0.0120795 -0.000335669 -1.9923e-09 -0.000335669 0.0104206 -2.43582e-07 -1.9923e-09 -2.43582e-07 1.03528e-06 
12
0
0
-0.000188177
0.0120804 -0.000335718 -1.9093e-09 -0.000335718 0.0104207 -2.4537e-07 -1.9093e-09 -2.4537e-07 1.03523e-06 
13
0
0
-4.29266e-06
0.0120809 -0.000335746 -1.83414e-09 -0.000335746 0.0104208 -2.46994e-07 -1.83414e-09 -2.46994e-07 1.03519e-06 
14
0
0
0.000575173
0.0120812 -0.000335759 -1.76379e-09 -0.000335759 0.0104209 -2.4846e-07 -1.76379e-09 -2.4846e-07 1.03517e-06 
15
0
0
0.000689987
0.0120814 -0.000335757 -1.69628e-09 -0.000335757 0.010421 -2.49781e-07 -1.69628e-09 -2.49781e-07 1.03515e-06 
16
0
0
3.37119e-05
0.0120815 -0.000335758 -1.63545e-09 -0.000335758 0.010421 -2.50959e-07 -1.63545e-09 -2.50959e-07 1.03514e-06 
17
0
0
-0.00019588
0.0120815 -0.00033577 -1.58754e-09 -0.00033577 0.0104211 -2.52015e-07 -1.58754e-09 -2.52015e-07 1.03514e-06 
18
0
0
4.78742e-06
0.0120816 -0.00033578 -1.54404e-09 -0.00033578 0.0104211 -2.52957e-07 -1.54404e-09 -2.52957e-07 1.03514e-06 
19
0
0
0.000312633
0.0120816 -0.000335782 -1.50167e-09 -0.000335782 0.0104212 -2.53795e-07 -1.50167e-09 -2.53795e-07 1.03514e-06 
20
0
0
-1.85836e-05
0.0120817 -0.000335779 -1.46161e-09 -0.000335779 0.0104212 -2.54539e-07 -1.46161e-09 -2.54539e-07 1.03514e-06 
21
0
0
-0.0006742
0.0120817 -0.000335784 -1.43031e-09 -0.000335784 0.0104212 -2.55198e-07 -1.43031e-09 -2.55198e-07 1.03515e-06 
22
0
0
-0.000895708
0.0120817 -0.000335797 -1.40744e-09 -0.000335797 0.0104213 -2.55781e-07 -1.40744e-09 -2.55781e-07 1.03515e-06 
23
0
0
-0.000470834
0.0120817 -0.000335807 -1.3859e-09 -0.000335807 0.0104213 -2.56297e-07 -1.3859e-09 -2.56297e-07 1.03516e-06 
24
0
0
-0.000594112
0.0120817 -0.000335804 -1.37088e-09 -0.000335804 0.0104213 -2.56756e-07 -1.37088e-09 -2.56756e-07 1.03516e-06 
25
0
0
-0.000218913
0.0120817 -0.000335805 -1.35806e-09 -0.000335805 0.0104213 -2.5716e-07 -1.35806e-09 -2.5716e-07 1.03517e-06 
26
0
0
-0.00101977
0.0120817 -0.0003358 -1.34169e-09 -0.0003358 0.0104213 -2.57515e-07 -1.34169e-09 -2.57515e-07 1.03517e-06 
27
0
0
-0.00045798
0.0120817 -0.000335812 -1.33486e-09 -0.000335812 0.0104214 -2.57827e-07 -1.33486e-09 -2.57827e-07 1.03518e-06 
28
0
0
0.000363129
0.0120817 -0.000335807 -1.3185e-09 -0.000335807 0.0104214 -2.58101e-07 -1.3185e-09 -2.58101e-07 1.03518e-06 
29
0
0
0.000281963
0.0120817 -0.000335793 -1.29794e-09 -0.000335793 0.0104214 -2.58341e-07 -1.29794e-09 -2.58341e-07 1.03519e-06 
30
0
0
-0.000884611
0.0120817 -0.000335789 -1.285e-09 -0.000335789 0.0104214 -2.5855e-07 -1.285e-09 -2.5855e-07 1.03519e-06 
31
0
0
9.834e-05
0.0120817 -0.000335806 -1.28499e-09 -0.000335806 0.0104214 -2.58732e-07 -1.28499e-09 -2.58732e-07 1.03519e-06 
32
0
0
-4.68596e-05
0.0120817 -0.000335797 -1.27616e-09 -0.000335797 0.0104214 -2.58893e-07 -1.27616e-09 -2.58893e-07 1.0352e-06 
33
0
0
-0.000300258
0.0120817 -0.000335796 -1.2718e-09 -0.000335796 0.0104214 -2.59033e-07 -1.2718e-09 -2.59033e-07 1.0352e-06 
34
0
0
-0.000832897
0.0120817 -0.0003358 -1.26907e-09 -0.0003358 0.0104214 -2.59156e-07 -1.26907e-09 -2.59156e-07 1.0352e-06 
35
0
0
-0.000724922
0.0120817 -0.00033581 -1.26957e-09 -0.00033581 0.0104214 -2.59263e-07 -1.26957e-09 -2.59263e-07 1.0352e-06 
36
0
0
-0.000185393
0.0120817 -0.000335812 -1.26613e-09 -0.000335812 0.0104214 -2.59357e-07 -1.26613e-09 -2.59357e-07 1.03521e-06 
37
0
0
-0.000283703
0.0120817 -0.000335804 -1.25796e-09 -0.000335804 0.0104214 -2.59438e-07 -1.25796e-09 -2.59438e-07 1.03521e-06 
38
0
0
-0.000363794
0.0120817 -0.000335803 -1.25425e-09 -0.000335803 0.0104214 -2.59509e-07 -1.25425e-09 -2.59509e-07 1.03521e-06 
39
0
0
0.000242574
0.0120817 -0.000335804 -1.25137e-09 -0.000335804 0.0104214 -2.59571e-07 -1.25137e-09 -2.59571e-07 1.03521e-06 
40
0
0
-0.000656592
0.0120817 -0.000335795 -1.25421e-09 -0.000335795 0.0104214 -2.59624e-07 -1.25421e-09 -2.59624e-07 1.03521e-06 
41
0
0
-0.000311804
0.0120817 -0.000335805 -1.26441e-09 -0.000335805 0.0104214 -2.59669e-07 -1.26441e-09 -2.59669e-07 1.03521e-06 
42
0
0
-0.000540782
0.0120817 -0.000335804 -1.26493e-09 -0.000335804 0.0104214 -2.59709e-07 -1.26493e-09 -2.59709e-07 1.03521e-06 
43
0
0
0.000262993
0.0120817 -0.000335807 -1.26661e-09 -0.000335807 0.0104214 -2.59743e-07 -1.26661e-09 -2.59743e-07 1.03522e-06 
44
0
0
0.00034255
0.0120817 -0.000335796 -1.25952e-09 -0.000335796 0.0104214 -2.59773e-07 -1.25952e-09 -2.59773e-07 1.03522e-06 
45
0
0
0.000785592
0.0120817 -0.00033579 -1.25551e-09 -0.00033579 0.0104214 -2.59799e-07 -1.25551e-09 -2.59799e-07 1.03522e-06 
46
0
0
2.37606e-05
0.0120817 -0.000335781 -1.24938e-09 -0.000335781 0.0104214 -2.59822e-07 -1.24938e-09 -2.59822e-07 1.03522e-06 
47
0
0
1.04778e-05
0.0120817 -0.00033579 -1.25274e-09 -0.00033579 0.0104214 -2.59843e-07 -1.25274e-09 -2.59843e-07 1.03522e-06 
48
0
0
-7.39499e-05
0.0120817 -0.000335793 -1.25273e-09 -0.000335793 0.0104214 -2.5986e-07 -1.25273e-09 -2.5986e-07 1.03522e-06 
49
0
0
0.000313211
0.0120817 -0.000335796 -1.25312e-09 -0.000335796 0.0104214 -2.59875e-07 -1.25312e-09 -2.59875e-07 1.03522e-06 
50
0
0
0.000602724
0.0120817 -0.000335791 -1.24921e-09 -0.000335791 0.0104214 -2.59891e-07 -1.24921e-09 -2.59891e-07 1.03522e-06 
51
0
0
-0.000256911
0.0120817 -0.000335784 -1.24421e-09 -0.000335784 0.0104214 -2.59905e-07 -1.24421e-09 -2.59905e-07 1.03522e-06 
52
0
0
-0.000293073
0.0120817 -0.000335795 -1.24942e-09 -0.000335795 0.0104214 -2.59916e-07 -1.24942e-09 -2.59916e-07 1.03522e-06 
53
0
0
0.00127448
0.0120817 -0.0003358 -1.25114e-09 -0.0003358 0.0104214 -2.59926e-07 -1.25114e-09 -2.59926e-07 1.03522e-06 
54
0
0
-0.000252858
0.0120817 -0.000335777 -1.23784e-09 -0.000335777 0.0104214 -2.59933e-07 -1.23784e-09 -2.59933e-07 1.03522e-06 
55
0
0
-0.000330239
0.0120817 -0.000335793 -1.24558e-09 -0.000335793 0.0104214 -2.5994e-07 -1.24558e-09 -2.5994e-07 1.03522e-06 
56
0
0
-0.000585897
0.0120817 -0.0003358 -1.24508e-09 -0.0003358 0.0104214 -2.59944e-07 -1.24508e-09 -2.59944e-07 1.03522e-06 
57
0
0
0.000898325
0.0120817 -0.000335807 -1.24529e-09 -0.000335807 0.0104214 -2.59949e-07 -1.24529e-09 -2.59949e-07 1.03522e-06 
58
0
0
-0.000567652
0.0120817 -0.000335786 -1.23245e-09 -0.000335786 0.0104214 -2.59953e-07 -1.23245e-09 -2.59953e-07 1.03522e-06 
59
0
0
-0.000618077
0.0120817 -0.000335801 -1.24114e-09 -0.000335801 0.0104214 -2.59956e-07 -1.24114e-09 -2.59956e-07 1.03522e-06 
60
0
0
0.000534482
0.0120817 -0.000335807 -1.24431e-09 -0.000335807 0.0104214 -2.59959e-07 -1.24431e-09 -2.59959e-07 1.03522e-06 
61
0
0
0.000228243
0.0120817 -0.000335792 -1.2348e-09 -0.000335792 0.0104214 -2.59962e-07 -1.2348e-09 -2.59962e-07 1.03522e-06 
62
0
0
-0.000180574
0.0120817 -0.000335791 -1.23333e-09 -0.000335791 0.0104214 -2.59964e-07 -1.23333e-09 -2.59964e-07 1.03522e-06 
63
0
0
-0.000648236
0.0120817 -0.000335797 -1.23679e-09 -0.000335797 0.0104214 -2.59967e-07 -1.23679e-09 -2.59967e-07 1.03522e-06 
64
0
0
-4.22445e-05
0.0120817 -0.000335806 -1.24331e-09 -0.000335806 0.0104214 -2.59969e-07 -1.24331e-09 -2.59969e-07 1.03522e-06 
65
0
0
3.46573e-05
0.0120817 -0.0003358 -1.24114e-09 -0.0003358 0.0104214 -2.5997e-07 -1.24114e-09 -2.5997e-07 1.03522e-06 
66
0
0
-0.000306379
0.0120817 -0.000335797 -1.23903e-09 -0.000335797 0.0104214 -2.59972e-07 -1.23903e-09 -2.59972e-07 1.03522e-06 
67
0
0
-0.000563225
0.0120817 -0.000335801 -1.24106e-09 -0.000335801 0.0104214 -2.59973e-07 -1.24106e-09 -2.59973e-07 1.03522e-06 
68
0
0
-0.000852552
0.0120817 -0.000335807 -1.24456e-09 -0.000335807 0.0104214 -2.59974e-07 -1.24456e-09 -2.59974e-07 1.03522e-06 
69
0
0
-0.000123667
0.0120817 -0.000335813 -1.24852e-09 -0.000335813 0.0104214 -2.59976e-07 -1.24852e-09 -2.59976e-07 1.03522e-06 
70
0
0
-0.000368498
0.0120817 -0.000335804 -1.24319e-09 -0.000335804 0.0104214 -2.59977e-07 -1.24319e-09 -2.59977e-07 1.03522e-06 
71
0
0
-0.00099545
0.0120817 -0.000335805 -1.24291e-09 -0.000335805 0.0104214 -2.59977e-07 -1.24291e-09 -2.59977e-07 1.03522e-06 
72
0
0
5.79016e-05
0.0120817 -0.000335815 -1.24988e-09 -0.000335815 0.0104214 -2.59977e-07 -1.24988e-09 -2.59977e-07 1.03522e-06 
73
0
0
-0.000565338
0.0120817 -0.000335802 -1.24397e-09 -0.000335802 0.0104214 -2.59977e-07 -1.24397e-09 -2.59977e-07 1.03522e-06 
74
0
0
-0.000270164
0.0120817 -0.000335807 -1.24763e-09 -0.000335807 0.0104214 -2.59977e-07 -1.24763e-09 -2.59977e-07 1.03522e-06 
75
0
0
-0.00054477
0.0120817 -0.000335804 -1.24652e-09 -0.000335804 0.0104214 -2.59978e-07 -1.24652e-09 -2.59978e-07 1.03522e-06 
76
0
0
0.000176916
0.0120817 -0.000335808 -1.249e-09 -0.000335808 0.0104214 -2.59978e-07 -1.249e-09 -2.59978e-07 1.03522e-06 
77
0
0
-0.000357097
0.0120817 -0.000335797 -1.24287e-09 -0.000335797 0.0104214 -2.59979e-07 -1.24287e-09 -2.59979e-07 1.03522e-06 
78
0
0
-0.000457057
0.0120817 -0.000335802 -1.24398e-09 -0.000335802 0.0104214 -2.59979e-07 -1.24398e-09 -2.59979e-07 1.03522e-06 
79
0
0
0.000800525
0.0120817 -0.000335805 -1.24463e-09 -0.000335805 0.0104214 -2.5998e-07 -1.24463e-09 -2.5998e-07 1.03522e-06 
80
0
0
0.000165815
0.0120817 -0.000335787 -1.23664e-09 -0.000335787 0.0104214 -2.59979e-07 -1.23664e-09 -2.59979e-07 1.03522e-06 
81
0
0
0.000148858
0.0120817 -0.00033579 -1.23972e-09 -0.00033579 0.0104214 -2.5998e-07 -1.23972e-09 -2.5998e-07 1.03522e-06 
82
0
0
-0.000241496
0.0120817 -0.000335791 -1.24009e-09 -0.000335791 0.0104214 -2.5998e-07 -1.24009e-09 -2.5998e-07 1.03522e-06 
83
0
0
-0.000628508
0.0120817 -0.000335798 -1.24271e-09 -0.000335798 0.0104214 -2.5998e-07 -1.24271e-09 -2.5998e-07 1.03522e-06 
84
0
0
4.42636e-05
0.0120817 -0.000335806 -1.24703e-09 -0.000335806 0.0104214 -2.59979e-07 -1.24703e-09 -2.59979e-07 1.03522e-06 
85
0
0
0.000255227
0.0120817 -0.000335799 -1.24285e-09 -0.000335799 0.0104214 -2.59979e-07 -1.24285e-09 -2.59979e-07 1.03522e-06 
86
0
0
1.81202e-05
0.0120817 -0.000335793 -1.23985e-09 -0.000335793 0.0104214 -2.5998e-07 -1.23985e-09 -2.5998e-07 1.03522e-06 
87
0
0
0.000169769
0.0120817 -0.000335794 -1.24068e-09 -0.000335794 0.0104214 -2.5998e-07 -1.24068e-09 -2.5998e-07 1.03522e-06 
88
0
0
-0.000510781
0.0120817 -0.000335793 -1.24716e-09 -0.000335793 0.0104214 -2.59982e-07 -1.24716e-09 -2.59982e-07 1.03522e-06 
89
0
0
-0.000177116
0.0120817 -0.000335803 -1.25738e-09 -0.000335803 0.0104214 -2.59984e-07 -1.25738e-09 -2.59984e-07 1.03522e-06 
90
0
0
-0.00108927
0.0120817 -0.000335801 -1.2585e-09 -0.000335801 0.0104214 -2.59986e-07 -1.2585e-09 -2.59986e-07 1.03522e-06 
91
0
0
-0.000796996
0.0120817 -0.000335815 -1.26714e-09 -0.000335815 0.0104214 -2.59986e-07 -1.26714e-09 -2.59986e-07 1.03522e-06 
92
0
0
-0.000158166
0.0120817 -0.000335816 -1.26779e-09 -0.000335816 0.0104214 -2.59987e-07 -1.26779e-09 -2.59987e-07 1.03522e-06 
93
0
0
0.000321112
0.0120817 -0.000335806 -1.26213e-09 -0.000335806 0.0104214 -2.59987e-07 -1.26213e-09 -2.59987e-07 1.03522e-06 
94
0
0
-0.000126968
0.0120817 -0.000335794 -1.25529e-09 -0.000335794 0.0104214 -2.59987e-07 -1.25529e-09 -2.59987e-07 1.03522e-06 
95
0
0
-0.00121148
0.0120817 -0.000335797 -1.25666e-09 -0.000335797 0.0104214 -2.59988e-07 -1.25666e-09 -2.59988e-07 1.03522e-06 
96
0
0
-0.00136961
0.0120817 -0.000335816 -1.27043e-09 -0.000335816 0.0104214 -2.59986e-07 -1.27043e-09 -2.59986e-07 1.03522e-06 
97
0
0
-0.000189798
0.0120817 -0.000335825 -1.27825e-09 -0.000335825 0.0104214 -2.59986e-07 -1.27825e-09 -2.59986e-07 1.03522e-06 
98
0
0
-0.000439314
0.0120817 -0.00033581 -1.27114e-09 -0.00033581 0.0104214 -2.59985e-07 -1.27114e-09 -2.59985e-07 1.03522e-06 
99
0
0
-0.00044384
0.0120817 -0.000335808 -1.27157e-09 -0.000335808 0.0104214 -2.59985e-07 -1.27157e-09 -2.59985e-07 1.03522e-06 
100
0
0
2.67676e-05
0.0120817 -0.000335807 -1.27167e-09 -0.000335807 0.0104214 -2.59985e-07 -1.27167e-09 -2.59985e-07 1.03522e-06 
101
0
0
8.88495e-05
0.0120817 -0.0003358 -1.26736e-09 -0.0003358 0.0104214 -2.59986e-07 -1.26736e-09 -2.59986e-07 1.03522e-06 
102
0
0
0.000295182
0.0120817 -0.000335796 -1.26452e-09 -0.000335796 0.0104214 -2.59986e-07 -1.26452e-09 -2.59986e-07 1.03522e-06 
103
0
0
0.000517467
0.0120817 -0.000335791 -1.26135e-09 -0.000335791 0.0104214 -2.59986e-07 -1.26135e-09 -2.59986e-07 1.03522e-06 
104
0
0
0.000286549
0.0120817 -0.000335786 -1.26304e-09 -0.000335786 0.0104214 -2.59986e-07 -1.26304e-09 -2.59986e-07 1.03522e-06 
105
0
0
0.000281124
0.0120817 -0.000335787 -1.26707e-09 -0.000335787 0.0104214 -2.59986e-07 -1.26707e-09 -2.59986e-07 1.03522e-06 
106
0
0
0.000454935
0.0120817 -0.000335788 -1.269e-09 -0.000335788 0.0104214 -2.59987e-07 -1.269e-09 -2.59987e-07 1.03522e-06 
107
0
0
0.000274961
0.0120817 -0.000335786 -1.2683e-09 -0.000335786 0.0104214 -2.59987e-07 -1.2683e-09 -2.59987e-07 1.03522e-06 
108
0
0
0.000946565
0.0120817 -0.000335787 -1.26926e-09 -0.000335787 0.0104214 -2.59987e-07 -1.26926e-09 -2.59987e-07 1.03522e-06 
109
0
0
0.000186587
0.0120817 -0.000335778 -1.2634e-09 -0.000335778 0.0104214 -2.59987e-07 -1.2634e-09 -2.59987e-07 1.03522e-06 
110
0
0
-0.000553415
0.0120817 -0.000335786 -1.26795e-09 -0.000335786 0.0104214 -2.59987e-07 -1.26795e-09 -2.59987e-07 1.03522e-06 
111
0
0
-0.000792356
0.0120817 -0.000335801 -1.27555e-09 -0.000335801 0.0104214 -2.59988e-07 -1.27555e-09 -2.59988e-07 1.03522e-06 
112
0
0
0.000266584
0.0120817 -0.00033581 -1.28172e-09 -0.00033581 0.0104214 -2.59988e-07 -1.28172e-09 -2.59988e-07 1.03522e-06 
113
0
0
0.000830189
0.0120817 -0.000335797 -1.27462e-09 -0.000335797 0.0104214 -2.59988e-07 -1.27462e-09 -2.59988e-07 1.03522e-06 
114
0
0
4.2284e-05
0.0120817 -0.000335783 -1.26742e-09 -0.000335783 0.0104214 -2.59989e-07 -1.26742e-09 -2.59989e-07 1.03522e-06 
115
0
0
-0.000527841
0.0120817 -0.00033579 -1.2716e-09 -0.00033579 0.0104214 -2.59989e-07 -1.2716e-09 -2.59989e-07 1.03522e-06 
116
0
0
0.000547979
0.0120817 -0.000335802 -1.2778e-09 -0.000335802 0.0104214 -2.59989e-07 -1.2778e-09 -2.59989e-07 1.03522e-06 
117
0
0
0.000380322
0.0120817 -0.000335789 -1.27047e-09 -0.000335789 0.0104214 -2.59989e-07 -1.27047e-09 -2.59989e-07 1.03522e-06 
118
0
0
0.00043524
0.0120817 -0.000335787 -1.26924e-09 -0.000335787 0.0104214 -2.59989e-07 -1.26924e-09 -2.59989e-07 1.03522e-06 
119
0
0
-0.000145684
0.0120817 -0.000335786 -1.26752e-09 -0.000335786 0.0104214 -2.59989e-07 -1.26752e-09 -2.59989e-07 1.03522e-06 
120
0
0
0.000268528
0.0120817 -0.000335794 -1.27085e-09 -0.000335794 0.0104214 -2.59989e-07 -1.27085e-09 -2.59989e-07 1.03522e-06 
121
0
0
-0.000161682
0.0120817 -0.000335791 -1.26791e-09 -0.000335791 0.0104214 -2.59989e-07 -1.26791e-09 -2.59989e-07 1.03522e-06 
122
0
0
-0.000156362
0.0120817 -0.000335796 -1.27066e-09 -0.000335796 0.0104214 -2.59989e-07 -1.27066e-09 -2.59989e-07 1.03522e-06 
123
0
0
0.00031865
0.0120817 -0.000335798 -1.27164e-09 -0.000335798 0.0104214 -2.59989e-07 -1.27164e-09 -2.59989e-07 1.03522e-06 
124
0
0
-0.000117596
0.0120817 -0.000335792 -1.26688e-09 -0.000335792 0.0104214 -2.5999e-07 -1.26688e-09 -2.5999e-07 1.03522e-06 
125
0
0
0.000606694
0.0120817 -0.000335796 -1.26828e-09 -0.000335796 0.0104214 -2.5999e-07 -1.26828e-09 -2.5999e-07 1.03522e-06 
126
0
0
0.000421209
0.0120817 -0.000335786 -1.26241e-09 -0.000335786 0.0104214 -2.59991e-07 -1.26241e-09 -2.59991e-07 1.03522e-06 
127
0
0
0.000414765
0.0120817 -0.000335785 -1.26222e-09 -0.000335785 0.0104214 -2.59991e-07 -1.26222e-09 -2.59991e-07 1.03522e-06 
128
0
0
6.90777e-06
0.0120817 -0.000335785 -1.26636e-09 -0.000335785 0.0104214 -2.59991e-07 -1.26636e-09 -2.59991e-07 1.03522e-06 
129
0
0
0.000459746
0.0120817 -0.000335792 -1.27223e-09 -0.000335792 0.0104214 -2.59991e-07 -1.27223e-09 -2.59991e-07 1.03522e-06 
130
0
0
5.33515e-05
0.0120817 -0.000335787 -1.27063e-09 -0.000335787 0.0104214 -2.59991e-07 -1.27063e-09 -2.59991e-07 1.03522e-06 
131
0
0
-0.000117603
0.0120817 -0.000335791 -1.27407e-09 -0.000335791 0.0104214 -2.59991e-07 -1.27407e-09 -2.59991e-07 1.03522e-06 
132
0
0
-0.000430431
0.0120817 -0.000335796 -1.27726e-09 -0.000335796 0.0104214 -2.59992e-07 -1.27726e-09 -2.59992e-07 1.03522e-06 
133
0
0
-0.000714107
0.0120817 -0.000335803 -1.28119e-09 -0.000335803 0.0104214 -2.59992e-07 -1.28119e-09 -2.59992e-07 1.03522e-06 
134
0
0
-0.000633843
0.0120817 -0.00033581 -1.28425e-09 -0.00033581 0.0104214 -2.59992e-07 -1.28425e-09 -2.59992e-07 1.03522e-06 
135
0
0
3.43175e-05
0.0120817 -0.000335811 -1.28439e-09 -0.000335811 0.0104214 -2.59993e-07 -1.28439e-09 -2.59993e-07 1.03522e-06 
136
0
0
-0.000332487
0.0120817 -0.000335801 -1.27761e-09 -0.000335801 0.0104214 -2.59992e-07 -1.27761e-09 -2.59992e-07 1.03522e-06 
137
0
0
-0.000181677
0.0120817 -0.000335803 -1.27736e-09 -0.000335803 0.0104214 -2.59991e-07 -1.27736e-09 -2.59991e-07 1.03522e-06 
138
0
0
0.000104329
0.0120817 -0.000335801 -1.27518e-09 -0.000335801 0.0104214 -2.59991e-07 -1.27518e-09 -2.59991e-07 1.03522e-06 
139
0
0
-0.000272744
0.0120817 -0.000335796 -1.27196e-09 -0.000335796 0.0104214 -2.59992e-07 -1.27196e-09 -2.59992e-07 1.03522e-06 
140
0
0
0.000307451
0.0120817 -0.0003358 -1.27374e-09 -0.0003358 0.0104214 -2.59992e-07 -1.27374e-09 -2.59992e-07 1.03522e-06 
141
0
0
-0.00123843
0.0120817 -0.000335793 -1.26882e-09 -0.000335793 0.0104214 -2.59992e-07 -1.26882e-09 -2.59992e-07 1.03522e-06 
142
0
0
-0.000465858
0.0120817 -0.000335814 -1.28015e-09 -0.000335814 0.0104214 -2.59993e-07 -1.28015e-09 -2.59993e-07 1.03522e-06 
143
0
0
-0.000518271
0.0120817 -0.00033581 -1.27687e-09 -0.00033581 0.0104214 -2.59994e-07 -1.27687e-09 -2.59994e-07 1.03522e-06 
144
0
0
9.80482e-05
0.0120817 -0.000335809 -1.27613e-09 -0.000335809 0.0104214 -2.59992e-07 -1.27613e-09 -2.59992e-07 1.03522e-06 
145
0
0
0.000650008
0.0120817 -0.000335799 -1.27051e-09 -0.000335799 0.0104214 -2.5999e-07 -1.27051e-09 -2.5999e-07 1.03522e-06 
146
0
0
5.1267e-05
0.0120817 -0.000335787 -1.26362e-09 -0.000335787 0.0104214 -2.5999e-07 -1.26362e-09 -2.5999e-07 1.03522e-06 
147
0
0
-0.000563378
0.0120817 -0.000335791 -1.26688e-09 -0.000335791 0.0104214 -2.5999e-07 -1.26688e-09 -2.5999e-07 1.03522e-06 
148
0
0
-0.000756264
0.0120817 -0.000335803 -1.27373e-09 -0.000335803 0.0104214 -2.5999e-07 -1.27373e-09 -2.5999e-07 1.03522e-06 
149
0
0
0.000229241
0.0120817 -0.00033581 -1.27754e-09 -0.00033581 0.0104214 -2.5999e-07 -1.27754e-09 -2.5999e-07 1.03522e-06 
150
0
0
-0.000952144
0.0120817 -0.000335798 -1.27057e-09 -0.000335798 0.0104214 -2.5999e-07 -1.27057e-09 -2.5999e-07 1.03522e-06 
151
0
0
-0.000186935
0.0120817 -0.000335812 -1.27861e-09 -0.000335812 0.0104214 -2.59991e-07 -1.27861e-09 -2.59991e-07 1.03522e-06 
152
0
0
-0.00016692
0.0120817 -0.000335805 -1.27698e-09 -0.000335805 0.0104214 -2.59989e-07 -1.27698e-09 -2.59989e-07 1.03522e-06 
153
0
0
0.000352271
0.0120817 -0.000335802 -1.27716e-09 -0.000335802 0.0104214 -2.59988e-07 -1.27716e-09 -2.59988e-07 1.03522e-06 
154
0
0
-0.000593689
0.0120817 -0.000335792 -1.27259e-09 -0.000335792 0.0104214 -2.59988e-07 -1.27259e-09 -2.59988e-07 1.03522e-06 
155
0
0
-5.8144e-05
0.0120817 -0.000335804 -1.27924e-09 -0.000335804 0.0104214 -2.59988e-07 -1.27924e-09 -2.59988e-07 1.03522e-06 
156
0
0
-0.000452452
0.0120817 -0.0003358 -1.27725e-09 -0.0003358 0.0104214 -2.59988e-07 -1.27725e-09 -2.59988e-07 1.03522e-06 
157
0
0
0.000234492
0.0120817 -0.000335804 -1.28001e-09 -0.000335804 0.0104214 -2.59989e-07 -1.28001e-09 -2.59989e-07 1.03522e-06 
158
0
0
-0.00132698
0.0120817 -0.000335795 -1.27464e-09 -0.000335795 0.0104214 -2.59988e-07 -1.27464e-09 -2.59988e-07 1.03522e-06 
159
0
0
-0.00111645
0.0120817 -0.000335817 -1.28616e-09 -0.000335817 0.0104214 -2.59988e-07 -1.28616e-09 -2.59988e-07 1.03522e-06 
160
0
0
-0.000914216
0.0120817 -0.000335821 -1.29544e-09 -0.000335821 0.0104214 -2.59988e-07 -1.29544e-09 -2.59988e-07 1.03522e-06 
161
0
0
-0.000252256
0.0120817 -0.00033582 -1.29937e-09 -0.00033582 0.0104214 -2.59987e-07 -1.29937e-09 -2.59987e-07 1.03522e-06 
162
0
0
-0.000552707
0.0120817 -0.000335809 -1.29671e-09 -0.000335809 0.0104214 -2.59988e-07 -1.29671e-09 -2.59988e-07 1.03522e-06 
163
0
0
-0.00055807
0.0120817 -0.000335809 -1.2994e-09 -0.000335809 0.0104214 -2.59989e-07 -1.2994e-09 -2.59989e-07 1.03522e-06 
164
0
0
0.000251194
0.0120817 -0.00033581 -1.30006e-09 -0.00033581 0.0104214 -2.59989e-07 -1.30006e-09 -2.59989e-07 1.03522e-06 
165
0
0
-0.000282508
0.0120817 -0.000335797 -1.29308e-09 -0.000335797 0.0104214 -2.59989e-07 -1.29308e-09 -2.59989e-07 1.03522e-06 
166
0
0
-0.000513797
0.0120817 -0.000335801 -1.2957e-09 -0.000335801 0.0104214 -2.59989e-07 -1.2957e-09 -2.59989e-07 1.03522e-06 
167
0
0
0.000956233
0.0120817 -0.000335806 -1.29855e-09 -0.000335806 0.0104214 -2.59989e-07 -1.29855e-09 -2.59989e-07 1.03522e-06 
168
0
0
0.000116133
0.0120817 -0.000335784 -1.28279e-09 -0.000335784 0.0104214 -2.59988e-07 -1.28279e-09 -2.59988e-07 1.03522e-06 
169
0
0
-0.00061061
0.0120817 -0.00033579 -1.28305e-09 -0.00033579 0.0104214 -2.59988e-07 -1.28305e-09 -2.59988e-07 1.03522e-06 
170
0
0
-0.000954829
0.0120817 -0.000335803 -1.28854e-09 -0.000335803 0.0104214 -2.59988e-07 -1.28854e-09 -2.59988e-07 1.03522e-06 
171
0
0
0.000534957
0.0120817 -0.000335814 -1.29268e-09 -0.000335814 0.0104214 -2.59989e-07 -1.29268e-09 -2.59989e-07 1.03522e-06 
172
0
0
0.000456564
0.0120817 -0.000335794 -1.28038e-09 -0.000335794 0.0104214 -2.5999e-07 -1.28038e-09 -2.5999e-07 1.03522e-06 
173
0
0
0.000426733
0.0120817 -0.000335788 -1.27575e-09 -0.000335788 0.0104214 -2.5999e-07 -1.27575e-09 -2.5999e-07 1.03522e-06 
174
0
0
-0.000822772
0.0120817 -0.000335786 -1.27414e-09 -0.000335786 0.0104214 -2.5999e-07 -1.27414e-09 -2.5999e-07 1.03522e-06 
175
0
0
-0.000177371
0.0120817 -0.000335805 -1.28383e-09 -0.000335805 0.0104214 -2.5999e-07 -1.28383e-09 -2.5999e-07 1.03522e-06 
176
0
0
0.000484016
0.0120817 -0.000335802 -1.27836e-09 -0.000335802 0.0104214 -2.59992e-07 -1.27836e-09 -2.59992e-07 1.03522e-06 
177
0
0
-0.00074107
0.0120817 -0.00033579 -1.26909e-09 -0.00033579 0.0104214 -2.59993e-07 -1.26909e-09 -2.59993e-07 1.03522e-06 
178
0
0
-0.000364076
0.0120817 -0.000335805 -1.27603e-09 -0.000335805 0.0104214 -2.59994e-07 -1.27603e-09 -2.59994e-07 1.03522e-06 
179
0
0
-0.000858164
0.0120817 -0.000335805 -1.27409e-09 -0.000335805 0.0104214 -2.59995e-07 -1.27409e-09 -2.59995e-07 1.03522e-06 
180
0
0
0.000140081
0.0120817 -0.000335813 -1.27687e-09 -0.000335813 0.0104214 -2.59995e-07 -1.27687e-09 -2.59995e-07 1.03522e-06 
181
0
0
-0.000575512
0.0120817 -0.0003358 -1.26856e-09 -0.0003358 0.0104214 -2.59996e-07 -1.26856e-09 -2.59996e-07 1.03522e-06 
182
0
0
0.000237369
0.0120817 -0.000335806 -1.27162e-09 -0.000335806 0.0104214 -2.59996e-07 -1.27162e-09 -2.59996e-07 1.03522e-06 
183
0
0
-0.00101172
0.0120817 -0.000335796 -1.26524e-09 -0.000335796 0.0104214 -2.59997e-07 -1.26524e-09 -2.59997e-07 1.03522e-06 
184
0
0
-0.000474816
0.0120817 -0.000335812 -1.27492e-09 -0.000335812 0.0104214 -2.59993e-07 -1.27492e-09 -2.59993e-07 1.03522e-06 
185
0
0
-0.000218999
0.0120817 -0.000335809 -1.27435e-09 -0.000335809 0.0104214 -2.59992e-07 -1.27435e-09 -2.59992e-07 1.03522e-06 
186
0
0
-0.00129456
0.0120817 -0.000335804 -1.27215e-09 -0.000335804 0.0104214 -2.59992e-07 -1.27215e-09 -2.59992e-07 1.03522e-06 
187
0
0
-0.000979336
0.0120817 -0.00033582 -1.28115e-09 -0.00033582 0.0104214 -2.59991e-07 -1.28115e-09 -2.59991e-07 1.03522e-06 
188
0
0
-0.000465341
0.0120817 -0.00033582 -1.28125e-09 -0.00033582 0.0104214 -2.59992e-07 -1.28125e-09 -2.59992e-07 1.03522e-06 
189
0
0
-0.000644664
0.0120817 -0.000335812 -1.27668e-09 -0.000335812 0.0104214 -2.59992e-07 -1.27668e-09 -2.59992e-07 1.03522e-06 
190
0
0
-0.000498198
0.0120817 -0.000335812 -1.27617e-09 -0.000335812 0.0104214 -2.59992e-07 -1.27617e-09 -2.59992e-07 1.03522e-06 
191
0
0
-0.000368837
0.0120817 -0.00033581 -1.27452e-09 -0.00033581 0.0104214 -2.59993e-07 -1.27452e-09 -2.59993e-07 1.03522e-06 
192
0
0
0.000362033
0.0120817 -0.000335807 -1.27627e-09 -0.000335807 0.0104214 -2.59987e-07 -1.27627e-09 -2.59987e-07 1.03522e-06 
193
0
0
0.00114599
0.0120817 -0.000335794 -1.27168e-09 -0.000335794 0.0104214 -2.59984e-07 -1.27168e-09 -2.59984e-07 1.03522e-06 
194
0
0
0.000102324
0.0120817 -0.000335777 -1.26352e-09 -0.000335777 0.0104214 -2.59983e-07 -1.26352e-09 -2.59983e-07 1.03522e-06 
195
0
0
0.000106187
0.0120817 -0.000335787 -1.26901e-09 -0.000335787 0.0104214 -2.59982e-07 -1.26901e-09 -2.59982e-07 1.03522e-06 
196
0
0
-0.000568011
0.0120817 -0.000335791 -1.27003e-09 -0.000335791 0.0104214 -2.59981e-07 -1.27003e-09 -2.59981e-07 1.03522e-06 
197
0
0
-0.000676607
0.0120817 -0.000335803 -1.27558e-09 -0.000335803 0.0104214 -2.59981e-07 -1.27558e-09 -2.59981e-07 1.03522e-06 
198
0
0
-0.000998354
0.0120817 -0.000335809 -1.27747e-09 -0.000335809 0.0104214 -2.59982e-07 -1.27747e-09 -2.59982e-07 1.03522e-06 
199
0
0
-0.000276145
0.0120817 -0.000335817 -1.28067e-09 -0.000335817 0.0104214 -2.59982e-07 -1.28067e-09 -2.59982e-07 1.03522e-06 
200
0
0
0.000324465
0.0120817 -0.000335808 -1.27513e-09 -0.000335808 0.0104214 -2.59979e-07 -1.27513e-09 -2.59979e-07 1.03522e-06 
201
0
0
-0.000252073
0.0120817 -0.000335795 -1.26787e-09 -0.000335795 0.0104214 -2.59977e-07 -1.26787e-09 -2.59977e-07 1.03522e-06 
202
0
0
-0.000934551
0.0120817 -0.0003358 -1.27047e-09 -0.0003358 0.0104214 -2.59976e-07 -1.27047e-09 -2.59976e-07 1.03522e-06 
203
0
0
-0.00057419
0.0120817 -0.000335812 -1.2773e-09 -0.000335812 0.0104214 -2.59976e-07 -1.2773e-09 -2.59976e-07 1.03522e-06 
204
0
0
-0.000514921
0.0120817 -0.000335811 -1.27641e-09 -0.000335811 0.0104214 -2.59976e-07 -1.27641e-09 -2.59976e-07 1.03522e-06 
205
0
0
-0.000129769
0.0120817 -0.00033581 -1.27561e-09 -0.00033581 0.0104214 -2.59976e-07 -1.27561e-09 -2.59976e-07 1.03522e-06 
206
0
0
-0.000138495
0.0120817 -0.000335803 -1.27197e-09 -0.000335803 0.0104214 -2.59976e-07 -1.27197e-09 -2.59976e-07 1.03522e-06 
207
0
0
7.63929e-06
0.0120817 -0.000335801 -1.27103e-09 -0.000335801 0.0104214 -2.59977e-07 -1.27103e-09 -2.59977e-07 1.03522e-06 
208
0
0
0.000426162
0.0120817 -0.000335797 -1.26993e-09 -0.000335797 0.0104214 -2.59975e-07 -1.26993e-09 -2.59975e-07 1.03522e-06 
209
0
0
-0.000902723
0.0120817 -0.00033579 -1.26636e-09 -0.00033579 0.0104214 -2.59974e-07 -1.26636e-09 -2.59974e-07 1.03522e-06 
210
0
0
-0.000241682
0.0120817 -0.000335808 -1.27607e-09 -0.000335808 0.0104214 -2.59973e-07 -1.27607e-09 -2.59973e-07 1.03522e-06 
211
0
0
0.000389775
0.0120817 -0.000335804 -1.27315e-09 -0.000335804 0.0104214 -2.59973e-07 -1.27315e-09 -2.59973e-07 1.03522e-06 
212
0
0
0.000261047
0.0120817 -0.000335793 -1.26655e-09 -0.000335793 0.0104214 -2.59973e-07 -1.26655e-09 -2.59973e-07 1.03522e-06 
213
0
0
0.000472246
0.0120817 -0.00033579 -1.26533e-09 -0.00033579 0.0104214 -2.59973e-07 -1.26533e-09 -2.59973e-07 1.03522e-06 
214
0
0
-9.90493e-05
0.0120817 -0.000335786 -1.26335e-09 -0.000335786 0.0104214 -2.59973e-07 -1.26335e-09 -2.59973e-07 1.03522e-06 
215
0
0
0.000308676
0.0120817 -0.000335794 -1.26726e-09 -0.000335794 0.0104214 -2.59974e-07 -1.26726e-09 -2.59974e-07 1.03522e-06 
216
0
0
0.000242187
0.0120817 -0.00033579 -1.26339e-09 -0.00033579 0.0104214 -2.59974e-07 -1.26339e-09 -2.59974e-07 1.03522e-06 
217
0
0
-0.000795069
0.0120817 -0.00033579 -1.26207e-09 -0.00033579 0.0104214 -2.59974e-07 -1.26207e-09 -2.59974e-07 1.03522e-06 
218
0
0
0.000100601
0.0120817 -0.000335806 -1.2705e-09 -0.000335806 0.0104214 -2.59974e-07 -1.2705e-09 -2.59974e-07 1.03522e-06 
219
0
0
-0.00117817
0.0120817 -0.000335798 -1.26568e-09 -0.000335798 0.0104214 -2.59975e-07 -1.26568e-09 -2.59975e-07 1.03522e-06 
220
0
0
-8.7469e-05
0.0120817 -0.000335815 -1.27549e-09 -0.000335815 0.0104214 -2.59975e-07 -1.27549e-09 -2.59975e-07 1.03522e-06 
221
0
0
-0.000319175
0.0120817 -0.000335805 -1.26958e-09 -0.000335805 0.0104214 -2.59976e-07 -1.26958e-09 -2.59976e-07 1.03522e-06 
222
0
0
0.000303662
0.0120817 -0.000335804 -1.26999e-09 -0.000335804 0.0104214 -2.59976e-07 -1.26999e-09 -2.59976e-07 1.03522e-06 
223
0
0
0.0010037
0.0120817 -0.000335794 -1.26489e-09 -0.000335794 0.0104214 -2.59977e-07 -1.26489e-09 -2.59977e-07 1.03522e-06 
224
0
0
2.47911e-05
0.0120817 -0.000335779 -1.25845e-09 -0.000335779 0.0104214 -2.59976e-07 -1.25845e-09 -2.59976e-07 1.03522e-06 
225
0
0
0.00014139
0.0120817 -0.000335789 -1.26485e-09 -0.000335789 0.0104214 -2.59975e-07 -1.26485e-09 -2.59975e-07 1.03522e-06 
226
0
0
-0.000206629
0.0120817 -0.000335791 -1.26645e-09 -0.000335791 0.0104214 -2.59974e-07 -1.26645e-09 -2.59974e-07 1.03522e-06 
227
0
0
-0.000965373
0.0120817 -0.000335797 -1.27035e-09 -0.000335797 0.0104214 -2.59974e-07 -1.27035e-09 -2.59974e-07 1.03522e-06 
228
0
0
-0.000533233
0.0120817 -0.000335812 -1.27798e-09 -0.000335812 0.0104214 -2.59974e-07 -1.27798e-09 -2.59974e-07 1.03522e-06 
229
0
0
-0.000805594
0.0120817 -0.00033581 -1.27697e-09 -0.00033581 0.0104214 -2.59975e-07 -1.27697e-09 -2.59975e-07 1.03522e-06 
230
0
0
-0.000381618
0.0120817 -0.000335814 -1.27889e-09 -0.000335814 0.0104214 -2.59975e-07 -1.27889e-09 -2.59975e-07 1.03522e-06 
231
0
0
-0.000132354
0.0120817 -0.000335809 -1.27577e-09 -0.000335809 0.0104214 -2.59975e-07 -1.27577e-09 -2.59975e-07 1.03522e-06 
232
0
0
-0.00113245
0.0120817 -0.000335803 -1.27453e-09 -0.000335803 0.0104214 -2.59974e-07 -1.27453e-09 -2.59974e-07 1.03522e-06 
233
0
0
-0.00088076
0.0120817 -0.000335816 -1.28225e-09 -0.000335816 0.0104214 -2.59974e-07 -1.28225e-09 -2.59974e-07 1.03522e-06 
234
0
0
-0.000827407
0.0120817 -0.000335818 -1.28342e-09 -0.000335818 0.0104214 -2.59974e-07 -1.28342e-09 -2.59974e-07 1.03522e-06 
235
0
0
0.000255223
0.0120817 -0.000335817 -1.28546e-09 -0.000335817 0.0104214 -2.59975e-07 -1.28546e-09 -2.59975e-07 1.03522e-06 
236
0
0
-0.000714451
0.0120817 -0.0003358 -1.27774e-09 -0.0003358 0.0104214 -2.59975e-07 -1.27774e-09 -2.59975e-07 1.03522e-06 
237
0
0
-0.000394299
0.0120817 -0.000335809 -1.28328e-09 -0.000335809 0.0104214 -2.59976e-07 -1.28328e-09 -2.59976e-07 1.03522e-06 
238
0
0
-0.000566746
0.0120817 -0.000335807 -1.28147e-09 -0.000335807 0.0104214 -2.59977e-07 -1.28147e-09 -2.59977e-07 1.03522e-06 
239
0
0
0.000766823
0.0120817 -0.000335809 -1.28226e-09 -0.000335809 0.0104214 -2.59977e-07 -1.28226e-09 -2.59977e-07 1.03522e-06 
240
0
0
-0.000254191
0.0120817 -0.000335789 -1.27289e-09 -0.000335789 0.0104214 -2.59978e-07 -1.27289e-09 -2.59978e-07 1.03522e-06 
241
0
0
0.00127584
0.0120817 -0.000335797 -1.2786e-09 -0.000335797 0.0104214 -2.59978e-07 -1.2786e-09 -2.59978e-07 1.03522e-06 
242
0
0
8.14328e-05
0.0120817 -0.000335776 -1.2673e-09 -0.000335776 0.0104214 -2.59978e-07 -1.2673e-09 -2.59978e-07 1.03522e-06 
243
0
0
0.000690056
0.0120817 -0.000335787 -1.27393e-09 -0.000335787 0.0104214 -2.59978e-07 -1.27393e-09 -2.59978e-07 1.03522e-06 
244
0
0
0.000315726
0.0120817 -0.000335781 -1.27107e-09 -0.000335781 0.0104214 -2.59978e-07 -1.27107e-09 -2.59978e-07 1.03522e-06 
245
0
0
0.000263107
0.0120817 -0.000335785 -1.27347e-09 -0.000335785 0.0104214 -2.59979e-07 -1.27347e-09 -2.59979e-07 1.03522e-06 
246
0
0
-0.000331144
0.0120817 -0.000335788 -1.27422e-09 -0.000335788 0.0104214 -2.59979e-07 -1.27422e-09 -2.59979e-07 1.03522e-06 
247
0
0
-2.40219e-05
0.0120817 -0.000335798 -1.27869e-09 -0.000335798 0.0104214 -2.5998e-07 -1.27869e-09 -2.5998e-07 1.03522e-06 
248
0
0
-0.00105617
0.0120817 -0.000335797 -1.27602e-09 -0.000335797 0.0104214 -2.59978e-07 -1.27602e-09 -2.59978e-07 1.03522e-06 
249
0
0
-0.00134868
0.0120817 -0.000335813 -1.28369e-09 -0.000335813 0.0104214 -2.59977e-07 -1.28369e-09 -2.59977e-07 1.03522e-06 
250
0
0
-0.000395201
0.0120817 -0.000335824 -1.2915e-09 -0.000335824 0.0104214 -2.59977e-07 -1.2915e-09 -2.59977e-07 1.03522e-06 
251
0
0
-3.63745e-05
0.0120817 -0.000335813 -1.28798e-09 -0.000335813 0.0104214 -2.59977e-07 -1.28798e-09 -2.59977e-07 1.03522e-06 
252
0
0
-0.00130122
0.0120817 -0.000335803 -1.28435e-09 -0.000335803 0.0104214 -2.59978e-07 -1.28435e-09 -2.59978e-07 1.03522e-06 
253
0
0
-0.00137593
0.0120817 -0.000335819 -1.2938e-09 -0.000335819 0.0104214 -2.5998e-07 -1.2938e-09 -2.5998e-07 1.03522e-06 
254
0
0
7.63432e-05
0.0120817 -0.000335826 -1.2983e-09 -0.000335826 0.0104214 -2.59982e-07 -1.2983e-09 -2.59982e-07 1.03522e-06 
255
0
0
-0.000279917
0.0120817 -0.000335806 -1.28676e-09 -0.000335806 0.0104214 -2.59983e-07 -1.28676e-09 -2.59983e-07 1.03522e-06 
256
0
0
-5.17746e-05
0.0120817 -0.000335804 -1.29255e-09 -0.000335804 0.0104214 -2.59984e-07 -1.29255e-09 -2.59984e-07 1.03522e-06 
257
0
0
-0.000364783
0.0120817 -0.0003358 -1.29451e-09 -0.0003358 0.0104214 -2.59983e-07 -1.29451e-09 -2.59983e-07 1.03522e-06 
258
0
0
-2.14262e-05
0.0120817 -0.000335803 -1.30005e-09 -0.000335803 0.0104214 -2.59982e-07 -1.30005e-09 -2.59982e-07 1.03522e-06 
259
0
0
-0.000804082
0.0120817 -0.000335799 -1.2994e-09 -0.000335799 0.0104214 -2.59982e-07 -1.2994e-09 -2.59982e-07 1.03522e-06 
260
0
0
-0.000836469
0.0120817 -0.00033581 -1.3053e-09 -0.00033581 0.0104214 -2.59982e-07 -1.3053e-09 -2.59982e-07 1.03522e-06 
261
0
0
5.65781e-05
0.0120817 -0.000335814 -1.30706e-09 -0.000335814 0.0104214 -2.59983e-07 -1.30706e-09 -2.59983e-07 1.03522e-06 
262
0
0
-0.000470346
0.0120817 -0.000335802 -1.30031e-09 -0.000335802 0.0104214 -2.59985e-07 -1.30031e-09 -2.59985e-07 1.03522e-06 
263
0
0
-0.000625376
0.0120817 -0.000335805 -1.30145e-09 -0.000335805 0.0104214 -2.59985e-07 -1.30145e-09 -2.59985e-07 1.03522e-06 
264
0
0
-0.00134353
0.0120817 -0.000335809 -1.30032e-09 -0.000335809 0.0104214 -2.59983e-07 -1.30032e-09 -2.59983e-07 1.03522e-06 
265
0
0
-0.00151049
0.0120817 -0.000335822 -1.30696e-09 -0.000335822 0.0104214 -2.59982e-07 -1.30696e-09 -2.59982e-07 1.03522e-06 
266
0
0
-0.000466556
0.0120817 -0.00033583 -1.31339e-09 -0.00033583 0.0104214 -2.5998e-07 -1.31339e-09 -2.5998e-07 1.03522e-06 
267
0
0
0.000112198
0.0120817 -0.000335816 -1.30823e-09 -0.000335816 0.0104214 -2.59978e-07 -1.30823e-09 -2.59978e-07 1.03522e-06 
268
0
0
-0.00082814
0.0120817 -0.000335802 -1.29962e-09 -0.000335802 0.0104214 -2.59978e-07 -1.29962e-09 -2.59978e-07 1.03522e-06 
269
0
0
-0.00182185
0.0120817 -0.000335811 -1.30197e-09 -0.000335811 0.0104214 -2.59977e-07 -1.30197e-09 -2.59977e-07 1.03522e-06 
270
0
0
-0.000265434
0.0120817 -0.00033583 -1.31613e-09 -0.00033583 0.0104214 -2.59978e-07 -1.31613e-09 -2.59978e-07 1.03522e-06 
271
0
0
0.000260261
0.0120817 -0.000335813 -1.30831e-09 -0.000335813 0.0104214 -2.59979e-07 -1.30831e-09 -2.59979e-07 1.03522e-06 
272
0
0
-0.000658078
0.0120817 -0.000335798 -1.30988e-09 -0.000335798 0.0104214 -2.59974e-07 -1.30988e-09 -2.59974e-07 1.03522e-06 
273
0
0
-0.00107025
0.0120817 -0.000335807 -1.3205e-09 -0.000335807 0.0104214 -2.59971e-07 -1.3205e-09 -2.59971e-07 1.03522e-06 
274
0
0
-0.000532896
0.0120817 -0.000335817 -1.32581e-09 -0.000335817 0.0104214 -2.59968e-07 -1.32581e-09 -2.59968e-07 1.03522e-06 
275
0
0
-0.000594408
0.0120817 -0.000335812 -1.31998e-09 -0.000335812 0.0104214 -2.59962e-07 -1.31998e-09 -2.59962e-07 1.03522e-06 
276
0
0
-0.00012692
0.0120817 -0.000335811 -1.3263e-09 -0.000335811 0.0104214 -2.5996e-07 -1.3263e-09 -2.5996e-07 1.03522e-06 
277
0
0
0.000398016
0.0120817 -0.000335804 -1.32827e-09 -0.000335804 0.0104214 -2.59959e-07 -1.32827e-09 -2.59959e-07 1.03522e-06 
278
0
0
-0.000112821
0.0120817 -0.000335792 -1.32377e-09 -0.000335792 0.0104214 -2.59956e-07 -1.32377e-09 -2.59956e-07 1.03522e-06 
279
0
0
-0.000529013
0.0120817 -0.000335796 -1.32813e-09 -0.000335796 0.0104214 -2.59953e-07 -1.32813e-09 -2.59953e-07 1.03522e-06 
280
0
0
-0.000953297
0.0120817 -0.000335804 -1.33748e-09 -0.000335804 0.0104214 -2.59954e-07 -1.33748e-09 -2.59954e-07 1.03522e-06 
281
0
0
6.8956e-05
0.0120817 -0.000335814 -1.34656e-09 -0.000335814 0.0104214 -2.59956e-07 -1.34656e-09 -2.59956e-07 1.03522e-06 
282
0
0
-1.47501e-05
0.0120817 -0.000335802 -1.34316e-09 -0.000335802 0.0104214 -2.59957e-07 -1.34316e-09 -2.59957e-07 1.03522e-06 
283
0
0
-0.00074436
0.0120817 -0.000335798 -1.34336e-09 -0.000335798 0.0104214 -2.59958e-07 -1.34336e-09 -2.59958e-07 1.03522e-06 
284
0
0
-0.00111784
0.0120817 -0.000335808 -1.34762e-09 -0.000335808 0.0104214 -2.59959e-07 -1.34762e-09 -2.59959e-07 1.03522e-06 
285
0
0
-0.000577544
0.0120817 -0.000335818 -1.35275e-09 -0.000335818 0.0104214 -2.59959e-07 -1.35275e-09 -2.59959e-07 1.03522e-06 
286
0
0
0.000541342
0.0120817 -0.000335813 -1.35045e-09 -0.000335813 0.0104214 -2.5996e-07 -1.35045e-09 -2.5996e-07 1.03522e-06 
287
0
0
-0.000731015
0.0120817 -0.000335794 -1.33727e-09 -0.000335794 0.0104214 -2.59961e-07 -1.33727e-09 -2.59961e-07 1.03522e-06 
288
0
0
-0.000711653
0.0120817 -0.000335807 -1.34178e-09 -0.000335807 0.0104214 -2.59963e-07 -1.34178e-09 -2.59963e-07 1.03522e-06 
289
0
0
0.000581096
0.0120817 -0.000335811 -1.34208e-09 -0.000335811 0.0104214 -2.59965e-07 -1.34208e-09 -2.59965e-07 1.03522e-06 
290
0
0
0.000522351
0.0120817 -0.000335792 -1.33074e-09 -0.000335792 0.0104214 -2.59969e-07 -1.33074e-09 -2.59969e-07 1.03522e-06 
291
0
0
-4.15406e-05
0.0120817 -0.000335786 -1.32743e-09 -0.000335786 0.0104214 -2.59973e-07 -1.32743e-09 -2.59973e-07 1.03522e-06 
292
0
0
-0.00079548
0.0120817 -0.000335793 -1.33001e-09 -0.000335793 0.0104214 -2.59977e-07 -1.33001e-09 -2.59977e-07 1.03522e-06 
293
0
0
0.000151307
0.0120817 -0.000335807 -1.33886e-09 -0.000335807 0.0104214 -2.59979e-07 -1.33886e-09 -2.59979e-07 1.03522e-06 
294
0
0
0.000472842
0.0120817 -0.000335798 -1.33497e-09 -0.000335798 0.0104214 -2.5998e-07 -1.33497e-09 -2.5998e-07 1.03522e-06 
295
0
0
-0.000361114
0.0120817 -0.000335789 -1.33222e-09 -0.000335789 0.0104214 -2.5998e-07 -1.33222e-09 -2.5998e-07 1.03522e-06 
296
0
0
-0.000993363
0.0120817 -0.000335799 -1.34415e-09 -0.000335799 0.0104214 -2.59979e-07 -1.34415e-09 -2.59979e-07 1.03522e-06 
297
0
0
-0.000544696
0.0120817 -0.000335813 -1.35604e-09 -0.000335813 0.0104214 -2.5998e-07 -1.35604e-09 -2.5998e-07 1.03522e-06 
298
0
0
-0.000166143
0.0120817 -0.000335811 -1.35414e-09 -0.000335811 0.0104214 -2.5998e-07 -1.35414e-09 -2.5998e-07 1.03522e-06 
299
0
0
-0.000117017
0.0120817 -0.000335804 -1.34854e-09 -0.000335804 0.0104214 -2.5998e-07 -1.34854e-09 -2.5998e-07 1.03522e-06 
300
0
0
-0.000401237
0.0120817 -0.000335801 -1.34588e-09 -0.000335801 0.0104214 -2.59979e-07 -1.34588e-09 -2.59979e-07 1.03522e-06 
301
0
0
0.00038335
0.0120817 -0.000335804 -1.34719e-09 -0.000335804 0.0104214 -2.59979e-07 -1.34719e-09 -2.59979e-07 1.03522e-06 
302
0
0
0.000135526
0.0120817 -0.000335793 -1.33986e-09 -0.000335793 0.0104214 -2.59978e-07 -1.33986e-09 -2.59978e-07 1.03522e-06 
