0
0
0
-0.00156321
0.00632102 -7.44339e-05 -4.31087e-09 -7.44339e-05 0.0065425 -1.42373e-07 -4.31087e-09 -1.42373e-07 1.21851e-06 
1
0
0
-0.00072667
0.0093053 -0.000180881 -4.21311e-09 -0.000180881 0.00905162 -1.8435e-07 -4.21311e-09 -1.8435e-07 1.03651e-06 
2
0
0
-0.00133372
0.0107701 -0.000255989 -3.75144e-09 -0.000255989 0.0099657 -2.084e-07 -3.75144e-09 -2.084e-07 1.03685e-06 
3
0
0
-0.000391934
0.0114639 -0.00029714 -3.33229e-09 -0.00029714 0.010272 -2.19307e-07 -3.33229e-09 -2.19307e-07 1.0371e-06 
4
0
0
0.000151698
0.0117902 -0.000317565 -3.03461e-09 -0.000317565 0.0103719 -2.24965e-07 -3.03461e-09 -2.24965e-07 1.03671e-06 
5
0
0
0.00121008
0.0119437 -0.000327281 -2.82678e-09 -0.000327281 0.0104043 -2.28757e-07 -2.82678e-09 -2.28757e-07 1.03631e-06 
6
0
0
0.000345412
0.0120159 -0.000331802 -2.6654e-09 -0.000331802 0.0104149 -2.31841e-07 -2.6654e-09 -2.31841e-07 1.036e-06 
7
0
0
-0.00010167
0.01205 -0.000333911 -2.54137e-09 -0.000333911 0.0104184 -2.34587e-07 -2.54137e-09 -2.34587e-07 1.03576e-06 
8
0
0
0.000929612
0.0120662 -0.000334894 -2.43386e-09 -0.000334894 0.0104197 -2.37107e-07 -2.43386e-09 -2.37107e-07 1.03558e-06 
9
0
0
0.000376427
0.0120739 -0.000335334 -2.32598e-09 -0.000335334 0.0104202 -2.39433e-07 -2.32598e-09 -2.39433e-07 1.03545e-06 
10
0
0
0.000162951
0.0120777 -0.000335551 -2.23298e-09 -0.000335551 0.0104204 -2.41574e-07 -2.23298e-09 -2.41574e-07 1.03535e-06 
11
0
0
-7.13166e-05
0.0120795 -0.000335658 -2.14662e-09 -0.000335658 0.0104206 -2.43535e-07 -2.14662e-09 -2.43535e-07 1.03528e-06 
12
0
0
0.000231854
0.0120804 -0.000335714 -2.06657e-09 -0.000335714 0.0104207 -2.45322e-07 -2.06657e-09 -2.45322e-07 1.03523e-06 
13
0
0
-0.00158442
0.0120809 -0.000335738 -1.98927e-09 -0.000335738 0.0104208 -2.46943e-07 -1.98927e-09 -2.46943e-07 1.03519e-06 
14
0
0
-0.000694565
0.0120812 -0.00033578 -1.93325e-09 -0.00033578 0.0104209 -2.48408e-07 -1.93325e-09 -2.48408e-07 1.03517e-06 
15
0
0
-3.56619e-05
0.0120814 -0.000335786 -1.8677e-09 -0.000335786 0.010421 -2.49727e-07 -1.8677e-09 -2.49727e-07 1.03515e-06 
16
0
0
0.000615685
0.0120815 -0.00033578 -1.80541e-09 -0.00033578 0.010421 -2.5091e-07 -1.80541e-09 -2.5091e-07 1.03514e-06 
17
0
0
-0.000174512
0.0120815 -0.000335769 -1.74763e-09 -0.000335769 0.0104211 -2.51967e-07 -1.74763e-09 -2.51967e-07 1.03514e-06 
18
0
0
0.00010927
0.0120816 -0.00033578 -1.70582e-09 -0.00033578 0.0104211 -2.52911e-07 -1.70582e-09 -2.52911e-07 1.03514e-06 
19
0
0
-0.000860495
0.0120816 -0.00033578 -1.6638e-09 -0.00033578 0.0104212 -2.5375e-07 -1.6638e-09 -2.5375e-07 1.03514e-06 
20
0
0
-0.000821828
0.0120816 -0.000335797 -1.63558e-09 -0.000335797 0.0104212 -2.54495e-07 -1.63558e-09 -2.54495e-07 1.03514e-06 
21
0
0
-0.0009753
0.0120817 -0.000335804 -1.60596e-09 -0.000335804 0.0104212 -2.55156e-07 -1.60596e-09 -2.55156e-07 1.03515e-06 
22
0
0
-0.00107197
0.0120817 -0.00033581 -1.5798e-09 -0.00033581 0.0104213 -2.55741e-07 -1.5798e-09 -2.55741e-07 1.03515e-06 
23
0
0
-0.000702113
0.0120817 -0.000335814 -1.5558e-09 -0.000335814 0.0104213 -2.56256e-07 -1.5558e-09 -2.56256e-07 1.03516e-06 
24
0
0
0.0010502
0.0120817 -0.00033581 -1.53055e-09 -0.00033581 0.0104213 -2.5671e-07 -1.53055e-09 -2.5671e-07 1.03516e-06 
25
0
0
-8.70287e-05
0.0120817 -0.000335782 -1.49579e-09 -0.000335782 0.0104213 -2.5711e-07 -1.49579e-09 -2.5711e-07 1.03517e-06 
26
0
0
0.000454427
0.0120817 -0.000335789 -1.48375e-09 -0.000335789 0.0104213 -2.57462e-07 -1.48375e-09 -2.57462e-07 1.03517e-06 
27
0
0
0.000198084
0.0120817 -0.000335784 -1.46549e-09 -0.000335784 0.0104213 -2.57771e-07 -1.46549e-09 -2.57771e-07 1.03518e-06 
28
0
0
0.00099776
0.0120817 -0.000335786 -1.45308e-09 -0.000335786 0.0104214 -2.58043e-07 -1.45308e-09 -2.58043e-07 1.03518e-06 
29
0
0
-0.000648919
0.0120817 -0.000335775 -1.43432e-09 -0.000335775 0.0104214 -2.58281e-07 -1.43432e-09 -2.58281e-07 1.03519e-06 
30
0
0
-9.89742e-05
0.0120817 -0.000335797 -1.43601e-09 -0.000335797 0.0104214 -2.58489e-07 -1.43601e-09 -2.58489e-07 1.03519e-06 
31
0
0
-0.00040206
0.0120817 -0.000335796 -1.42697e-09 -0.000335796 0.0104214 -2.58671e-07 -1.42697e-09 -2.58671e-07 1.03519e-06 
32
0
0
-0.000214076
0.0120817 -0.000335801 -1.42255e-09 -0.000335801 0.0104214 -2.5883e-07 -1.42255e-09 -2.5883e-07 1.0352e-06 
33
0
0
-0.000240881
0.0120817 -0.0003358 -1.41528e-09 -0.0003358 0.0104214 -2.58969e-07 -1.41528e-09 -2.58969e-07 1.0352e-06 
34
0
0
0.000571589
0.0120817 -0.0003358 -1.40904e-09 -0.0003358 0.0104214 -2.59091e-07 -1.40904e-09 -2.59091e-07 1.0352e-06 
35
0
0
0.000847564
0.0120817 -0.000335788 -1.39655e-09 -0.000335788 0.0104214 -2.59197e-07 -1.39655e-09 -2.59197e-07 1.0352e-06 
36
0
0
0.000689234
0.0120817 -0.000335779 -1.38682e-09 -0.000335779 0.0104214 -2.59291e-07 -1.38682e-09 -2.59291e-07 1.03521e-06 
37
0
0
0.000677268
0.0120817 -0.000335778 -1.39053e-09 -0.000335778 0.0104214 -2.59376e-07 -1.39053e-09 -2.59376e-07 1.03521e-06 
38
0
0
-0.000298111
0.0120817 -0.000335778 -1.39275e-09 -0.000335778 0.0104214 -2.59449e-07 -1.39275e-09 -2.59449e-07 1.03521e-06 
39
0
0
-0.000111832
0.0120817 -0.000335793 -1.40135e-09 -0.000335793 0.0104214 -2.59512e-07 -1.40135e-09 -2.59512e-07 1.03521e-06 
40
0
0
-0.00129176
0.0120817 -0.000335796 -1.40187e-09 -0.000335796 0.0104214 -2.59566e-07 -1.40187e-09 -2.59566e-07 1.03521e-06 
41
0
0
-0.000569119
0.0120817 -0.000335816 -1.41194e-09 -0.000335816 0.0104214 -2.59613e-07 -1.41194e-09 -2.59613e-07 1.03521e-06 
42
0
0
0.000370188
0.0120817 -0.000335812 -1.40866e-09 -0.000335812 0.0104214 -2.59655e-07 -1.40866e-09 -2.59655e-07 1.03521e-06 
43
0
0
0.000147748
0.0120817 -0.000335796 -1.39833e-09 -0.000335796 0.0104214 -2.5969e-07 -1.39833e-09 -2.5969e-07 1.03522e-06 
44
0
0
-1.55549e-05
0.0120817 -0.000335793 -1.39575e-09 -0.000335793 0.0104214 -2.59721e-07 -1.39575e-09 -2.59721e-07 1.03522e-06 
45
0
0
0.000360358
0.0120817 -0.000335795 -1.39201e-09 -0.000335795 0.0104214 -2.59745e-07 -1.39201e-09 -2.59745e-07 1.03522e-06 
46
0
0
0.000533805
0.0120817 -0.000335789 -1.386e-09 -0.000335789 0.0104214 -2.59767e-07 -1.386e-09 -2.59767e-07 1.03522e-06 
47
0
0
-0.000225687
0.0120817 -0.000335785 -1.38144e-09 -0.000335785 0.0104214 -2.59786e-07 -1.38144e-09 -2.59786e-07 1.03522e-06 
48
0
0
-0.000138132
0.0120817 -0.000335795 -1.38582e-09 -0.000335795 0.0104214 -2.59803e-07 -1.38582e-09 -2.59803e-07 1.03522e-06 
49
0
0
0.000406543
0.0120817 -0.000335797 -1.38605e-09 -0.000335797 0.0104214 -2.59818e-07 -1.38605e-09 -2.59818e-07 1.03522e-06 
50
0
0
0.000360436
0.0120817 -0.00033579 -1.38111e-09 -0.00033579 0.0104214 -2.59832e-07 -1.38111e-09 -2.59832e-07 1.03522e-06 
51
0
0
0.000895163
0.0120817 -0.000335788 -1.37968e-09 -0.000335788 0.0104214 -2.59844e-07 -1.37968e-09 -2.59844e-07 1.03522e-06 
52
0
0
-0.000179809
0.0120817 -0.000335778 -1.37413e-09 -0.000335778 0.0104214 -2.59854e-07 -1.37413e-09 -2.59854e-07 1.03522e-06 
53
0
0
0.000484537
0.0120817 -0.000335792 -1.37604e-09 -0.000335792 0.0104214 -2.59865e-07 -1.37604e-09 -2.59865e-07 1.03522e-06 
54
0
0
0.000115549
0.0120817 -0.000335786 -1.36886e-09 -0.000335786 0.0104214 -2.59873e-07 -1.36886e-09 -2.59873e-07 1.03522e-06 
55
0
0
-5.86165e-05
0.0120817 -0.00033579 -1.36866e-09 -0.00033579 0.0104214 -2.5988e-07 -1.36866e-09 -2.5988e-07 1.03522e-06 
56
0
0
-0.000132101
0.0120817 -0.000335794 -1.36935e-09 -0.000335794 0.0104214 -2.59885e-07 -1.36935e-09 -2.59885e-07 1.03522e-06 
57
0
0
0.000197781
0.0120817 -0.000335797 -1.36989e-09 -0.000335797 0.0104214 -2.5989e-07 -1.36989e-09 -2.5989e-07 1.03522e-06 
58
0
0
0.000798606
0.0120817 -0.000335793 -1.36702e-09 -0.000335793 0.0104214 -2.59894e-07 -1.36702e-09 -2.59894e-07 1.03522e-06 
59
0
0
0.000370102
0.0120817 -0.000335782 -1.36117e-09 -0.000335782 0.0104214 -2.59897e-07 -1.36117e-09 -2.59897e-07 1.03522e-06 
60
0
0
0.00082329
0.0120817 -0.000335785 -1.36259e-09 -0.000335785 0.0104214 -2.59899e-07 -1.36259e-09 -2.59899e-07 1.03522e-06 
61
0
0
0.000441362
0.0120817 -0.000335778 -1.35709e-09 -0.000335778 0.0104214 -2.59904e-07 -1.35709e-09 -2.59904e-07 1.03522e-06 
62
0
0
0.000133621
0.0120817 -0.000335782 -1.35744e-09 -0.000335782 0.0104214 -2.59908e-07 -1.35744e-09 -2.59908e-07 1.03522e-06 
63
0
0
-0.000940406
0.0120817 -0.000335788 -1.35967e-09 -0.000335788 0.0104214 -2.59911e-07 -1.35967e-09 -2.59911e-07 1.03522e-06 
64
0
0
-0.00047046
0.0120817 -0.000335808 -1.36909e-09 -0.000335808 0.0104214 -2.59914e-07 -1.36909e-09 -2.59914e-07 1.03522e-06 
65
0
0
7.29548e-06
0.0120817 -0.000335808 -1.36782e-09 -0.000335808 0.0104214 -2.59916e-07 -1.36782e-09 -2.59916e-07 1.03522e-06 
66
0
0
0.000580892
0.0120817 -0.0003358 -1.36315e-09 -0.0003358 0.0104214 -2.59918e-07 -1.36315e-09 -2.59918e-07 1.03522e-06 
67
0
0
0.000549268
0.0120817 -0.000335788 -1.35675e-09 -0.000335788 0.0104214 -2.59918e-07 -1.35675e-09 -2.59918e-07 1.03522e-06 
68
0
0
-0.000610037
0.0120817 -0.000335784 -1.35491e-09 -0.000335784 0.0104214 -2.59919e-07 -1.35491e-09 -2.59919e-07 1.03522e-06 
69
0
0
-0.00102628
0.0120817 -0.000335801 -1.36102e-09 -0.000335801 0.0104214 -2.5992e-07 -1.36102e-09 -2.5992e-07 1.03522e-06 
70
0
0
0.000244658
0.0120817 -0.000335814 -1.36552e-09 -0.000335814 0.0104214 -2.5992e-07 -1.36552e-09 -2.5992e-07 1.03522e-06 
71
0
0
0.000286445
0.0120817 -0.000335799 -1.35521e-09 -0.000335799 0.0104214 -2.5992e-07 -1.35521e-09 -2.5992e-07 1.03522e-06 
72
0
0
-0.000505631
0.0120817 -0.000335792 -1.35078e-09 -0.000335792 0.0104214 -2.5992e-07 -1.35078e-09 -2.5992e-07 1.03522e-06 
73
0
0
0.000172965
0.0120817 -0.000335802 -1.3562e-09 -0.000335802 0.0104214 -2.5992e-07 -1.3562e-09 -2.5992e-07 1.03522e-06 
74
0
0
0.000231709
0.0120817 -0.000335795 -1.35169e-09 -0.000335795 0.0104214 -2.59921e-07 -1.35169e-09 -2.59921e-07 1.03522e-06 
75
0
0
0.00114935
0.0120817 -0.000335792 -1.34934e-09 -0.000335792 0.0104214 -2.59921e-07 -1.34934e-09 -2.59921e-07 1.03522e-06 
76
0
0
0.000382218
0.0120817 -0.000335776 -1.34026e-09 -0.000335776 0.0104214 -2.59922e-07 -1.34026e-09 -2.59922e-07 1.03522e-06 
77
0
0
0.000480789
0.0120817 -0.000335782 -1.34379e-09 -0.000335782 0.0104214 -2.59922e-07 -1.34379e-09 -2.59922e-07 1.03522e-06 
78
0
0
-0.00030933
0.0120817 -0.000335783 -1.34396e-09 -0.000335783 0.0104214 -2.59922e-07 -1.34396e-09 -2.59922e-07 1.03522e-06 
79
0
0
0.000466744
0.0120817 -0.000335796 -1.35118e-09 -0.000335796 0.0104214 -2.59921e-07 -1.35118e-09 -2.59921e-07 1.03522e-06 
80
0
0
-0.000248493
0.0120817 -0.000335788 -1.34733e-09 -0.000335788 0.0104214 -2.59921e-07 -1.34733e-09 -2.59921e-07 1.03522e-06 
81
0
0
0.000108198
0.0120817 -0.000335797 -1.35268e-09 -0.000335797 0.0104214 -2.59921e-07 -1.35268e-09 -2.59921e-07 1.03522e-06 
82
0
0
0.000283105
0.0120817 -0.000335794 -1.35161e-09 -0.000335794 0.0104214 -2.59921e-07 -1.35161e-09 -2.59921e-07 1.03522e-06 
83
0
0
0.000505665
0.0120817 -0.000335791 -1.3497e-09 -0.000335791 0.0104214 -2.59922e-07 -1.3497e-09 -2.59922e-07 1.03522e-06 
84
0
0
-0.000150774
0.0120817 -0.000335786 -1.34203e-09 -0.000335786 0.0104214 -2.59924e-07 -1.34203e-09 -2.59924e-07 1.03522e-06 
85
0
0
0.000556191
0.0120817 -0.000335794 -1.34271e-09 -0.000335794 0.0104214 -2.59925e-07 -1.34271e-09 -2.59925e-07 1.03522e-06 
86
0
0
-0.000367758
0.0120817 -0.000335786 -1.33603e-09 -0.000335786 0.0104214 -2.59927e-07 -1.33603e-09 -2.59927e-07 1.03522e-06 
87
0
0
0.000610049
0.0120817 -0.000335798 -1.34085e-09 -0.000335798 0.0104214 -2.59926e-07 -1.34085e-09 -2.59926e-07 1.03522e-06 
88
0
0
-9.07001e-05
0.0120817 -0.000335787 -1.33329e-09 -0.000335787 0.0104214 -2.59926e-07 -1.33329e-09 -2.59926e-07 1.03522e-06 
89
0
0
-0.000308965
0.0120817 -0.000335794 -1.33635e-09 -0.000335794 0.0104214 -2.59925e-07 -1.33635e-09 -2.59925e-07 1.03522e-06 
90
0
0
-0.000281491
0.0120817 -0.0003358 -1.33937e-09 -0.0003358 0.0104214 -2.59923e-07 -1.33937e-09 -2.59923e-07 1.03522e-06 
91
0
0
-0.000967232
0.0120817 -0.000335802 -1.33987e-09 -0.000335802 0.0104214 -2.59922e-07 -1.33987e-09 -2.59922e-07 1.03522e-06 
92
0
0
8.95983e-05
0.0120817 -0.000335813 -1.34862e-09 -0.000335813 0.0104214 -2.59923e-07 -1.34862e-09 -2.59923e-07 1.03522e-06 
93
0
0
-0.000902216
0.0120817 -0.000335801 -1.34347e-09 -0.000335801 0.0104214 -2.59923e-07 -1.34347e-09 -2.59923e-07 1.03522e-06 
94
0
0
-0.000672792
0.0120817 -0.000335812 -1.35075e-09 -0.000335812 0.0104214 -2.59923e-07 -1.35075e-09 -2.59923e-07 1.03522e-06 
95
0
0
0.000115014
0.0120817 -0.000335813 -1.35094e-09 -0.000335813 0.0104214 -2.59923e-07 -1.35094e-09 -2.59923e-07 1.03522e-06 
96
0
0
-0.000124035
0.0120817 -0.0003358 -1.34385e-09 -0.0003358 0.0104214 -2.59923e-07 -1.34385e-09 -2.59923e-07 1.03522e-06 
97
0
0
-0.00113106
0.0120817 -0.000335799 -1.34333e-09 -0.000335799 0.0104214 -2.59924e-07 -1.34333e-09 -2.59924e-07 1.03522e-06 
98
0
0
-0.0012647
0.0120817 -0.000335815 -1.35207e-09 -0.000335815 0.0104214 -2.59924e-07 -1.35207e-09 -2.59924e-07 1.03522e-06 
99
0
0
-0.000299009
0.0120817 -0.000335823 -1.35634e-09 -0.000335823 0.0104214 -2.59925e-07 -1.35634e-09 -2.59925e-07 1.03522e-06 
100
0
0
-0.000718613
0.0120817 -0.000335811 -1.34978e-09 -0.000335811 0.0104214 -2.59925e-07 -1.34978e-09 -2.59925e-07 1.03522e-06 
101
0
0
0.000377418
0.0120817 -0.000335813 -1.34154e-09 -0.000335813 0.0104214 -2.59922e-07 -1.34154e-09 -2.59922e-07 1.03522e-06 
102
0
0
-0.000601828
0.0120817 -0.000335796 -1.32581e-09 -0.000335796 0.0104214 -2.5992e-07 -1.32581e-09 -2.5992e-07 1.03522e-06 
103
0
0
-0.000215637
0.0120817 -0.000335805 -1.32758e-09 -0.000335805 0.0104214 -2.59919e-07 -1.32758e-09 -2.59919e-07 1.03522e-06 
104
0
0
0.000520643
0.0120817 -0.000335803 -1.32361e-09 -0.000335803 0.0104214 -2.59918e-07 -1.32361e-09 -2.59918e-07 1.03522e-06 
105
0
0
-0.000125764
0.0120817 -0.00033579 -1.31451e-09 -0.00033579 0.0104214 -2.59918e-07 -1.31451e-09 -2.59918e-07 1.03522e-06 
106
0
0
0.000115437
0.0120817 -0.000335796 -1.31654e-09 -0.000335796 0.0104214 -2.59917e-07 -1.31654e-09 -2.59917e-07 1.03522e-06 
107
0
0
0.000284877
0.0120817 -0.000335794 -1.31465e-09 -0.000335794 0.0104214 -2.59916e-07 -1.31465e-09 -2.59916e-07 1.03522e-06 
108
0
0
-0.000752265
0.0120817 -0.00033579 -1.31008e-09 -0.00033579 0.0104214 -2.59918e-07 -1.31008e-09 -2.59918e-07 1.03522e-06 
109
0
0
-0.00121773
0.0120817 -0.000335806 -1.31645e-09 -0.000335806 0.0104214 -2.59919e-07 -1.31645e-09 -2.59919e-07 1.03522e-06 
110
0
0
-0.000447992
0.0120817 -0.000335819 -1.32209e-09 -0.000335819 0.0104214 -2.5992e-07 -1.32209e-09 -2.5992e-07 1.03522e-06 
111
0
0
-0.000424073
0.0120817 -0.000335812 -1.31649e-09 -0.000335812 0.0104214 -2.5992e-07 -1.31649e-09 -2.5992e-07 1.03522e-06 
112
0
0
5.61906e-05
0.0120817 -0.000335808 -1.31434e-09 -0.000335808 0.0104214 -2.59921e-07 -1.31434e-09 -2.59921e-07 1.03522e-06 
113
0
0
0.000296136
0.0120817 -0.0003358 -1.30886e-09 -0.0003358 0.0104214 -2.59922e-07 -1.30886e-09 -2.59922e-07 1.03522e-06 
114
0
0
0.000762673
0.0120817 -0.000335792 -1.30485e-09 -0.000335792 0.0104214 -2.59922e-07 -1.30485e-09 -2.59922e-07 1.03522e-06 
115
0
0
3.60493e-06
0.0120817 -0.000335782 -1.29889e-09 -0.000335782 0.0104214 -2.59922e-07 -1.29889e-09 -2.59922e-07 1.03522e-06 
116
0
0
0.000293849
0.0120817 -0.000335791 -1.29537e-09 -0.000335791 0.0104214 -2.59927e-07 -1.29537e-09 -2.59927e-07 1.03522e-06 
117
0
0
0.000127228
0.0120817 -0.000335789 -1.28829e-09 -0.000335789 0.0104214 -2.5993e-07 -1.28829e-09 -2.5993e-07 1.03522e-06 
118
0
0
-0.000785755
0.0120817 -0.000335791 -1.28572e-09 -0.000335791 0.0104214 -2.59932e-07 -1.28572e-09 -2.59932e-07 1.03522e-06 
119
0
0
0.000229196
0.0120817 -0.000335806 -1.29182e-09 -0.000335806 0.0104214 -2.59932e-07 -1.29182e-09 -2.59932e-07 1.03522e-06 
120
0
0
0.000425566
0.0120817 -0.000335796 -1.2853e-09 -0.000335796 0.0104214 -2.59931e-07 -1.2853e-09 -2.59931e-07 1.03522e-06 
121
0
0
-0.000393433
0.0120817 -0.000335789 -1.28131e-09 -0.000335789 0.0104214 -2.5993e-07 -1.28131e-09 -2.5993e-07 1.03522e-06 
122
0
0
0.000697478
0.0120817 -0.000335799 -1.286e-09 -0.000335799 0.0104214 -2.5993e-07 -1.286e-09 -2.5993e-07 1.03522e-06 
123
0
0
2.52938e-05
0.0120817 -0.000335786 -1.27749e-09 -0.000335786 0.0104214 -2.59929e-07 -1.27749e-09 -2.59929e-07 1.03522e-06 
124
0
0
-0.000141989
0.0120817 -0.000335792 -1.28462e-09 -0.000335792 0.0104214 -2.59928e-07 -1.28462e-09 -2.59928e-07 1.03522e-06 
125
0
0
-0.000259146
0.0120817 -0.000335796 -1.28889e-09 -0.000335796 0.0104214 -2.59928e-07 -1.28889e-09 -2.59928e-07 1.03522e-06 
126
0
0
-1.93534e-05
0.0120817 -0.0003358 -1.29117e-09 -0.0003358 0.0104214 -2.59927e-07 -1.29117e-09 -2.59927e-07 1.03522e-06 
127
0
0
-4.42005e-05
0.0120817 -0.000335798 -1.29034e-09 -0.000335798 0.0104214 -2.59926e-07 -1.29034e-09 -2.59926e-07 1.03522e-06 
128
0
0
3.52243e-05
0.0120817 -0.000335797 -1.29056e-09 -0.000335797 0.0104214 -2.59925e-07 -1.29056e-09 -2.59925e-07 1.03522e-06 
129
0
0
-0.00128431
0.0120817 -0.000335796 -1.29024e-09 -0.000335796 0.0104214 -2.59924e-07 -1.29024e-09 -2.59924e-07 1.03522e-06 
130
0
0
0.00113546
0.0120817 -0.000335816 -1.30211e-09 -0.000335816 0.0104214 -2.59922e-07 -1.30211e-09 -2.59922e-07 1.03522e-06 
131
0
0
0.00068778
0.0120817 -0.000335785 -1.28541e-09 -0.000335785 0.0104214 -2.59921e-07 -1.28541e-09 -2.59921e-07 1.03522e-06 
132
0
0
-0.000459844
0.0120817 -0.000335781 -1.28197e-09 -0.000335781 0.0104214 -2.59922e-07 -1.28197e-09 -2.59922e-07 1.03522e-06 
133
0
0
-0.00040027
0.0120817 -0.000335797 -1.28929e-09 -0.000335797 0.0104214 -2.59921e-07 -1.28929e-09 -2.59921e-07 1.03522e-06 
134
0
0
0.0013496
0.0120817 -0.000335803 -1.2896e-09 -0.000335803 0.0104214 -2.5992e-07 -1.2896e-09 -2.5992e-07 1.03522e-06 
135
0
0
-0.000156771
0.0120817 -0.000335777 -1.27486e-09 -0.000335777 0.0104214 -2.59918e-07 -1.27486e-09 -2.59918e-07 1.03522e-06 
136
0
0
-0.000440463
0.0120817 -0.000335791 -1.28327e-09 -0.000335791 0.0104214 -2.59918e-07 -1.28327e-09 -2.59918e-07 1.03522e-06 
137
0
0
-0.000261483
0.0120817 -0.000335801 -1.2876e-09 -0.000335801 0.0104214 -2.5992e-07 -1.2876e-09 -2.5992e-07 1.03522e-06 
138
0
0
0.000403209
0.0120817 -0.000335802 -1.28691e-09 -0.000335802 0.0104214 -2.59921e-07 -1.28691e-09 -2.59921e-07 1.03522e-06 
139
0
0
0.000156471
0.0120817 -0.000335792 -1.28135e-09 -0.000335792 0.0104214 -2.59924e-07 -1.28135e-09 -2.59924e-07 1.03522e-06 
140
0
0
-0.000113702
0.0120817 -0.000335792 -1.28153e-09 -0.000335792 0.0104214 -2.59925e-07 -1.28153e-09 -2.59925e-07 1.03522e-06 
141
0
0
0.000425501
0.0120817 -0.000335796 -1.28073e-09 -0.000335796 0.0104214 -2.59925e-07 -1.28073e-09 -2.59925e-07 1.03522e-06 
142
0
0
0.000355394
0.0120817 -0.000335789 -1.27492e-09 -0.000335789 0.0104214 -2.59925e-07 -1.27492e-09 -2.59925e-07 1.03522e-06 
143
0
0
3.72818e-06
0.0120817 -0.000335788 -1.27238e-09 -0.000335788 0.0104214 -2.59926e-07 -1.27238e-09 -2.59926e-07 1.03522e-06 
144
0
0
1.69746e-05
0.0120817 -0.000335793 -1.27371e-09 -0.000335793 0.0104214 -2.59925e-07 -1.27371e-09 -2.59925e-07 1.03522e-06 
145
0
0
-0.000510267
0.0120817 -0.000335794 -1.27378e-09 -0.000335794 0.0104214 -2.59926e-07 -1.27378e-09 -2.59926e-07 1.03522e-06 
146
0
0
-0.000429428
0.0120817 -0.000335803 -1.27786e-09 -0.000335803 0.0104214 -2.59925e-07 -1.27786e-09 -2.59925e-07 1.03522e-06 
147
0
0
-0.000247645
0.0120817 -0.000335805 -1.27789e-09 -0.000335805 0.0104214 -2.59924e-07 -1.27789e-09 -2.59924e-07 1.03522e-06 
148
0
0
-0.000856979
0.0120817 -0.000335803 -1.27633e-09 -0.000335803 0.0104214 -2.59924e-07 -1.27633e-09 -2.59924e-07 1.03522e-06 
149
0
0
0.000236001
0.0120817 -0.000335812 -1.27733e-09 -0.000335812 0.0104214 -2.59926e-07 -1.27733e-09 -2.59926e-07 1.03522e-06 
150
0
0
0.000782974
0.0120817 -0.000335798 -1.26583e-09 -0.000335798 0.0104214 -2.59927e-07 -1.26583e-09 -2.59927e-07 1.03522e-06 
151
0
0
-6.71549e-05
0.0120817 -0.000335784 -1.25588e-09 -0.000335784 0.0104214 -2.59927e-07 -1.25588e-09 -2.59927e-07 1.03522e-06 
152
0
0
-0.000103006
0.0120817 -0.000335792 -1.25975e-09 -0.000335792 0.0104214 -2.59929e-07 -1.25975e-09 -2.59929e-07 1.03522e-06 
153
0
0
-1.1785e-05
0.0120817 -0.000335796 -1.26071e-09 -0.000335796 0.0104214 -2.59931e-07 -1.26071e-09 -2.59931e-07 1.03522e-06 
154
0
0
0.00130245
0.0120817 -0.000335796 -1.25924e-09 -0.000335796 0.0104214 -2.59933e-07 -1.25924e-09 -2.59933e-07 1.03522e-06 
155
0
0
-0.000165034
0.0120817 -0.000335775 -1.24707e-09 -0.000335775 0.0104214 -2.59935e-07 -1.24707e-09 -2.59935e-07 1.03522e-06 
156
0
0
0.00115519
0.0120817 -0.000335791 -1.25563e-09 -0.000335791 0.0104214 -2.59934e-07 -1.25563e-09 -2.59934e-07 1.03522e-06 
157
0
0
0.000545244
0.0120817 -0.000335775 -1.2456e-09 -0.000335775 0.0104214 -2.59933e-07 -1.2456e-09 -2.59933e-07 1.03522e-06 
158
0
0
0.000455717
0.0120817 -0.000335779 -1.24661e-09 -0.000335779 0.0104214 -2.59931e-07 -1.24661e-09 -2.59931e-07 1.03522e-06 
159
0
0
0.000645643
0.0120817 -0.000335782 -1.24666e-09 -0.000335782 0.0104214 -2.5993e-07 -1.24666e-09 -2.5993e-07 1.03522e-06 
160
0
0
0.000169548
0.0120817 -0.00033578 -1.24375e-09 -0.00033578 0.0104214 -2.59929e-07 -1.24375e-09 -2.59929e-07 1.03522e-06 
161
0
0
-0.000228665
0.0120817 -0.000335787 -1.2465e-09 -0.000335787 0.0104214 -2.59927e-07 -1.2465e-09 -2.59927e-07 1.03522e-06 
162
0
0
0.00118674
0.0120817 -0.000335796 -1.25049e-09 -0.000335796 0.0104214 -2.59927e-07 -1.25049e-09 -2.59927e-07 1.03522e-06 
163
0
0
-0.000757156
0.0120817 -0.000335777 -1.23905e-09 -0.000335777 0.0104214 -2.59927e-07 -1.23905e-09 -2.59927e-07 1.03522e-06 
164
0
0
-0.000284991
0.0120817 -0.000335801 -1.2516e-09 -0.000335801 0.0104214 -2.59928e-07 -1.2516e-09 -2.59928e-07 1.03522e-06 
165
0
0
-0.000376029
0.0120817 -0.000335802 -1.26064e-09 -0.000335802 0.0104214 -2.59931e-07 -1.26064e-09 -2.59931e-07 1.03522e-06 
166
0
0
-0.000775649
0.0120817 -0.000335804 -1.26715e-09 -0.000335804 0.0104214 -2.59933e-07 -1.26715e-09 -2.59933e-07 1.03522e-06 
167
0
0
-0.000517968
0.0120817 -0.000335811 -1.27358e-09 -0.000335811 0.0104214 -2.59934e-07 -1.27358e-09 -2.59934e-07 1.03522e-06 
168
0
0
-0.000398962
0.0120817 -0.00033581 -1.27437e-09 -0.00033581 0.0104214 -2.59934e-07 -1.27437e-09 -2.59934e-07 1.03522e-06 
169
0
0
-0.000686955
0.0120817 -0.000335807 -1.27469e-09 -0.000335807 0.0104214 -2.59935e-07 -1.27469e-09 -2.59935e-07 1.03522e-06 
170
0
0
0.000537355
0.0120817 -0.000335811 -1.27777e-09 -0.000335811 0.0104214 -2.59936e-07 -1.27777e-09 -2.59936e-07 1.03522e-06 
171
0
0
0.000333439
0.0120817 -0.000335793 -1.26763e-09 -0.000335793 0.0104214 -2.59936e-07 -1.26763e-09 -2.59936e-07 1.03522e-06 
172
0
0
-0.000546844
0.0120817 -0.000335789 -1.26538e-09 -0.000335789 0.0104214 -2.59935e-07 -1.26538e-09 -2.59935e-07 1.03522e-06 
173
0
0
5.57216e-05
0.0120817 -0.000335802 -1.26655e-09 -0.000335802 0.0104214 -2.59934e-07 -1.26655e-09 -2.59934e-07 1.03522e-06 
174
0
0
0.000275714
0.0120817 -0.000335797 -1.26057e-09 -0.000335797 0.0104214 -2.59934e-07 -1.26057e-09 -2.59934e-07 1.03522e-06 
175
0
0
-0.00109498
0.0120817 -0.000335792 -1.25536e-09 -0.000335792 0.0104214 -2.59934e-07 -1.25536e-09 -2.59934e-07 1.03522e-06 
176
0
0
-0.000557416
0.0120817 -0.000335812 -1.26402e-09 -0.000335812 0.0104214 -2.59934e-07 -1.26402e-09 -2.59934e-07 1.03522e-06 
177
0
0
-0.000283261
0.0120817 -0.000335811 -1.26132e-09 -0.000335811 0.0104214 -2.59933e-07 -1.26132e-09 -2.59933e-07 1.03522e-06 
178
0
0
-0.00102421
0.0120817 -0.000335806 -1.25878e-09 -0.000335806 0.0104214 -2.59932e-07 -1.25878e-09 -2.59932e-07 1.03522e-06 
179
0
0
-0.00130401
0.0120817 -0.000335816 -1.26496e-09 -0.000335816 0.0104214 -2.59931e-07 -1.26496e-09 -2.59931e-07 1.03522e-06 
180
0
0
-0.00177907
0.0120817 -0.000335824 -1.2688e-09 -0.000335824 0.0104214 -2.59932e-07 -1.2688e-09 -2.59932e-07 1.03522e-06 
181
0
0
-0.00184509
0.0120817 -0.000335835 -1.28069e-09 -0.000335835 0.0104215 -2.59935e-07 -1.28069e-09 -2.59935e-07 1.03522e-06 
182
0
0
-0.00152144
0.0120817 -0.00033584 -1.28712e-09 -0.00033584 0.0104215 -2.59937e-07 -1.28712e-09 -2.59937e-07 1.03522e-06 
183
0
0
-0.00149242
0.0120817 -0.000335837 -1.28721e-09 -0.000335837 0.0104215 -2.59939e-07 -1.28721e-09 -2.59939e-07 1.03522e-06 
184
0
0
-0.000671945
0.0120817 -0.000335835 -1.28766e-09 -0.000335835 0.0104215 -2.5994e-07 -1.28766e-09 -2.5994e-07 1.03522e-06 
185
0
0
-8.29759e-05
0.0120817 -0.000335821 -1.28017e-09 -0.000335821 0.0104214 -2.5994e-07 -1.28017e-09 -2.5994e-07 1.03522e-06 
186
0
0
-0.000505118
0.0120817 -0.000335807 -1.27196e-09 -0.000335807 0.0104214 -2.5994e-07 -1.27196e-09 -2.5994e-07 1.03522e-06 
187
0
0
0.00104029
0.0120817 -0.000335808 -1.27355e-09 -0.000335808 0.0104214 -2.59938e-07 -1.27355e-09 -2.59938e-07 1.03522e-06 
188
0
0
0.00172742
0.0120817 -0.000335784 -1.26212e-09 -0.000335784 0.0104214 -2.59935e-07 -1.26212e-09 -2.59935e-07 1.03522e-06 
189
0
0
0.00151643
0.0120818 -0.000335764 -1.26451e-09 -0.000335764 0.0104214 -2.59931e-07 -1.26451e-09 -2.59931e-07 1.03522e-06 
190
0
0
0.000280145
0.0120818 -0.000335759 -1.2714e-09 -0.000335759 0.0104214 -2.59929e-07 -1.2714e-09 -2.59929e-07 1.03522e-06 
191
0
0
-0.0002097
0.0120817 -0.000335777 -1.28531e-09 -0.000335777 0.0104214 -2.59928e-07 -1.28531e-09 -2.59928e-07 1.03522e-06 
192
0
0
-0.000914102
0.0120817 -0.000335792 -1.29481e-09 -0.000335792 0.0104214 -2.5993e-07 -1.29481e-09 -2.5993e-07 1.03522e-06 
193
0
0
0.00148365
0.0120817 -0.000335809 -1.30354e-09 -0.000335809 0.0104214 -2.59931e-07 -1.30354e-09 -2.59931e-07 1.03522e-06 
194
0
0
0.00279726
0.0120817 -0.000335777 -1.28659e-09 -0.000335777 0.0104214 -2.59931e-07 -1.28659e-09 -2.59931e-07 1.03522e-06 
195
0
0
0.00363011
0.0120818 -0.000335744 -1.27233e-09 -0.000335744 0.0104214 -2.59929e-07 -1.27233e-09 -2.59929e-07 1.03522e-06 
196
0
0
0.00384201
0.0120818 -0.000335719 -1.26531e-09 -0.000335719 0.0104214 -2.59921e-07 -1.26531e-09 -2.59921e-07 1.03522e-06 
197
0
0
-0.00194094
0.0120818 -0.000335705 -1.26352e-09 -0.000335705 0.0104214 -2.59913e-07 -1.26352e-09 -2.59913e-07 1.03522e-06 
198
0
0
-0.00505816
0.0120817 -0.000335792 -1.31164e-09 -0.000335792 0.0104214 -2.59911e-07 -1.31164e-09 -2.59911e-07 1.03522e-06 
199
0
0
0.000328782
0.0120817 -0.000335875 -1.34853e-09 -0.000335875 0.0104215 -2.59913e-07 -1.34853e-09 -2.59913e-07 1.03522e-06 
200
0
0
-0.000744024
0.0120817 -0.000335821 -1.31286e-09 -0.000335821 0.0104214 -2.59918e-07 -1.31286e-09 -2.59918e-07 1.03522e-06 
201
0
0
-0.000129652
0.0120817 -0.000335817 -1.30854e-09 -0.000335817 0.0104214 -2.59922e-07 -1.30854e-09 -2.59922e-07 1.03522e-06 
202
0
0
0.00129262
0.0120817 -0.000335806 -1.29771e-09 -0.000335806 0.0104214 -2.59921e-07 -1.29771e-09 -2.59921e-07 1.03522e-06 
203
0
0
0.000702956
0.0120817 -0.000335779 -1.28293e-09 -0.000335779 0.0104214 -2.59923e-07 -1.28293e-09 -2.59923e-07 1.03522e-06 
204
0
0
0.000970122
0.0120817 -0.000335778 -1.28033e-09 -0.000335778 0.0104214 -2.59925e-07 -1.28033e-09 -2.59925e-07 1.03522e-06 
205
0
0
0.00165837
0.0120818 -0.000335774 -1.27348e-09 -0.000335774 0.0104214 -2.59925e-07 -1.27348e-09 -2.59925e-07 1.03522e-06 
206
0
0
0.000322361
0.0120818 -0.000335761 -1.26487e-09 -0.000335761 0.0104214 -2.59926e-07 -1.26487e-09 -2.59926e-07 1.03522e-06 
207
0
0
0.000175206
0.0120817 -0.000335777 -1.27411e-09 -0.000335777 0.0104214 -2.59926e-07 -1.27411e-09 -2.59926e-07 1.03522e-06 
208
0
0
0.00101291
0.0120817 -0.000335786 -1.27729e-09 -0.000335786 0.0104214 -2.59925e-07 -1.27729e-09 -2.59925e-07 1.03522e-06 
209
0
0
8.43337e-05
0.0120817 -0.000335776 -1.27117e-09 -0.000335776 0.0104214 -2.59925e-07 -1.27117e-09 -2.59925e-07 1.03522e-06 
210
0
0
-6.31729e-06
0.0120817 -0.000335787 -1.27686e-09 -0.000335787 0.0104214 -2.59924e-07 -1.27686e-09 -2.59924e-07 1.03522e-06 
211
0
0
0.000225118
0.0120817 -0.000335792 -1.27906e-09 -0.000335792 0.0104214 -2.59924e-07 -1.27906e-09 -2.59924e-07 1.03522e-06 
212
0
0
-0.000115063
0.0120817 -0.000335791 -1.28483e-09 -0.000335791 0.0104214 -2.59925e-07 -1.28483e-09 -2.59925e-07 1.03522e-06 
213
0
0
0.000349775
0.0120817 -0.000335796 -1.29182e-09 -0.000335796 0.0104214 -2.59925e-07 -1.29182e-09 -2.59925e-07 1.03522e-06 
214
0
0
-0.000218394
0.0120817 -0.00033579 -1.29213e-09 -0.00033579 0.0104214 -2.59924e-07 -1.29213e-09 -2.59924e-07 1.03522e-06 
215
0
0
0.000399838
0.0120817 -0.000335797 -1.2987e-09 -0.000335797 0.0104214 -2.59924e-07 -1.2987e-09 -2.59924e-07 1.03522e-06 
216
0
0
0.0010971
0.0120817 -0.00033579 -1.29612e-09 -0.00033579 0.0104214 -2.59925e-07 -1.29612e-09 -2.59925e-07 1.03522e-06 
217
0
0
0.00101233
0.0120817 -0.000335776 -1.2894e-09 -0.000335776 0.0104214 -2.59925e-07 -1.2894e-09 -2.59925e-07 1.03522e-06 
218
0
0
0.000352928
0.0120818 -0.000335772 -1.28769e-09 -0.000335772 0.0104214 -2.59926e-07 -1.28769e-09 -2.59926e-07 1.03522e-06 
219
0
0
2.44937e-05
0.0120817 -0.000335781 -1.29309e-09 -0.000335781 0.0104214 -2.59928e-07 -1.29309e-09 -2.59928e-07 1.03522e-06 
220
0
0
0.00114426
0.0120817 -0.00033579 -1.29766e-09 -0.00033579 0.0104214 -2.5993e-07 -1.29766e-09 -2.5993e-07 1.03522e-06 
221
0
0
-0.000673541
0.0120817 -0.000335775 -1.29e-09 -0.000335775 0.0104214 -2.5993e-07 -1.29e-09 -2.5993e-07 1.03522e-06 
222
0
0
-0.00146755
0.0120817 -0.000335799 -1.30246e-09 -0.000335799 0.0104214 -2.59933e-07 -1.30246e-09 -2.59933e-07 1.03522e-06 
223
0
0
-0.000821522
0.0120817 -0.00033582 -1.31256e-09 -0.00033582 0.0104214 -2.59934e-07 -1.31256e-09 -2.59934e-07 1.03522e-06 
224
0
0
0.000668341
0.0120817 -0.000335818 -1.30891e-09 -0.000335818 0.0104214 -2.59932e-07 -1.30891e-09 -2.59932e-07 1.03522e-06 
225
0
0
0.000127317
0.0120817 -0.000335794 -1.29477e-09 -0.000335794 0.0104214 -2.59929e-07 -1.29477e-09 -2.59929e-07 1.03522e-06 
226
0
0
-0.00135893
0.0120817 -0.000335793 -1.29488e-09 -0.000335793 0.0104214 -2.59924e-07 -1.29488e-09 -2.59924e-07 1.03522e-06 
227
0
0
-0.00139786
0.0120817 -0.000335816 -1.30755e-09 -0.000335816 0.0104214 -2.59919e-07 -1.30755e-09 -2.59919e-07 1.03522e-06 
228
0
0
-0.00164098
0.0120817 -0.000335826 -1.31309e-09 -0.000335826 0.0104214 -2.59916e-07 -1.31309e-09 -2.59916e-07 1.03522e-06 
229
0
0
-0.000362071
0.0120817 -0.000335833 -1.31781e-09 -0.000335833 0.0104215 -2.59914e-07 -1.31781e-09 -2.59914e-07 1.03522e-06 
230
0
0
-0.00125837
0.0120817 -0.000335816 -1.30913e-09 -0.000335816 0.0104214 -2.59909e-07 -1.30913e-09 -2.59909e-07 1.03522e-06 
231
0
0
-0.0043438
0.0120817 -0.000335823 -1.31533e-09 -0.000335823 0.0104214 -2.59909e-07 -1.31533e-09 -2.59909e-07 1.03522e-06 
232
0
0
-0.00221459
0.0120817 -0.000335875 -1.34095e-09 -0.000335875 0.0104215 -2.59912e-07 -1.34095e-09 -2.59912e-07 1.03522e-06 
233
0
0
0.000623962
0.0120817 -0.000335861 -1.32947e-09 -0.000335861 0.0104215 -2.59913e-07 -1.32947e-09 -2.59913e-07 1.03522e-06 
234
0
0
0.00355574
0.0120817 -0.000335811 -1.30199e-09 -0.000335811 0.0104214 -2.59913e-07 -1.30199e-09 -2.59913e-07 1.03522e-06 
235
0
0
0.00315601
0.0120818 -0.000335745 -1.27017e-09 -0.000335745 0.0104214 -2.59912e-07 -1.27017e-09 -2.59912e-07 1.03522e-06 
236
0
0
-0.00014455
0.0120818 -0.000335726 -1.26836e-09 -0.000335726 0.0104214 -2.59916e-07 -1.26836e-09 -2.59916e-07 1.03522e-06 
237
0
0
-0.000898286
0.0120818 -0.000335772 -1.29439e-09 -0.000335772 0.0104214 -2.59922e-07 -1.29439e-09 -2.59922e-07 1.03522e-06 
238
0
0
-0.000473091
0.0120817 -0.000335801 -1.30598e-09 -0.000335801 0.0104214 -2.59924e-07 -1.30598e-09 -2.59924e-07 1.03522e-06 
239
0
0
-0.00121719
0.0120817 -0.000335805 -1.30736e-09 -0.000335805 0.0104214 -2.59923e-07 -1.30736e-09 -2.59923e-07 1.03522e-06 
240
0
0
-0.000138177
0.0120817 -0.000335819 -1.31577e-09 -0.000335819 0.0104214 -2.5992e-07 -1.31577e-09 -2.5992e-07 1.03522e-06 
241
0
0
0.000512479
0.0120817 -0.000335807 -1.30918e-09 -0.000335807 0.0104214 -2.59917e-07 -1.30918e-09 -2.59917e-07 1.03522e-06 
242
0
0
-0.000561272
0.0120817 -0.000335792 -1.30177e-09 -0.000335792 0.0104214 -2.59916e-07 -1.30177e-09 -2.59916e-07 1.03522e-06 
243
0
0
-0.000307446
0.0120817 -0.000335803 -1.30773e-09 -0.000335803 0.0104214 -2.59916e-07 -1.30773e-09 -2.59916e-07 1.03522e-06 
244
0
0
-0.000474009
0.0120817 -0.000335803 -1.31286e-09 -0.000335803 0.0104214 -2.59917e-07 -1.31286e-09 -2.59917e-07 1.03522e-06 
245
0
0
0.00117753
0.0120817 -0.000335806 -1.31982e-09 -0.000335806 0.0104214 -2.59918e-07 -1.31982e-09 -2.59918e-07 1.03522e-06 
246
0
0
-0.000396296
0.0120817 -0.000335781 -1.30993e-09 -0.000335781 0.0104214 -2.59919e-07 -1.30993e-09 -2.59919e-07 1.03522e-06 
247
0
0
-0.00163867
0.0120817 -0.000335796 -1.32053e-09 -0.000335796 0.0104214 -2.59919e-07 -1.32053e-09 -2.59919e-07 1.03522e-06 
248
0
0
-0.000684179
0.0120817 -0.000335822 -1.33557e-09 -0.000335822 0.0104214 -2.59916e-07 -1.33557e-09 -2.59916e-07 1.03522e-06 
249
0
0
0.00345552
0.0120817 -0.000335817 -1.33416e-09 -0.000335817 0.0104214 -2.59912e-07 -1.33416e-09 -2.59912e-07 1.03522e-06 
250
0
0
0.00601287
0.0120818 -0.000335749 -1.30096e-09 -0.000335749 0.0104214 -2.5991e-07 -1.30096e-09 -2.5991e-07 1.03522e-06 
251
0
0
0.00226457
0.0120818 -0.000335682 -1.26535e-09 -0.000335682 0.0104214 -2.59916e-07 -1.26535e-09 -2.59916e-07 1.03522e-06 
252
0
0
0.00359502
0.0120818 -0.000335717 -1.28154e-09 -0.000335717 0.0104214 -2.59915e-07 -1.28154e-09 -2.59915e-07 1.03522e-06 
253
0
0
0.000845531
0.0120818 -0.000335709 -1.2781e-09 -0.000335709 0.0104214 -2.59915e-07 -1.2781e-09 -2.59915e-07 1.03522e-06 
254
0
0
-0.00164568
0.0120818 -0.000335749 -1.31166e-09 -0.000335749 0.0104214 -2.59919e-07 -1.31166e-09 -2.59919e-07 1.03522e-06 
255
0
0
-0.00125864
0.0120817 -0.000335804 -1.35052e-09 -0.000335804 0.0104214 -2.59921e-07 -1.35052e-09 -2.59921e-07 1.03522e-06 
256
0
0
-0.00208007
0.0120817 -0.000335819 -1.35419e-09 -0.000335819 0.0104214 -2.59918e-07 -1.35419e-09 -2.59918e-07 1.03522e-06 
257
0
0
-0.00391581
0.0120817 -0.000335837 -1.35969e-09 -0.000335837 0.0104215 -2.59915e-07 -1.35969e-09 -2.59915e-07 1.03522e-06 
258
0
0
-0.00166234
0.0120817 -0.000335874 -1.37733e-09 -0.000335874 0.0104215 -2.59911e-07 -1.37733e-09 -2.59911e-07 1.03522e-06 
259
0
0
0.000766709
0.0120817 -0.000335852 -1.36848e-09 -0.000335852 0.0104215 -2.59906e-07 -1.36848e-09 -2.59906e-07 1.03522e-06 
260
0
0
-0.00108592
0.0120817 -0.000335805 -1.3455e-09 -0.000335805 0.0104214 -2.59911e-07 -1.3455e-09 -2.59911e-07 1.03522e-06 
261
0
0
-4.89378e-05
0.0120817 -0.000335816 -1.3435e-09 -0.000335816 0.0104214 -2.59914e-07 -1.3435e-09 -2.59914e-07 1.03522e-06 
262
0
0
0.000707573
0.0120817 -0.000335804 -1.32887e-09 -0.000335804 0.0104214 -2.59914e-07 -1.32887e-09 -2.59914e-07 1.03522e-06 
263
0
0
-0.000877851
0.0120817 -0.000335788 -1.31943e-09 -0.000335788 0.0104214 -2.59915e-07 -1.31943e-09 -2.59915e-07 1.03522e-06 
264
0
0
-0.000880394
0.0120817 -0.000335807 -1.33126e-09 -0.000335807 0.0104214 -2.59915e-07 -1.33126e-09 -2.59915e-07 1.03522e-06 
265
0
0
0.00107858
0.0120817 -0.000335814 -1.33338e-09 -0.000335814 0.0104214 -2.59911e-07 -1.33338e-09 -2.59911e-07 1.03522e-06 
266
0
0
0.00213375
0.0120817 -0.000335785 -1.31727e-09 -0.000335785 0.0104214 -2.59907e-07 -1.31727e-09 -2.59907e-07 1.03522e-06 
267
0
0
0.00100976
0.0120818 -0.000335758 -1.30332e-09 -0.000335758 0.0104214 -2.59905e-07 -1.30332e-09 -2.59905e-07 1.03522e-06 
268
0
0
-0.000207087
0.0120818 -0.000335765 -1.30954e-09 -0.000335765 0.0104214 -2.5991e-07 -1.30954e-09 -2.5991e-07 1.03522e-06 
269
0
0
0.00123536
0.0120817 -0.000335787 -1.3213e-09 -0.000335787 0.0104214 -2.59916e-07 -1.3213e-09 -2.59916e-07 1.03522e-06 
270
0
0
0.00190651
0.0120818 -0.000335773 -1.31134e-09 -0.000335773 0.0104214 -2.59921e-07 -1.31134e-09 -2.59921e-07 1.03522e-06 
271
0
0
0.00168139
0.0120818 -0.000335757 -1.29983e-09 -0.000335757 0.0104214 -2.59923e-07 -1.29983e-09 -2.59923e-07 1.03522e-06 
272
0
0
-0.00204168
0.0120818 -0.000335754 -1.29521e-09 -0.000335754 0.0104214 -2.59927e-07 -1.29521e-09 -2.59927e-07 1.03522e-06 
273
0
0
-0.00530976
0.0120817 -0.000335812 -1.32044e-09 -0.000335812 0.0104214 -2.59931e-07 -1.32044e-09 -2.59931e-07 1.03522e-06 
274
0
0
-0.0055095
0.0120817 -0.000335886 -1.35152e-09 -0.000335886 0.0104215 -2.59934e-07 -1.35152e-09 -2.59934e-07 1.03522e-06 
275
0
0
0.00158837
0.0120817 -0.000335918 -1.36438e-09 -0.000335918 0.0104215 -2.59934e-07 -1.36438e-09 -2.59934e-07 1.03522e-06 
276
0
0
0.00372996
0.0120817 -0.000335817 -1.30913e-09 -0.000335817 0.0104214 -2.59924e-07 -1.30913e-09 -2.59924e-07 1.03522e-06 
277
0
0
-6.61643e-05
0.0120818 -0.000335745 -1.2809e-09 -0.000335745 0.0104214 -2.59918e-07 -1.2809e-09 -2.59918e-07 1.03522e-06 
278
0
0
-0.000900118
0.0120817 -0.000335777 -1.3076e-09 -0.000335777 0.0104214 -2.5991e-07 -1.3076e-09 -2.5991e-07 1.03522e-06 
279
0
0
0.00102408
0.0120817 -0.000335803 -1.3234e-09 -0.000335803 0.0104214 -2.59905e-07 -1.3234e-09 -2.59905e-07 1.03522e-06 
280
0
0
0.00116807
0.0120817 -0.000335782 -1.31247e-09 -0.000335782 0.0104214 -2.59903e-07 -1.31247e-09 -2.59903e-07 1.03522e-06 
281
0
0
-0.000502565
0.0120818 -0.000335772 -1.30814e-09 -0.000335772 0.0104214 -2.59905e-07 -1.30814e-09 -2.59905e-07 1.03522e-06 
282
0
0
-0.000956363
0.0120817 -0.000335795 -1.31966e-09 -0.000335795 0.0104214 -2.59909e-07 -1.31966e-09 -2.59909e-07 1.03522e-06 
283
0
0
0.000581333
0.0120817 -0.00033581 -1.32565e-09 -0.00033581 0.0104214 -2.59913e-07 -1.32565e-09 -2.59913e-07 1.03522e-06 
284
0
0
0.00018946
0.0120817 -0.000335792 -1.31296e-09 -0.000335792 0.0104214 -2.59916e-07 -1.31296e-09 -2.59916e-07 1.03522e-06 
285
0
0
0.000156009
0.0120817 -0.000335791 -1.32195e-09 -0.000335791 0.0104214 -2.59925e-07 -1.32195e-09 -2.59925e-07 1.03522e-06 
286
0
0
-7.37399e-05
0.0120817 -0.000335792 -1.32875e-09 -0.000335792 0.0104214 -2.59929e-07 -1.32875e-09 -2.59929e-07 1.03522e-06 
287
0
0
-0.000399601
0.0120817 -0.000335795 -1.33584e-09 -0.000335795 0.0104214 -2.5993e-07 -1.33584e-09 -2.5993e-07 1.03522e-06 
288
0
0
-0.000286998
0.0120817 -0.000335802 -1.34321e-09 -0.000335802 0.0104214 -2.59929e-07 -1.34321e-09 -2.59929e-07 1.03522e-06 
289
0
0
-0.000251488
0.0120817 -0.000335803 -1.3455e-09 -0.000335803 0.0104214 -2.59929e-07 -1.3455e-09 -2.59929e-07 1.03522e-06 
290
0
0
-0.00057723
0.0120817 -0.000335802 -1.34586e-09 -0.000335802 0.0104214 -2.59928e-07 -1.34586e-09 -2.59928e-07 1.03522e-06 
291
0
0
0.000722161
0.0120817 -0.000335807 -1.34936e-09 -0.000335807 0.0104214 -2.59928e-07 -1.34936e-09 -2.59928e-07 1.03522e-06 
292
0
0
0.00047064
0.0120817 -0.000335789 -1.34014e-09 -0.000335789 0.0104214 -2.59929e-07 -1.34014e-09 -2.59929e-07 1.03522e-06 
293
0
0
-0.000511179
0.0120817 -0.000335786 -1.34105e-09 -0.000335786 0.0104214 -2.59929e-07 -1.34105e-09 -2.59929e-07 1.03522e-06 
294
0
0
0.000159608
0.0120817 -0.0003358 -1.35019e-09 -0.0003358 0.0104214 -2.59929e-07 -1.35019e-09 -2.59929e-07 1.03522e-06 
295
0
0
-0.000148468
0.0120817 -0.000335795 -1.34723e-09 -0.000335795 0.0104214 -2.5993e-07 -1.34723e-09 -2.5993e-07 1.03522e-06 
296
0
0
-0.000480038
0.0120817 -0.000335798 -1.34848e-09 -0.000335798 0.0104214 -2.59931e-07 -1.34848e-09 -2.59931e-07 1.03522e-06 
297
0
0
-0.000146599
0.0120817 -0.000335804 -1.3516e-09 -0.000335804 0.0104214 -2.59931e-07 -1.3516e-09 -2.59931e-07 1.03522e-06 
298
0
0
8.68308e-05
0.0120817 -0.000335801 -1.35003e-09 -0.000335801 0.0104214 -2.59931e-07 -1.35003e-09 -2.59931e-07 1.03522e-06 
299
0
0
-0.00041427
0.0120817 -0.000335796 -1.3474e-09 -0.000335796 0.0104214 -2.5993e-07 -1.3474e-09 -2.5993e-07 1.03522e-06 
300
0
0
-0.000142623
0.0120817 -0.000335802 -1.35069e-09 -0.000335802 0.0104214 -2.5993e-07 -1.35069e-09 -2.5993e-07 1.03522e-06 
301
0
0
-0.000120703
0.0120817 -0.000335801 -1.3486e-09 -0.000335801 0.0104214 -2.59921e-07 -1.3486e-09 -2.59921e-07 1.03522e-06 
302
0
0
3.32282e-05
0.0120817 -0.000335799 -1.34691e-09 -0.000335799 0.0104214 -2.59916e-07 -1.34691e-09 -2.59916e-07 1.03522e-06 
303
0
0
0.000256641
0.0120817 -0.000335797 -1.34437e-09 -0.000335797 0.0104214 -2.59914e-07 -1.34437e-09 -2.59914e-07 1.03522e-06 
304
0
0
-0.000347482
0.0120817 -0.000335792 -1.34144e-09 -0.000335792 0.0104214 -2.59913e-07 -1.34144e-09 -2.59913e-07 1.03522e-06 
305
0
0
-0.000851559
0.0120817 -0.0003358 -1.3455e-09 -0.0003358 0.0104214 -2.59912e-07 -1.3455e-09 -2.59912e-07 1.03522e-06 
306
0
0
-0.00136485
0.0120817 -0.000335811 -1.35102e-09 -0.000335811 0.0104214 -2.59912e-07 -1.35102e-09 -2.59912e-07 1.03522e-06 
307
0
0
9.45865e-05
