0
0
0
-0.000580325
0.00800061 -2.68385e-11 1.2769e-14 -2.68385e-11 0.00900061 -9.84301e-12 1.2769e-14 -9.84301e-12 1.24978e-06 
1
0
0
-0.00010735
0.0150026 1.42261e-08 -1.52405e-11 1.42261e-08 0.0170026 -6.44477e-09 -1.52405e-11 -6.44477e-09 1.03722e-06 
2
0
0
-7.08067e-05
0.0220062 1.8772e-08 -3.38494e-11 1.8772e-08 0.0250061 -1.73336e-08 -3.38494e-11 -1.73336e-08 1.03685e-06 
3
0
0
0.00109921
0.0290117 2.2292e-08 -5.06e-11 2.2292e-08 0.0330113 -3.11467e-08 -5.06e-11 -3.11467e-08 1.03711e-06 
4
0
0
0.000112786
0.036019 -9.08019e-08 -5.00828e-11 -9.08019e-08 0.0410185 -4.77376e-08 -5.00828e-11 -4.77376e-08 1.03672e-06 
5
0
0
-0.000568785
0.043028 -1.09865e-07 -6.16453e-11 -1.09865e-07 0.0490275 -6.68853e-08 -6.16453e-11 -6.68853e-08 1.03632e-06 
6
0
0
-0.000495886
0.0500387 -3.16249e-08 -6.86595e-11 -3.16249e-08 0.0570384 -8.82434e-08 -6.86595e-11 -8.82434e-08 1.03601e-06 
7
0
-0.0536222
-0.000381764
0.0570507 4.57358e-08 -5.52292e-11 4.57358e-08 0.0650513 -1.11426e-07 -5.52292e-11 -1.11426e-07 1.03577e-06 
8
0
-0.068715
2.62582e-05
0.0640641 1.10171e-07 -2.64277e-11 1.10171e-07 0.0730661 -1.36049e-07 -2.64277e-11 -1.36049e-07 1.03559e-06 
9
0
-0.0852284
-0.000424791
0.0710785 8.97349e-08 2.40869e-11 8.97349e-08 0.0810826 -1.61747e-07 2.40869e-11 -1.61747e-07 1.03545e-06 
10
0
-0.10351
-2.3682e-05
0.0780938 1.78862e-07 6.79762e-11 1.78862e-07 0.0891008 -1.88184e-07 6.79762e-11 -1.88184e-07 1.03535e-06 
11
0
-0.123378
0.000267068
0.0851099 1.65695e-07 1.42676e-10 1.65695e-07 0.0971206 -2.15056e-07 1.42676e-10 -2.15056e-07 1.03528e-06 
12
0
-0.144548
-3.51122e-05
0.0921267 6.33213e-08 2.32485e-10 6.33213e-08 0.105142 -2.42092e-07 2.32485e-10 -2.42092e-07 1.03523e-06 
13
0
-0.166905
-7.29842e-05
0.099144 5.02164e-08 3.16238e-10 5.02164e-08 0.113165 -2.69056e-07 3.16238e-10 -2.69056e-07 1.03519e-06 
14
0
-0.190279
-0.00102183
0.106162 4.90652e-08 4.13575e-10 4.90652e-08 0.121188 -2.95746e-07 4.13575e-10 -2.95746e-07 1.03517e-06 
15
0
-0.214543
-0.000756892
0.11318 4.04262e-07 4.86382e-10 4.04262e-07 0.129214 -3.21992e-07 4.86382e-10 -3.21992e-07 1.03515e-06 
16
0
-0.240251
-8.21313e-05
0.120198 6.77156e-07 5.99063e-10 6.77156e-07 0.13724 -3.47654e-07 5.99063e-10 -3.47654e-07 1.03515e-06 
17
0
-0.266403
-5.19918e-05
0.127217 6.79908e-07 7.44939e-10 6.79908e-07 0.145267 -3.72623e-07 7.44939e-10 -3.72623e-07 1.03514e-06 
18
0
-0.293667
3.6776e-05
0.134236 6.69557e-07 8.79681e-10 6.69557e-07 0.153294 -3.96809e-07 8.79681e-10 -3.96809e-07 1.03514e-06 
19
0
-0.321343
-0.000474549
0.141255 6.16781e-07 1.02101e-09 6.16781e-07 0.161323 -4.20146e-07 1.02101e-09 -4.20146e-07 1.03514e-06 
20
0
-0.349442
-0.000906675
0.148274 8.18379e-07 1.14105e-09 8.18379e-07 0.169352 -4.42586e-07 1.14105e-09 -4.42586e-07 1.03515e-06 
21
0
-0.378565
0.000105517
0.155293 1.25861e-06 1.25848e-09 1.25861e-06 0.177382 -4.64098e-07 1.25848e-09 -4.64098e-07 1.03515e-06 
22
0
-0.407882
-0.000681543
0.162313 1.16169e-06 1.44153e-09 1.16169e-06 0.185412 -4.84669e-07 1.44153e-09 -4.84669e-07 1.03515e-06 
23
0
-0.437846
-5.2088e-05
0.169332 1.51579e-06 1.56409e-09 1.51579e-06 0.193443 -5.0429e-07 1.56409e-09 -5.0429e-07 1.03516e-06 
24
0
-0.467949
8.8958e-05
0.176352 1.50683e-06 1.73766e-09 1.50683e-06 0.201475 -5.22965e-07 1.73766e-09 -5.22965e-07 1.03517e-06 
25
0
-0.498077
-0.000112414
0.183371 1.40983e-06 1.90411e-09 1.40983e-06 0.209506 -5.40707e-07 1.90411e-09 -5.40707e-07 1.03517e-06 
26
0
-0.528159
-0.000728592
0.190391 1.44149e-06 2.05432e-09 1.44149e-06 0.217538 -5.57531e-07 2.05432e-09 -5.57531e-07 1.03518e-06 
27
0
-0.559261
-0.00061981
0.197411 1.89365e-06 2.17872e-09 1.89365e-06 0.22557 -5.73463e-07 2.17872e-09 -5.73463e-07 1.03518e-06 
28
0
-0.590916
0.000265306
0.20443 2.28718e-06 2.33177e-09 2.28718e-06 0.233603 -5.8853e-07 2.33177e-09 -5.8853e-07 1.03519e-06 
29
0
-0.622255
0.000250454
0.21145 2.05033e-06 2.53226e-09 2.05033e-06 0.241636 -6.02761e-07 2.53226e-09 -6.02761e-07 1.03519e-06 
30
0
-0.652538
-0.00123082
0.21847 1.81753e-06 2.70393e-09 1.81753e-06 0.249669 -6.16188e-07 2.70393e-09 -6.16188e-07 1.03519e-06 
31
0
-0.685076
-5.50602e-05
0.22549 2.73348e-06 2.79033e-09 2.73348e-06 0.257702 -6.28841e-07 2.79033e-09 -6.28841e-07 1.0352e-06 
32
0
-0.716778
-0.000314116
0.23251 2.73336e-06 2.99063e-09 2.73336e-06 0.265735 -6.40757e-07 2.99063e-09 -6.40757e-07 1.0352e-06 
33
0
-0.748309
-0.000508532
0.23953 2.94955e-06 3.14637e-09 2.94955e-06 0.273769 -6.5197e-07 3.14637e-09 -6.5197e-07 1.0352e-06 
34
0
-0.780382
-0.000167874
0.24655 3.33987e-06 3.29351e-09 3.33987e-06 0.281802 -6.62509e-07 3.29351e-09 -6.62509e-07 1.03521e-06 
35
0
-0.812146
-0.000719741
0.253569 3.44258e-06 3.46689e-09 3.44258e-06 0.289836 -6.72411e-07 3.46689e-09 -6.72411e-07 1.03521e-06 
36
0
-0.844017
-0.00128262
0.260589 4.04974e-06 3.59989e-09 4.04974e-06 0.29787 -6.8171e-07 3.59989e-09 -6.8171e-07 1.03521e-06 
37
0
-0.876849
-0.000374334
0.267609 5.19961e-06 3.71831e-09 5.19961e-06 0.305903 -6.90436e-07 3.71831e-09 -6.90436e-07 1.03521e-06 
38
0
-0.909011
-0.00034882
0.274629 5.51223e-06 3.90985e-09 5.51223e-06 0.313937 -6.98618e-07 3.90985e-09 -6.98618e-07 1.03521e-06 
39
0
-0.941508
0.000373146
0.281649 5.80912e-06 4.07526e-09 5.80912e-06 0.321971 -7.0629e-07 4.07526e-09 -7.0629e-07 1.03522e-06 
40
0
-0.97344
0.000519483
0.288669 5.38688e-06 4.27535e-09 5.38688e-06 0.330005 -7.13477e-07 4.27535e-09 -7.13477e-07 1.03522e-06 
41
0
-1.00562
0.000114038
0.295689 4.80379e-06 4.45685e-09 4.80379e-06 0.33804 -7.2021e-07 4.45685e-09 -7.2021e-07 1.03522e-06 
42
0
-1.03826
-0.000136068
0.302709 4.63668e-06 4.60718e-09 4.63668e-06 0.346074 -7.26515e-07 4.60718e-09 -7.26515e-07 1.03522e-06 
43
0
-1.07045
-4.95387e-05
0.309729 4.73771e-06 4.7563e-09 4.73771e-06 0.354108 -7.32415e-07 4.7563e-09 -7.32415e-07 1.03522e-06 
44
0
-1.10218
-0.00103534
0.316749 4.74607e-06 4.91805e-09 4.74607e-06 0.362142 -7.37938e-07 4.91805e-09 -7.37938e-07 1.03522e-06 
45
0
-1.13531
-0.000493993
0.323769 5.87439e-06 5.02156e-09 5.87439e-06 0.370177 -7.43104e-07 5.02156e-09 -7.43104e-07 1.03522e-06 
46
0
-1.1679
-0.000163556
0.330789 6.40078e-06 5.19148e-09 6.40078e-06 0.378211 -7.47934e-07 5.19148e-09 -7.47934e-07 1.03522e-06 
47
0
-1.2004
2.09842e-06
0.337809 6.54787e-06 5.36637e-09 6.54787e-06 0.386245 -7.52449e-07 5.36637e-09 -7.52449e-07 1.03522e-06 
48
0
-1.23254
0.000321392
0.344829 6.49844e-06 5.53692e-09 6.49844e-06 0.39428 -7.56671e-07 5.53692e-09 -7.56671e-07 1.03522e-06 
49
0
-1.26463
-0.000673646
0.351849 6.05415e-06 5.71578e-09 6.05415e-06 0.402314 -7.60615e-07 5.71578e-09 -7.60615e-07 1.03522e-06 
50
0
-1.29761
-9.11662e-06
0.358869 6.85707e-06 5.82635e-09 6.85707e-06 0.410349 -7.643e-07 5.82635e-09 -7.643e-07 1.03522e-06 
51
0
-1.32989
-0.00034654
0.365889 6.82173e-06 6.00726e-09 6.82173e-06 0.418383 -7.67742e-07 6.00726e-09 -7.67742e-07 1.03522e-06 
52
0
-1.36268
9.92062e-05
0.372909 7.22941e-06 6.1505e-09 7.22941e-06 0.426418 -7.70958e-07 6.1505e-09 -7.70958e-07 1.03522e-06 
53
0
-1.39441
-0.000341258
0.379929 7.04953e-06 6.32815e-09 7.04953e-06 0.434452 -7.73962e-07 6.32815e-09 -7.73962e-07 1.03522e-06 
54
0
-1.42718
0.000224779
0.386949 7.46751e-06 6.46369e-09 7.46751e-06 0.442487 -7.76765e-07 6.46369e-09 -7.76765e-07 1.03522e-06 
55
0
-1.45859
-0.0005934
0.393969 7.10816e-06 6.64626e-09 7.10816e-06 0.450521 -7.79381e-07 6.64626e-09 -7.79381e-07 1.03522e-06 
56
0
-1.49171
-0.000373894
0.400989 7.89987e-06 6.76114e-09 7.89987e-06 0.458556 -7.81822e-07 6.76114e-09 -7.81822e-07 1.03522e-06 
57
0
-1.52531
-8.30192e-05
0.408009 8.39066e-06 6.91785e-09 8.39066e-06 0.46659 -7.84103e-07 6.91785e-09 -7.84103e-07 1.03523e-06 
58
0
-1.55833
0.000283638
0.415029 8.4649e-06 7.0908e-09 8.4649e-06 0.474625 -7.8623e-07 7.0908e-09 -7.8623e-07 1.03523e-06 
59
0
-1.5899
-0.000540973
0.422049 7.99493e-06 7.27256e-09 7.99493e-06 0.482659 -7.88216e-07 7.27256e-09 -7.88216e-07 1.03523e-06 
60
0
-1.62191
-0.00139188
0.429069 8.76728e-06 7.38747e-09 8.76728e-06 0.490694 -7.9007e-07 7.38747e-09 -7.9007e-07 1.03523e-06 
61
0
-1.65502
-0.000460422
0.436089 1.08643e-05 7.47898e-09 1.08643e-05 0.498728 -7.918e-07 7.47898e-09 -7.918e-07 1.03523e-06 
62
0
-1.68735
-9.98021e-05
0.443109 1.15378e-05 7.65978e-09 1.15378e-05 0.506763 -7.93414e-07 7.65978e-09 -7.93414e-07 1.03523e-06 
63
0
-1.71982
0.000389192
0.450129 1.16492e-05 7.83436e-09 1.16492e-05 0.514798 -7.94919e-07 7.83436e-09 -7.94919e-07 1.03523e-06 
64
0
-1.75186
0.000162559
0.457149 1.09725e-05 8.02091e-09 1.09725e-05 0.522832 -7.96324e-07 8.02091e-09 -7.96324e-07 1.03523e-06 
65
0
-1.78407
-0.000174627
0.464169 1.06581e-05 8.17395e-09 1.06581e-05 0.530867 -7.97634e-07 8.17395e-09 -7.97634e-07 1.03523e-06 
66
0
-1.81722
0.000443412
0.471189 1.09018e-05 8.31179e-09 1.09018e-05 0.538901 -7.98856e-07 8.31179e-09 -7.98856e-07 1.03523e-06 
67
0
-1.84964
-0.000202692
0.478209 1.01036e-05 8.49993e-09 1.01036e-05 0.546936 -7.99994e-07 8.49993e-09 -7.99994e-07 1.03523e-06 
68
0
-1.88304
0.000274498
0.485229 1.04043e-05 8.63059e-09 1.04043e-05 0.554971 -8.01055e-07 8.63059e-09 -8.01055e-07 1.03523e-06 
69
0
-1.91572
0.000355399
0.492249 9.87812e-06 8.80937e-09 9.87812e-06 0.563005 -8.02045e-07 8.80937e-09 -8.02045e-07 1.03523e-06 
70
0
-1.94824
8.21713e-05
0.499269 9.20184e-06 8.97778e-09 9.20184e-06 0.57104 -8.02966e-07 8.97778e-09 -8.02966e-07 1.03523e-06 
71
0
-1.98067
0.000299565
0.506289 9.0068e-06 9.12432e-09 9.0068e-06 0.579075 -8.03829e-07 9.12432e-09 -8.03829e-07 1.03523e-06 
72
0
-2.01347
0.00033329
0.513309 8.41405e-06 9.2903e-09 8.41405e-06 0.587109 -8.04632e-07 9.2903e-09 -8.04632e-07 1.03523e-06 
73
0
-2.04594
-6.30994e-05
0.520329 7.75148e-06 9.45352e-09 7.75148e-06 0.595144 -8.05381e-07 9.45352e-09 -8.05381e-07 1.03523e-06 
74
0
-2.07872
0.000479642
0.527349 7.82184e-06 9.59051e-09 7.82184e-06 0.603178 -8.06079e-07 9.59051e-09 -8.06079e-07 1.03523e-06 
75
0
-2.11157
0.000180175
0.534369 6.86486e-06 9.77168e-09 6.86486e-06 0.611213 -8.06729e-07 9.77168e-09 -8.06729e-07 1.03523e-06 
76
0
-2.1443
0.000495977
0.541389 6.47103e-06 9.92043e-09 6.47103e-06 0.619248 -8.07337e-07 9.92043e-09 -8.07337e-07 1.03523e-06 
77
0
-2.17576
-0.000809976
0.548409 5.45789e-06 1.00934e-08 5.45789e-06 0.627282 -8.07902e-07 1.00934e-08 -8.07902e-07 1.03523e-06 
78
0
-2.20936
-0.000113871
0.555429 7.00735e-06 1.01772e-08 7.00735e-06 0.635317 -8.08433e-07 1.01772e-08 -8.08433e-07 1.03523e-06 
79
0
-2.24242
0.000159542
0.562449 7.18701e-06 1.03491e-08 7.18701e-06 0.643352 -8.08926e-07 1.03491e-08 -8.08926e-07 1.03523e-06 
80
0
-2.27438
-0.000502107
0.569469 6.81655e-06 1.05205e-08 6.81655e-06 0.651386 -8.09385e-07 1.05205e-08 -8.09385e-07 1.03523e-06 
81
0
-2.30665
-0.000901277
0.576489 7.79709e-06 1.06378e-08 7.79709e-06 0.659421 -8.09812e-07 1.06378e-08 -8.09812e-07 1.03523e-06 
82
0
-2.34049
0.0005684
0.583509 9.61796e-06 1.07523e-08 9.61796e-06 0.667456 -8.10213e-07 1.07523e-08 -8.10213e-07 1.03523e-06 
83
0
-2.37193
-0.000311366
0.590529 8.37724e-06 1.09739e-08 8.37724e-06 0.67549 -8.10586e-07 1.09739e-08 -8.10586e-07 1.03523e-06 
84
0
-2.40535
0.000212021
0.597549 8.99083e-06 1.10919e-08 8.99083e-06 0.683525 -8.10933e-07 1.10919e-08 -8.10933e-07 1.03523e-06 
85
0
-2.43797
0.000277705
0.604569 8.48729e-06 1.12669e-08 8.48729e-06 0.69156 -8.11257e-07 1.12669e-08 -8.11257e-07 1.03523e-06 
86
0
-2.47094
0.000863292
0.611589 7.83553e-06 1.14302e-08 7.83553e-06 0.699594 -8.1156e-07 1.14302e-08 -8.1156e-07 1.03523e-06 
87
0
-2.50294
0.000329407
0.618609 5.88834e-06 1.16233e-08 5.88834e-06 0.707629 -8.11841e-07 1.16233e-08 -8.11841e-07 1.03523e-06 
88
0
-2.53541
0.000278436
0.625629 5.10742e-06 1.17618e-08 5.10742e-06 0.715664 -8.12103e-07 1.17618e-08 -8.12103e-07 1.03523e-06 
89
0
-2.56732
1.41192e-05
0.632649 4.43286e-06 1.19121e-08 4.43286e-06 0.723698 -8.12348e-07 1.19121e-08 -8.12348e-07 1.03523e-06 
90
0
-2.60017
-0.000287106
0.639669 4.35287e-06 1.20489e-08 4.35287e-06 0.731733 -8.12575e-07 1.20489e-08 -8.12575e-07 1.03523e-06 
91
0
-2.63317
-0.000314817
0.646689 4.96582e-06 1.21809e-08 4.96582e-06 0.739768 -8.12789e-07 1.21809e-08 -8.12789e-07 1.03523e-06 
92
0
-2.66621
-0.000120371
0.653709 5.65052e-06 1.2324e-08 5.65052e-06 0.747802 -8.12989e-07 1.2324e-08 -8.12989e-07 1.03523e-06 
93
0
-2.69957
0.000107009
0.660729 5.88578e-06 1.24815e-08 5.88578e-06 0.755837 -8.13176e-07 1.24815e-08 -8.13176e-07 1.03523e-06 
94
0
-2.73298
0.000630839
0.667749 5.58344e-06 1.26478e-08 5.58344e-06 0.763872 -8.1335e-07 1.26478e-08 -8.1335e-07 1.03523e-06 
95
0
-2.76454
-0.00023401
0.674769 4.01957e-06 1.28361e-08 4.01957e-06 0.771906 -8.13514e-07 1.28361e-08 -8.13514e-07 1.03523e-06 
96
0
-2.79682
-0.000301972
0.681789 4.53996e-06 1.29489e-08 4.53996e-06 0.779941 -8.13668e-07 1.29489e-08 -8.13668e-07 1.03523e-06 
97
0
-2.82982
0.000489864
0.688809 5.23303e-06 1.3084e-08 5.23303e-06 0.787976 -8.13809e-07 1.3084e-08 -8.13809e-07 1.03523e-06 
98
0
-2.86245
0.00050365
0.695829 3.97062e-06 1.32744e-08 3.97062e-06 0.79601 -8.13941e-07 1.32744e-08 -8.13941e-07 1.03523e-06 
99
0
-2.89534
0.000526716
0.702849 2.66127e-06 1.34399e-08 2.66127e-06 0.804045 -8.14064e-07 1.34399e-08 -8.14064e-07 1.03523e-06 
100
0
-2.92777
0.000773525
0.709869 1.28078e-06 1.36026e-08 1.28078e-06 0.81208 -8.14179e-07 1.36026e-08 -8.14179e-07 1.03523e-06 
101
0
-2.96022
0.000602923
0.716889 -7.43745e-07 1.37758e-08 -7.43745e-07 0.820114 -8.14288e-07 1.37758e-08 -8.14288e-07 1.03523e-06 
102
0
-2.99211
-0.000143257
0.723909 -2.34763e-06 1.39302e-08 -2.34763e-06 0.828149 -8.1439e-07 1.39302e-08 -8.1439e-07 1.03523e-06 
103
0
-3.02507
6.06867e-06
0.730929 -2.02226e-06 1.40431e-08 -2.02226e-06 0.836184 -8.14488e-07 1.40431e-08 -8.14488e-07 1.03523e-06 
104
0
-3.05788
0.000226898
0.737949 -2.08623e-06 1.41932e-08 -2.08623e-06 0.844218 -8.14579e-07 1.41932e-08 -8.14579e-07 1.03523e-06 
105
0
-3.09096
0.000303981
0.744969 -2.73705e-06 1.43556e-08 -2.73705e-06 0.852253 -8.14662e-07 1.43556e-08 -8.14662e-07 1.03523e-06 
106
0
-3.12385
0.000674512
0.751989 -3.60038e-06 1.45161e-08 -3.60038e-06 0.860288 -8.14737e-07 1.45161e-08 -8.14737e-07 1.03523e-06 
107
0
-3.15599
-0.000361265
0.759009 -5.47464e-06 1.46934e-08 -5.47464e-06 0.868322 -8.14809e-07 1.46934e-08 -8.14809e-07 1.03523e-06 
108
0
-3.18882
0.000279192
0.766029 -4.53537e-06 1.47953e-08 -4.53537e-06 0.876357 -8.14879e-07 1.47953e-08 -8.14879e-07 1.03523e-06 
109
0
-3.2212
-0.000451875
0.773049 -5.35349e-06 1.49675e-08 -5.35349e-06 0.884392 -8.14943e-07 1.49675e-08 -8.14943e-07 1.03523e-06 
110
0
-3.2537
-0.000310238
0.780069 -4.14371e-06 1.5081e-08 -4.14371e-06 0.892426 -8.15002e-07 1.5081e-08 -8.15002e-07 1.03523e-06 
111
0
-3.28687
0.000654709
0.787089 -3.32033e-06 1.52242e-08 -3.32033e-06 0.900461 -8.15059e-07 1.52242e-08 -8.15059e-07 1.03523e-06 
112
0
-3.31939
0.000236075
0.794109 -5.22407e-06 1.54248e-08 -5.22407e-06 0.908496 -8.15112e-07 1.54248e-08 -8.15112e-07 1.03523e-06 
113
0
-3.35177
0.000527852
0.801129 -5.94724e-06 1.55677e-08 -5.94724e-06 0.91653 -8.15164e-07 1.55677e-08 -8.15164e-07 1.03523e-06 
114
0
-3.38471
0.000577656
0.808149 -7.5182e-06 1.57344e-08 -7.5182e-06 0.924565 -8.1521e-07 1.57344e-08 -8.1521e-07 1.03523e-06 
115
0
-3.41703
0.000556681
0.815169 -9.24751e-06 1.58978e-08 -9.24751e-06 0.9326 -8.15254e-07 1.58978e-08 -8.15254e-07 1.03523e-06 
116
0
-3.44912
0.00046501
0.822189 -1.09299e-05 1.60545e-08 -1.09299e-05 0.940634 -8.15296e-07 1.60545e-08 -8.15296e-07 1.03523e-06 
117
0
-3.48132
1.23799e-05
0.829209 -1.2355e-05 1.62045e-08 -1.2355e-05 0.948669 -8.15337e-07 1.62045e-08 -8.15337e-07 1.03523e-06 
118
0
-3.51461
0.000492897
0.836229 -1.24401e-05 1.63314e-08 -1.24401e-05 0.956704 -8.15374e-07 1.63314e-08 -8.15374e-07 1.03523e-06 
119
0
-3.54741
0.000391037
0.843249 -1.39728e-05 1.65054e-08 -1.39728e-05 0.964738 -8.15408e-07 1.65054e-08 -8.15408e-07 1.03523e-06 
120
0
-3.57933
-3.05502e-05
0.850269 -1.52086e-05 1.66593e-08 -1.52086e-05 0.972773 -8.1544e-07 1.66593e-08 -8.1544e-07 1.03523e-06 
121
0
-3.61229
0.000998125
0.857289 -1.51632e-05 1.67861e-08 -1.51632e-05 0.980808 -8.15471e-07 1.67861e-08 -8.15471e-07 1.03523e-06 
122
0
-3.64412
-0.000156161
0.864309 -1.82935e-05 1.69893e-08 -1.82935e-05 0.988842 -8.155e-07 1.69893e-08 -8.155e-07 1.03523e-06 
123
0
-3.67738
0.000249836
0.871329 -1.78555e-05 1.70911e-08 -1.78555e-05 0.996877 -8.1553e-07 1.70911e-08 -8.1553e-07 1.03523e-06 
124
0
-3.70959
-0.000322853
0.878349 -1.86879e-05 1.72533e-08 -1.86879e-05 1.00491 -8.15557e-07 1.72533e-08 -8.15557e-07 1.03523e-06 
125
0
-3.7423
-0.000571247
0.885369 -1.77145e-05 1.73717e-08 -1.77145e-05 1.01295 -8.15581e-07 1.73717e-08 -8.15581e-07 1.03523e-06 
126
0
-3.77501
-0.000529355
0.892389 -1.59408e-05 1.74948e-08 -1.59408e-05 1.02098 -8.15604e-07 1.74948e-08 -8.15604e-07 1.03523e-06 
127
0
-3.80712
-0.000970226
0.899409 -1.42872e-05 1.7632e-08 -1.42872e-05 1.02902 -8.15627e-07 1.7632e-08 -8.15627e-07 1.03523e-06 
128
0
-3.84031
-0.000643357
0.906429 -1.11918e-05 1.77427e-08 -1.11918e-05 1.03705 -8.15649e-07 1.77427e-08 -8.15649e-07 1.03523e-06 
129
0
-3.87323
0.000101166
0.913449 -9.1391e-06 1.78913e-08 -9.1391e-06 1.04508 -8.15669e-07 1.78913e-08 -8.15669e-07 1.03523e-06 
130
0
-3.90531
-0.000194665
0.920469 -9.52028e-06 1.80747e-08 -9.52028e-06 1.05312 -8.1569e-07 1.80747e-08 -8.1569e-07 1.03523e-06 
131
0
-3.93798
4.57082e-06
0.927489 -8.92295e-06 1.82127e-08 -8.92295e-06 1.06115 -8.15711e-07 1.82127e-08 -8.15711e-07 1.03523e-06 
132
0
-3.97063
-0.000173077
0.934509 -8.98647e-06 1.83693e-08 -8.98647e-06 1.06919 -8.15728e-07 1.83693e-08 -8.15728e-07 1.03523e-06 
133
0
-4.00347
0.000683908
0.941529 -8.45196e-06 1.85105e-08 -8.45196e-06 1.07722 -8.15744e-07 1.85105e-08 -8.15744e-07 1.03523e-06 
134
0
-4.03539
-0.000115067
0.948549 -1.08203e-05 1.87066e-08 -1.08203e-05 1.08526 -8.15757e-07 1.87066e-08 -8.15757e-07 1.03523e-06 
135
0
-4.06717
-0.000864843
0.955569 -1.04753e-05 1.88263e-08 -1.04753e-05 1.09329 -8.15771e-07 1.88263e-08 -8.15771e-07 1.03523e-06 
136
0
-4.10016
-0.000557077
0.962589 -7.54576e-06 1.8923e-08 -7.54576e-06 1.10133 -8.15784e-07 1.8923e-08 -8.15784e-07 1.03523e-06 
137
0
-4.13249
-0.000597445
0.969609 -5.66183e-06 1.90703e-08 -5.66183e-06 1.10936 -8.15797e-07 1.90703e-08 -8.15797e-07 1.03523e-06 
138
0
-4.16556
5.95751e-05
0.976629 -3.62272e-06 1.92089e-08 -3.62272e-06 1.1174 -8.1581e-07 1.92089e-08 -8.1581e-07 1.03523e-06 
139
0
-4.19872
0.000593395
0.983649 -3.88067e-06 1.93887e-08 -3.88067e-06 1.12543 -8.15823e-07 1.93887e-08 -8.15823e-07 1.03523e-06 
140
0
-4.23035
-0.000228078
0.990669 -6.0323e-06 1.9579e-08 -6.0323e-06 1.13347 -8.15836e-07 1.9579e-08 -8.15836e-07 1.03523e-06 
141
0
-4.26383
0.000443463
0.997689 -5.26634e-06 1.96951e-08 -5.26634e-06 1.1415 -8.15849e-07 1.96951e-08 -8.15849e-07 1.03523e-06 
142
0
-4.29648
7.57435e-05
1.00471 -6.90903e-06 1.9879e-08 -6.90903e-06 1.14954 -8.15862e-07 1.9879e-08 -8.15862e-07 1.03523e-06 
143
0
-4.32846
-0.0003103
1.01173 -7.23156e-06 2.00216e-08 -7.23156e-06 1.15757 -8.15874e-07 2.00216e-08 -8.15874e-07 1.03523e-06 
144
0
-4.3607
-0.00119922
1.01875 -6.1485e-06 2.01477e-08 -6.1485e-06 1.16561 -8.15886e-07 2.01477e-08 -8.15886e-07 1.03523e-06 
145
0
-4.39418
-0.000317148
1.02577 -1.79397e-06 2.02375e-08 -1.79397e-06 1.17364 -8.15897e-07 2.02375e-08 -8.15897e-07 1.03523e-06 
146
0
-4.42694
-0.000369125
1.03279 -6.69904e-07 2.04146e-08 -6.69904e-07 1.18167 -8.15908e-07 2.04146e-08 -8.15908e-07 1.03523e-06 
147
0
-4.45918
-0.000679493
1.03981 6.55687e-07 2.05641e-08 6.55687e-07 1.18971 -8.15919e-07 2.05641e-08 -8.15919e-07 1.03523e-06 
148
0
-4.49228
-0.000121309
1.04683 3.15375e-06 2.06914e-08 3.15375e-06 1.19774 -8.15928e-07 2.06914e-08 -8.15928e-07 1.03523e-06 
149
0
-4.52527
0.000224195
1.05385 3.56307e-06 2.08637e-08 3.56307e-06 1.20578 -8.15937e-07 2.08637e-08 -8.15937e-07 1.03523e-06 
150
0
-4.55819
0.000227638
1.06087 2.66316e-06 2.10398e-08 2.66316e-06 1.21381 -8.15948e-07 2.10398e-08 -8.15948e-07 1.03523e-06 
151
0
-4.59044
-0.000556148
1.06789 1.7444e-06 2.12017e-08 1.7444e-06 1.22185 -8.15959e-07 2.12017e-08 -8.15959e-07 1.03523e-06 
152
0
-4.62382
8.14551e-05
1.07491 3.83664e-06 2.13132e-08 3.83664e-06 1.22988 -8.1597e-07 2.13132e-08 -8.1597e-07 1.03523e-06 
153
0
-4.65727
0.00107449
1.08193 3.47266e-06 2.14903e-08 3.47266e-06 1.23792 -8.15977e-07 2.14903e-08 -8.15977e-07 1.03523e-06 
154
0
-4.68937
0.000505253
1.08895 -7.65946e-07 2.1709e-08 -7.65946e-07 1.24595 -8.15985e-07 2.1709e-08 -8.15985e-07 1.03523e-06 
155
0
-4.72182
0.000299375
1.09597 -2.79748e-06 2.18544e-08 -2.79748e-06 1.25399 -8.15993e-07 2.18544e-08 -8.15993e-07 1.03523e-06 
156
0
-4.7549
0.000910125
1.10299 -4.02854e-06 2.20002e-08 -4.02854e-06 1.26202 -8.16e-07 2.20002e-08 -8.16e-07 1.03523e-06 
157
0
-4.78692
9.74614e-05
1.11001 -7.69545e-06 2.21919e-08 -7.69545e-06 1.27006 -8.16008e-07 2.21919e-08 -8.16008e-07 1.03523e-06 
158
0
-4.8195
-0.000397815
1.11703 -8.13383e-06 2.23144e-08 -8.13383e-06 1.27809 -8.16017e-07 2.23144e-08 -8.16017e-07 1.03523e-06 
159
0
-4.85293
0.000563616
1.12405 -6.58046e-06 2.24329e-08 -6.58046e-06 1.28613 -8.16027e-07 2.24329e-08 -8.16027e-07 1.03523e-06 
160
0
-4.88578
0.000247672
1.13107 -8.91267e-06 2.26302e-08 -8.91267e-06 1.29416 -8.16037e-07 2.26302e-08 -8.16037e-07 1.03523e-06 
161
0
-4.91847
0.000196705
1.13809 -9.97097e-06 2.27798e-08 -9.97097e-06 1.30219 -8.16046e-07 2.27798e-08 -8.16046e-07 1.03523e-06 
162
0
-4.95135
0.00047784
1.14511 -1.08265e-05 2.29308e-08 -1.08265e-05 1.31023 -8.16056e-07 2.29308e-08 -8.16056e-07 1.03523e-06 
163
0
-4.98454
0.00116797
1.15213 -1.28475e-05 2.31008e-08 -1.28475e-05 1.31826 -8.16063e-07 2.31008e-08 -8.16063e-07 1.03523e-06 
164
0
-5.01667
0.00094064
1.15915 -1.77471e-05 2.33028e-08 -1.77471e-05 1.3263 -8.16072e-07 2.33028e-08 -8.16072e-07 1.03523e-06 
165
0
-5.04833
-0.000584834
1.16617 -2.17263e-05 2.34633e-08 -2.17263e-05 1.33433 -8.1608e-07 2.34633e-08 -8.1608e-07 1.03523e-06 
166
0
-5.08143
-0.000173936
1.17319 -1.93161e-05 2.35362e-08 -1.93161e-05 1.34237 -8.16089e-07 2.35362e-08 -8.16089e-07 1.03523e-06 
167
0
-5.11343
-0.000636315
1.18021 -1.8629e-05 2.36879e-08 -1.8629e-05 1.3504 -8.16098e-07 2.36879e-08 -8.16098e-07 1.03523e-06 
168
0
-5.14643
-0.000322256
1.18723 -1.59702e-05 2.3805e-08 -1.59702e-05 1.35844 -8.16104e-07 2.3805e-08 -8.16104e-07 1.03523e-06 
169
0
-5.17998
0.000917991
1.19425 -1.46395e-05 2.39582e-08 -1.46395e-05 1.36647 -8.16111e-07 2.39582e-08 -8.16111e-07 1.03523e-06 
170
0
-5.21233
0.000299628
1.20127 -1.86407e-05 2.41779e-08 -1.86407e-05 1.37451 -8.16118e-07 2.41779e-08 -8.16118e-07 1.03523e-06 
171
0
-5.24441
-0.000881675
1.20829 -1.99869e-05 2.43163e-08 -1.99869e-05 1.38254 -8.16126e-07 2.43163e-08 -8.16126e-07 1.03523e-06 
172
0
-5.27782
-0.000826156
1.21531 -1.61947e-05 2.43976e-08 -1.61947e-05 1.39058 -8.16134e-07 2.43976e-08 -8.16134e-07 1.03523e-06 
173
0
-5.31118
-3.4613e-05
1.22233 -1.26235e-05 2.4528e-08 -1.26235e-05 1.39861 -8.16142e-07 2.4528e-08 -8.16142e-07 1.03523e-06 
174
0
-5.3433
-0.000577035
1.22935 -1.25196e-05 2.47102e-08 -1.25196e-05 1.40665 -8.16149e-07 2.47102e-08 -8.16149e-07 1.03523e-06 
175
0
-5.37595
-0.000619751
1.23637 -1.00107e-05 2.48321e-08 -1.00107e-05 1.41468 -8.16157e-07 2.48321e-08 -8.16157e-07 1.03523e-06 
176
0
-5.4082
-0.000829258
1.24339 -7.29665e-06 2.49666e-08 -7.29665e-06 1.42271 -8.16165e-07 2.49666e-08 -8.16165e-07 1.03523e-06 
177
0
-5.44156
-0.000167937
1.25041 -3.62768e-06 2.50918e-08 -3.62768e-06 1.43075 -8.16171e-07 2.50918e-08 -8.16171e-07 1.03523e-06 
178
0
-5.47373
-0.000710676
1.25743 -2.91927e-06 2.52673e-08 -2.91927e-06 1.43878 -8.1618e-07 2.52673e-08 -8.1618e-07 1.03523e-06 
179
0
-5.50556
-0.000730972
1.26445 2.54131e-07 2.53879e-08 2.54131e-07 1.44682 -8.16186e-07 2.53879e-08 -8.16186e-07 1.03523e-06 
180
0
-5.5386
0.000134958
1.27147 3.53808e-06 2.55198e-08 3.53808e-06 1.45485 -8.1619e-07 2.55198e-08 -8.1619e-07 1.03523e-06 
181
0
-5.57188
0.000502395
1.27849 2.87061e-06 2.57094e-08 2.87061e-06 1.46289 -8.16195e-07 2.57094e-08 -8.16195e-07 1.03523e-06 
182
0
-5.6041
0.000329849
1.28551 5.05849e-07 2.58946e-08 5.05849e-07 1.47092 -8.16201e-07 2.58946e-08 -8.16201e-07 1.03523e-06 
183
0
-5.6371
-2.93039e-05
1.29253 -1.07183e-06 2.6049e-08 -1.07183e-06 1.47896 -8.16207e-07 2.6049e-08 -8.16207e-07 1.03523e-06 
184
0
-5.66966
-0.000275956
1.29955 -9.83996e-07 2.61878e-08 -9.83996e-07 1.48699 -8.16213e-07 2.61878e-08 -8.16213e-07 1.03523e-06 
185
0
-5.70233
-0.000538685
1.30657 2.60398e-07 2.63229e-08 2.60398e-07 1.49503 -8.16219e-07 2.63229e-08 -8.16219e-07 1.03523e-06 
186
0
-5.73576
0.000717479
1.31359 2.7496e-06 2.64533e-08 2.7496e-06 1.50306 -8.16225e-07 2.64533e-08 -8.16225e-07 1.03523e-06 
187
0
-5.76891
0.00106993
1.32061 -6.97756e-07 2.66692e-08 -6.97756e-07 1.5111 -8.16231e-07 2.66692e-08 -8.16231e-07 1.03523e-06 
188
0
-5.80101
8.276e-05
1.32763 -5.84174e-06 2.68657e-08 -5.84174e-06 1.51913 -8.16238e-07 2.68657e-08 -8.16238e-07 1.03523e-06 
189
0
-5.83398
0.000127869
1.33465 -6.28673e-06 2.69824e-08 -6.28673e-06 1.52717 -8.16245e-07 2.69824e-08 -8.16245e-07 1.03523e-06 
190
0
-5.86669
-4.5874e-05
1.34167 -6.95097e-06 2.71329e-08 -6.95097e-06 1.5352 -8.16251e-07 2.71329e-08 -8.16251e-07 1.03523e-06 
191
0
-5.89978
-2.60512e-05
1.34869 -6.77786e-06 2.72761e-08 -6.77786e-06 1.54323 -8.16259e-07 2.72761e-08 -8.16259e-07 1.03523e-06 
192
0
-5.93183
-0.000902379
1.35571 -6.70001e-06 2.7428e-08 -6.70001e-06 1.55127 -8.16265e-07 2.7428e-08 -8.16265e-07 1.03523e-06 
193
0
-5.96465
-0.000437224
1.36273 -2.33715e-06 2.75261e-08 -2.33715e-06 1.5593 -8.16272e-07 2.75261e-08 -8.16272e-07 1.03523e-06 
194
0
-5.99739
-0.000990247
1.36975 -2.3737e-07 2.76821e-08 -2.3737e-07 1.56734 -8.16277e-07 2.76821e-08 -8.16277e-07 1.03523e-06 
195
0
-6.02924
-0.00153168
1.37677 4.60528e-06 2.77968e-08 4.60528e-06 1.57537 -8.16283e-07 2.77968e-08 -8.16283e-07 1.03523e-06 
196
0
-6.06287
-0.000300295
1.38379 1.21613e-05 2.78937e-08 1.21613e-05 1.58341 -8.16289e-07 2.78937e-08 -8.16289e-07 1.03523e-06 
197
0
-6.09631
0.000357962
1.39081 1.3611e-05 2.8089e-08 1.3611e-05 1.59144 -8.16293e-07 2.8089e-08 -8.16293e-07 1.03523e-06 
198
0
-6.12889
0.000113084
1.39783 1.17665e-05 2.82866e-08 1.17665e-05 1.59948 -8.16299e-07 2.82866e-08 -8.16299e-07 1.03523e-06 
199
0
-6.16191
0.000448234
1.40485 1.11475e-05 2.84392e-08 1.11475e-05 1.60751 -8.16307e-07 2.84392e-08 -8.16307e-07 1.03523e-06 
200
0
-6.19415
-0.00064664
1.41187 8.82761e-06 2.86152e-08 8.82761e-06 1.61555 -8.16315e-07 2.86152e-08 -8.16315e-07 1.03523e-06 
201
0
-6.22736
0.000428732
1.41889 1.20713e-05 2.87149e-08 1.20713e-05 1.62358 -8.16323e-07 2.87149e-08 -8.16323e-07 1.03523e-06 
202
0
-6.25899
-0.000501265
1.42591 9.82839e-06 2.89132e-08 9.82839e-06 1.63162 -8.16328e-07 2.89132e-08 -8.16328e-07 1.03523e-06 
203
0
-6.29081
-0.00102056
1.43293 1.23573e-05 2.90234e-08 1.23573e-05 1.63965 -8.16337e-07 2.90234e-08 -8.16337e-07 1.03523e-06 
204
0
-6.32303
-0.000594167
1.43995 1.75825e-05 2.91286e-08 1.75825e-05 1.64769 -8.16345e-07 2.91286e-08 -8.16345e-07 1.03523e-06 
205
0
-6.35604
-0.000192262
1.44697 2.06193e-05 2.92815e-08 2.06193e-05 1.65572 -8.16353e-07 2.92815e-08 -8.16353e-07 1.03523e-06 
206
0
-6.38925
-7.41042e-05
1.45399 2.15736e-05 2.94512e-08 2.15736e-05 1.66375 -8.16358e-07 2.94512e-08 -8.16358e-07 1.03523e-06 
207
0
-6.42194
-0.000213181
1.46101 2.19132e-05 2.96146e-08 2.19132e-05 1.67179 -8.16365e-07 2.96146e-08 -8.16365e-07 1.03523e-06 
208
0
-6.45498
0.000156147
1.46803 2.29875e-05 2.97617e-08 2.29875e-05 1.67982 -8.16372e-07 2.97617e-08 -8.16372e-07 1.03523e-06 
209
0
-6.48684
-0.000523094
1.47505 2.21116e-05 2.99346e-08 2.21116e-05 1.68786 -8.16379e-07 2.99346e-08 -8.16379e-07 1.03523e-06 
210
0
-6.52028
7.80063e-05
1.48207 2.48456e-05 3.00524e-08 2.48456e-05 1.69589 -8.16386e-07 3.00524e-08 -8.16386e-07 1.03523e-06 
211
0
-6.55242
-0.000955603
1.48909 2.43795e-05 3.02303e-08 2.43795e-05 1.70393 -8.16392e-07 3.02303e-08 -8.16392e-07 1.03523e-06 
212
0
-6.58577
-3.29198e-05
1.49611 2.94629e-05 3.03287e-08 2.94629e-05 1.71196 -8.16399e-07 3.03287e-08 -8.16399e-07 1.03523e-06 
213
0
-6.61862
0.000233625
1.50313 2.95914e-05 3.05151e-08 2.95914e-05 1.72 -8.16405e-07 3.05151e-08 -8.16405e-07 1.03523e-06 
214
0
-6.65159
0.000538494
1.51015 2.82756e-05 3.0691e-08 2.82756e-05 1.72803 -8.16413e-07 3.0691e-08 -8.16413e-07 1.03523e-06 
215
0
-6.68328
-0.000226394
1.51717 2.52933e-05 3.08716e-08 2.52933e-05 1.73607 -8.1642e-07 3.08716e-08 -8.1642e-07 1.03523e-06 
216
0
-6.71611
4.62876e-05
1.52419 2.64831e-05 3.09907e-08 2.64831e-05 1.7441 -8.16425e-07 3.09907e-08 -8.16425e-07 1.03523e-06 
217
0
-6.74861
-0.000390873
1.53121 2.61794e-05 3.11516e-08 2.61794e-05 1.75214 -8.16431e-07 3.11516e-08 -8.16431e-07 1.03523e-06 
218
0
-6.78095
-0.00109285
1.53823 2.82891e-05 3.12817e-08 2.82891e-05 1.76017 -8.16437e-07 3.12817e-08 -8.16437e-07 1.03523e-06 
219
0
-6.81369
-0.000608151
1.54525 3.43036e-05 3.13841e-08 3.43036e-05 1.76821 -8.16442e-07 3.13841e-08 -8.16442e-07 1.03523e-06 
220
0
-6.84663
-0.000412041
1.55227 3.76441e-05 3.15412e-08 3.76441e-05 1.77624 -8.16449e-07 3.15412e-08 -8.16449e-07 1.03523e-06 
221
0
-6.87941
-0.000640726
1.55929 3.9902e-05 3.16997e-08 3.9902e-05 1.78427 -8.16456e-07 3.16997e-08 -8.16456e-07 1.03523e-06 
222
0
-6.91228
-0.000343517
1.56631 4.34566e-05 3.18366e-08 4.34566e-05 1.79231 -8.16463e-07 3.18366e-08 -8.16463e-07 1.03523e-06 
223
0
-6.94453
-0.000344818
1.57333 4.53482e-05 3.19971e-08 4.53482e-05 1.80034 -8.16471e-07 3.19971e-08 -8.16471e-07 1.03523e-06 
224
0
-6.97784
0.000224218
1.58035 4.72559e-05 3.21467e-08 4.72559e-05 1.80838 -8.16478e-07 3.21467e-08 -8.16478e-07 1.03523e-06 
225
0
-7.01001
0.000232984
1.58737 4.59284e-05 3.23314e-08 4.59284e-05 1.81641 -8.16483e-07 3.23314e-08 -8.16483e-07 1.03523e-06 
226
0
-7.04214
-0.000644251
1.59439 4.4545e-05 3.24939e-08 4.4545e-05 1.82445 -8.1649e-07 3.24939e-08 -8.1649e-07 1.03523e-06 
227
0
-7.07471
-0.000402288
1.60141 4.82011e-05 3.26015e-08 4.82011e-05 1.83248 -8.16497e-07 3.26015e-08 -8.16497e-07 1.03523e-06 
228
0
-7.10768
0.000274731
1.60843 5.04757e-05 3.27524e-08 5.04757e-05 1.84052 -8.16503e-07 3.27524e-08 -8.16503e-07 1.03523e-06 
229
0
-7.14027
-0.000154315
1.61545 4.88323e-05 3.2941e-08 4.88323e-05 1.84855 -8.16509e-07 3.2941e-08 -8.16509e-07 1.03523e-06 
230
0
-7.17255
-0.000144958
1.62247 4.96822e-05 3.30813e-08 4.96822e-05 1.85659 -8.16516e-07 3.30813e-08 -8.16516e-07 1.03523e-06 
231
0
-7.20476
-0.000349813
1.62949 5.04813e-05 3.32305e-08 5.04813e-05 1.86462 -8.16522e-07 3.32305e-08 -8.16522e-07 1.03523e-06 
232
0
-7.23756
-0.00013213
1.63651 5.24882e-05 3.33687e-08 5.24882e-05 1.87266 -8.16529e-07 3.33687e-08 -8.16529e-07 1.03523e-06 
233
0
-7.27145
0.00090977
1.64353 5.32189e-05 3.35286e-08 5.32189e-05 1.88069 -8.16535e-07 3.35286e-08 -8.16535e-07 1.03523e-06 
234
0
-7.30346
6.37457e-06
1.65055 4.77754e-05 3.37472e-08 4.77754e-05 1.88873 -8.16541e-07 3.37472e-08 -8.16541e-07 1.03523e-06 
235
0
-7.33673
0.00065072
1.65757 4.7688e-05 3.38719e-08 4.7688e-05 1.89676 -8.16547e-07 3.38719e-08 -8.16547e-07 1.03523e-06 
236
0
-7.36889
0.00014315
1.66459 4.37474e-05 3.40602e-08 4.37474e-05 1.90479 -8.16553e-07 3.40602e-08 -8.16553e-07 1.03523e-06 
237
0
-7.40165
0.000181278
1.67161 4.28384e-05 3.41983e-08 4.28384e-05 1.91283 -8.16561e-07 3.41983e-08 -8.16561e-07 1.03523e-06 
238
0
-7.43352
-0.000423424
1.67863 4.16957e-05 3.43535e-08 4.16957e-05 1.92086 -8.16569e-07 3.43535e-08 -8.16569e-07 1.03523e-06 
239
0
-7.46619
-0.000127235
1.68565 4.42103e-05 3.44714e-08 4.42103e-05 1.9289 -8.16579e-07 3.44714e-08 -8.16579e-07 1.03523e-06 
240
0
-7.4981
-0.00104123
1.69267 4.49345e-05 3.46288e-08 4.49345e-05 1.93693 -8.16585e-07 3.46288e-08 -8.16585e-07 1.03523e-06 
241
0
-7.53244
0.000457274
1.69969 5.12433e-05 3.4725e-08 5.12433e-05 1.94497 -8.16592e-07 3.4725e-08 -8.16592e-07 1.03523e-06 
242
0
-7.56473
7.31335e-05
1.70671 4.83897e-05 3.49453e-08 4.83897e-05 1.953 -8.16596e-07 3.49453e-08 -8.16596e-07 1.03523e-06 
243
0
-7.59716
1.48443e-05
1.71373 4.78898e-05 3.50934e-08 4.78898e-05 1.96104 -8.16602e-07 3.50934e-08 -8.16602e-07 1.03523e-06 
244
0
-7.62999
-2.58322e-05
1.72075 4.77485e-05 3.52423e-08 4.77485e-05 1.96907 -8.16608e-07 3.52423e-08 -8.16608e-07 1.03523e-06 
245
0
-7.66165
-0.00147661
1.72777 4.78592e-05 3.5393e-08 4.78592e-05 1.97711 -8.16616e-07 3.5393e-08 -8.16616e-07 1.03523e-06 
246
0
-7.69457
-0.000565487
1.73479 5.70139e-05 3.54577e-08 5.70139e-05 1.98514 -8.16624e-07 3.54577e-08 -8.16624e-07 1.03523e-06 
247
0
-7.72638
-0.0015952
1.74181 6.05034e-05 3.56268e-08 6.05034e-05 1.99318 -8.16629e-07 3.56268e-08 -8.16629e-07 1.03523e-06 
248
0
-7.75906
-0.000789164
1.74883 7.04782e-05 3.57124e-08 7.04782e-05 2.00121 -8.16636e-07 3.57124e-08 -8.16636e-07 1.03523e-06 
249
0
-7.79237
-0.00033968
1.75585 7.54077e-05 3.58776e-08 7.54077e-05 2.00925 -8.16641e-07 3.58776e-08 -8.16641e-07 1.03523e-06 
250
0
-7.8253
-6.37251e-05
1.76287 7.75098e-05 3.60513e-08 7.75098e-05 2.01728 -8.16648e-07 3.60513e-08 -8.16648e-07 1.03523e-06 
251
0
-7.85797
0.000465501
1.76989 7.78653e-05 3.62221e-08 7.78653e-05 2.02531 -8.16655e-07 3.62221e-08 -8.16655e-07 1.03523e-06 
252
0
-7.89113
0.00053604
1.77691 7.48431e-05 3.64099e-08 7.48431e-05 2.03335 -8.16661e-07 3.64099e-08 -8.16661e-07 1.03523e-06 
253
0
-7.92334
-0.000407271
1.78393 7.13569e-05 3.65841e-08 7.13569e-05 2.04138 -8.16669e-07 3.65841e-08 -8.16669e-07 1.03523e-06 
254
0
-7.95641
-0.00032927
1.79095 7.39284e-05 3.66945e-08 7.39284e-05 2.04942 -8.16676e-07 3.66945e-08 -8.16676e-07 1.03523e-06 
255
0
-7.98941
3.70778e-05
1.79797 7.60063e-05 3.68417e-08 7.60063e-05 2.05745 -8.16682e-07 3.68417e-08 -8.16682e-07 1.03523e-06 
256
0
-8.02225
-5.93377e-05
1.80499 7.5716e-05 3.70126e-08 7.5716e-05 2.06549 -8.1669e-07 3.70126e-08 -8.1669e-07 1.03523e-06 
257
0
-8.05453
-0.000319925
1.81201 7.60526e-05 3.71659e-08 7.60526e-05 2.07352 -8.16695e-07 3.71659e-08 -8.16695e-07 1.03523e-06 
258
0
-8.08693
0.000178882
1.81903 7.80943e-05 3.7303e-08 7.80943e-05 2.08156 -8.16702e-07 3.7303e-08 -8.16702e-07 1.03523e-06 
259
0
-8.12018
0.000389281
1.82605 7.68705e-05 3.74773e-08 7.68705e-05 2.08959 -8.16707e-07 3.74773e-08 -8.16707e-07 1.03523e-06 
260
0
-8.15189
-0.000538561
1.83307 7.42558e-05 3.76523e-08 7.42558e-05 2.09763 -8.16712e-07 3.76523e-08 -8.16712e-07 1.03523e-06 
261
0
-8.18413
-0.000836714
1.84009 7.77679e-05 3.77588e-08 7.77679e-05 2.10566 -8.16719e-07 3.77588e-08 -8.16719e-07 1.03523e-06 
262
0
-8.21806
0.000142165
1.84711 8.32732e-05 3.78778e-08 8.32732e-05 2.1137 -8.16726e-07 3.78778e-08 -8.16726e-07 1.03523e-06 
263
0
-8.25151
0.000738414
1.85413 8.22757e-05 3.80747e-08 8.22757e-05 2.12173 -8.16731e-07 3.80747e-08 -8.16731e-07 1.03523e-06 
264
0
-8.28266
-0.000783484
1.86115 7.72858e-05 3.8276e-08 7.72858e-05 2.12977 -8.16738e-07 3.8276e-08 -8.16738e-07 1.03523e-06 
265
0
-8.31644
0.000846177
1.86817 8.24972e-05 3.83558e-08 8.24972e-05 2.1378 -8.16747e-07 3.83558e-08 -8.16747e-07 1.03523e-06 
266
0
-8.34758
-0.000309722
1.87519 7.67434e-05 3.85831e-08 7.67434e-05 2.14583 -8.16752e-07 3.85831e-08 -8.16752e-07 1.03523e-06 
267
0
-8.37991
-0.000933326
1.88221 7.8789e-05 3.86898e-08 7.8789e-05 2.15387 -8.16761e-07 3.86898e-08 -8.16761e-07 1.03523e-06 
268
0
-8.4132
-0.000552509
1.88923 8.50776e-05 3.87933e-08 8.50776e-05 2.1619 -8.16765e-07 3.87933e-08 -8.16765e-07 1.03523e-06 
269
0
-8.44618
8.01345e-05
1.89625 8.87939e-05 3.89487e-08 8.87939e-05 2.16994 -8.16772e-07 3.89487e-08 -8.16772e-07 1.03523e-06 
270
0
-8.47783
-0.0008012
1.90327 8.81955e-05 3.91323e-08 8.81955e-05 2.17797 -8.16777e-07 3.91323e-08 -8.16777e-07 1.03523e-06 
271
0
-8.51122
0.000235855
1.91029 9.36477e-05 3.92381e-08 9.36477e-05 2.18601 -8.16785e-07 3.92381e-08 -8.16785e-07 1.03523e-06 
272
0
-8.54362
0.000261242
1.91731 9.19719e-05 3.94345e-08 9.19719e-05 2.19404 -8.16791e-07 3.94345e-08 -8.16791e-07 1.03523e-06 
273
0
-8.57554
-2.27684e-05
1.92433 9.01145e-05 3.96001e-08 9.01145e-05 2.20208 -8.16799e-07 3.96001e-08 -8.16799e-07 1.03523e-06 
274
0
-8.60864
0.000605781
1.93135 9.02224e-05 3.97408e-08 9.02224e-05 2.21011 -8.16808e-07 3.97408e-08 -8.16808e-07 1.03523e-06 
275
0
-8.64136
0.000611905
1.93837 8.59506e-05 3.99298e-08 8.59506e-05 2.21815 -8.16816e-07 3.99298e-08 -8.16816e-07 1.03523e-06 
276
0
-8.67342
-0.000221417
1.94539 8.16205e-05 4.0099e-08 8.16205e-05 2.22618 -8.16824e-07 4.0099e-08 -8.16824e-07 1.03523e-06 
277
0
-8.70634
0.000493408
1.95241 8.31246e-05 4.02137e-08 8.31246e-05 2.23422 -8.16832e-07 4.02137e-08 -8.16832e-07 1.03523e-06 
278
0
-8.73836
-0.000146017
1.95943 7.95983e-05 4.03983e-08 7.95983e-05 2.24225 -8.16839e-07 4.03983e-08 -8.16839e-07 1.03523e-06 
279
0
-8.77086
-0.000209208
1.96645 8.05805e-05 4.05243e-08 8.05805e-05 2.25029 -8.16847e-07 4.05243e-08 -8.16847e-07 1.03523e-06 
280
0
-8.80327
-0.000877273
1.97347 8.20147e-05 4.06654e-08 8.20147e-05 2.25832 -8.16853e-07 4.06654e-08 -8.16853e-07 1.03523e-06 
281
0
-8.83728
0.000978123
1.98049 8.82116e-05 4.07732e-08 8.82116e-05 2.26635 -8.16859e-07 4.07732e-08 -8.16859e-07 1.03523e-06 
282
0
-8.86921
0.000133967
1.98751 8.11711e-05 4.10165e-08 8.11711e-05 2.27439 -8.16862e-07 4.10165e-08 -8.16862e-07 1.03523e-06 
283
0
-8.90284
0.00135887
1.99453 8.016e-05 4.11478e-08 8.016e-05 2.28242 -8.16871e-07 4.11478e-08 -8.16871e-07 1.03523e-06 
284
0
-8.93507
0.000973913
2.00155 7.03295e-05 4.13721e-08 7.03295e-05 2.29046 -8.16879e-07 4.13721e-08 -8.16879e-07 1.03523e-06 
285
0
-8.96764
0.00139835
2.00857 6.32449e-05 4.15324e-08 6.32449e-05 2.29849 -8.16886e-07 4.15324e-08 -8.16886e-07 1.03523e-06 
286
0
-9.00004
0.000702009
2.01559 5.30592e-05 4.17227e-08 5.30592e-05 2.30653 -8.16894e-07 4.17227e-08 -8.16894e-07 1.03523e-06 
287
0
-9.03232
9.42632e-05
2.02261 4.79028e-05 4.18589e-08 4.79028e-05 2.31456 -8.16901e-07 4.18589e-08 -8.16901e-07 1.03523e-06 
288
0
-9.06497
0.00031258
2.02963 4.71644e-05 4.19791e-08 4.71644e-05 2.3226 -8.16909e-07 4.19791e-08 -8.16909e-07 1.03523e-06 
289
0
-9.09741
0.000331868
2.03665 4.48245e-05 4.2136e-08 4.48245e-05 2.33063 -8.16917e-07 4.2136e-08 -8.16917e-07 1.03523e-06 
290
0
-9.1296
0.000318816
2.04367 4.23349e-05 4.22901e-08 4.23349e-05 2.33867 -8.16926e-07 4.22901e-08 -8.16926e-07 1.03523e-06 
291
0
-9.1628
0.00103566
2.05069 3.99331e-05 4.2441e-08 3.99331e-05 2.3467 -8.16935e-07 4.2441e-08 -8.16935e-07 1.03523e-06 
292
0
-9.19507
0.000262973
2.05771 3.22185e-05 4.26369e-08 3.22185e-05 2.35474 -8.16942e-07 4.26369e-08 -8.16942e-07 1.03523e-06 
293
0
-9.22739
-0.000894174
2.06473 3.02151e-05 4.27618e-08 3.02151e-05 2.36277 -8.16948e-07 4.27618e-08 -8.16948e-07 1.03523e-06 
294
0
-9.26129
0.00066253
2.07175 3.68269e-05 4.28407e-08 3.68269e-05 2.37081 -8.16955e-07 4.28407e-08 -8.16955e-07 1.03523e-06 
295
0
-9.29265
-0.000568977
2.07878 3.1823e-05 4.30566e-08 3.1823e-05 2.37884 -8.16959e-07 4.30566e-08 -8.16959e-07 1.03523e-06 
296
0
-9.32583
-0.000364747
2.0858 3.60406e-05 4.31496e-08 3.60406e-05 2.38688 -8.16968e-07 4.31496e-08 -8.16968e-07 1.03523e-06 
297
0
-9.35945
0.000817424
2.09282 3.87353e-05 4.32926e-08 3.87353e-05 2.39491 -8.16975e-07 4.32926e-08 -8.16975e-07 1.03523e-06 
298
0
-9.39134
0.000509864
2.09984 3.2511e-05 4.35055e-08 3.2511e-05 2.40294 -8.16983e-07 4.35055e-08 -8.16983e-07 1.03523e-06 
299
0
-9.42406
-0.000359943
2.10686 2.85967e-05 4.36559e-08 2.85967e-05 2.41098 -8.1699e-07 4.36559e-08 -8.1699e-07 1.03523e-06 
300
0
-9.45696
-3.92902e-06
2.11388 3.12826e-05 4.37616e-08 3.12826e-05 2.41901 -8.16998e-07 4.37616e-08 -8.16998e-07 1.03523e-06 
301
0
-9.49
-2.56376e-05
2.1209 3.12618e-05 4.39178e-08 3.12618e-05 2.42705 -8.17005e-07 4.39178e-08 -8.17005e-07 1.03523e-06 
302
0
-9.52304
0.000404875
2.12792 3.14072e-05 4.4067e-08 3.14072e-05 2.43508 -8.17011e-07 4.4067e-08 -8.17011e-07 1.03523e-06 
303
0
-9.55578
0.000646617
2.13494 2.82472e-05 4.42408e-08 2.82472e-05 2.44312 -8.17016e-07 4.42408e-08 -8.17016e-07 1.03523e-06 
304
0
-9.58713
-0.000789634
2.14196 2.32144e-05 4.44133e-08 2.32144e-05 2.45115 -8.17024e-07 4.44133e-08 -8.17024e-07 1.03523e-06 
305
0
-9.62075
0.000171794
2.14898 2.92674e-05 4.44872e-08 2.92674e-05 2.45919 -8.17033e-07 4.44872e-08 -8.17033e-07 1.03523e-06 
