0
0
0
0.000488093
0.00800061 -2.68385e-11 1.2769e-14 -2.68385e-11 0.00900061 -9.84301e-12 1.2769e-14 -9.84301e-12 1.24978e-06 
1
0
0
-0.00112045
0.0150026 -1.24854e-08 -1.22564e-11 -1.24854e-08 0.0170026 -6.44467e-09 -1.22564e-11 -6.44467e-09 1.03722e-06 
2
0
0
-0.00117468
0.0220062 4.27143e-08 -3.88227e-11 4.27143e-08 0.0250061 -1.73332e-08 -3.88227e-11 -1.73332e-08 1.03685e-06 
3
0
0
-0.000385818
0.0290117 1.29023e-07 -6.12256e-11 1.29023e-07 0.0330113 -3.1146e-08 -6.12256e-11 -3.1146e-08 1.03711e-06 
4
0
0
0.000309381
0.036019 1.64431e-07 -6.95507e-11 1.64431e-07 0.0410185 -4.77364e-08 -6.95507e-11 -4.77364e-08 1.03672e-06 
5
0
0
-0.00057775
0.043028 1.20818e-07 -6.49623e-11 1.20818e-07 0.0490275 -6.68839e-08 -6.49623e-11 -6.68839e-08 1.03632e-06 
6
0
0
-0.000634629
0.0500387 2.00432e-07 -7.12844e-11 2.00432e-07 0.0570384 -8.82415e-08 -7.12844e-11 -8.82415e-08 1.03601e-06 
7
0
-0.0536992
-0.000751355
0.0570507 3.02111e-07 -6.03574e-11 3.02111e-07 0.0650513 -1.11423e-07 -6.03574e-11 -1.11423e-07 1.03577e-06 
8
0
-0.0685936
-0.000668121
0.0640641 4.40526e-07 -3.76537e-11 4.40526e-07 0.0730661 -1.36043e-07 -3.76537e-11 -1.36043e-07 1.03559e-06 
9
0
-0.085337
-0.00078089
0.0710785 5.76453e-07 1.34467e-12 5.76453e-07 0.0810826 -1.61739e-07 1.34467e-12 -1.61739e-07 1.03545e-06 
10
0
-0.103917
0.000361164
0.0780938 7.54756e-07 4.95309e-11 7.54756e-07 0.0891008 -1.88175e-07 4.95309e-11 -1.88175e-07 1.03535e-06 
11
0
-0.123596
-0.000131528
0.0851099 6.3578e-07 1.45822e-10 6.3578e-07 0.0971206 -2.15045e-07 1.45822e-10 -2.15045e-07 1.03528e-06 
12
0
-0.144691
-0.000275079
0.0921267 6.53219e-07 2.16699e-10 6.53219e-07 0.105142 -2.42081e-07 2.16699e-10 -2.42081e-07 1.03523e-06 
13
0
-0.167481
-5.35831e-05
0.099144 7.18335e-07 2.99715e-10 7.18335e-07 0.113165 -2.69045e-07 2.99715e-10 -2.69045e-07 1.03519e-06 
14
0
-0.19115
0.000342542
0.106162 7.10513e-07 4.06265e-10 7.10513e-07 0.121188 -2.95735e-07 4.06265e-10 -2.95735e-07 1.03517e-06 
15
0
-0.215769
-0.000625023
0.11318 5.53131e-07 5.31553e-10 5.53131e-07 0.129214 -3.21981e-07 5.31553e-10 -3.21981e-07 1.03515e-06 
16
0
-0.241083
-0.000955426
0.120198 7.73149e-07 6.17547e-10 7.73149e-07 0.13724 -3.47643e-07 6.17547e-10 -3.47643e-07 1.03515e-06 
17
0
-0.267639
-0.00011637
0.127217 1.14804e-06 7.1828e-10 1.14804e-06 0.145267 -3.7261e-07 7.1828e-10 -3.7261e-07 1.03514e-06 
18
0
-0.294951
-8.7147e-06
0.134236 1.1668e-06 8.7318e-10 1.1668e-06 0.153294 -3.96795e-07 8.7318e-10 -3.96795e-07 1.03514e-06 
19
0
-0.322288
-0.00140418
0.141255 1.13577e-06 1.01871e-09 1.13577e-06 0.161323 -4.20132e-07 1.01871e-09 -4.20132e-07 1.03514e-06 
20
0
-0.350884
-0.000931867
0.148274 1.80395e-06 1.09953e-09 1.80395e-06 0.169352 -4.42573e-07 1.09953e-09 -4.42573e-07 1.03515e-06 
21
0
-0.379871
3.96764e-05
0.155293 2.25759e-06 1.2444e-09 2.25759e-06 0.177382 -4.64087e-07 1.2444e-09 -4.64087e-07 1.03515e-06 
22
0
-0.408939
-0.000506464
0.162313 2.19719e-06 1.43005e-09 2.19719e-06 0.185412 -4.84657e-07 1.43005e-09 -4.84657e-07 1.03515e-06 
23
0
-0.438427
-0.000626454
0.169332 2.45029e-06 1.56309e-09 2.45029e-06 0.193443 -5.04279e-07 1.56309e-09 -5.04279e-07 1.03516e-06 
24
0
-0.468401
-0.000663179
0.176352 2.78772e-06 1.70337e-09 2.78772e-06 0.201475 -5.22952e-07 1.70337e-09 -5.22952e-07 1.03517e-06 
25
0
-0.498555
-0.000950471
0.183371 3.16336e-06 1.8497e-09 3.16336e-06 0.209506 -5.40694e-07 1.8497e-09 -5.40694e-07 1.03517e-06 
26
0
-0.529208
-0.000839091
0.190391 3.74288e-06 1.98525e-09 3.74288e-06 0.217538 -5.57522e-07 1.98525e-09 -5.57522e-07 1.03518e-06 
27
0
-0.560236
-0.000629958
0.197411 4.2703e-06 2.13736e-09 4.2703e-06 0.22557 -5.73455e-07 2.13736e-09 -5.73455e-07 1.03518e-06 
28
0
-0.592144
0.00017542
0.20443 4.67121e-06 2.29991e-09 4.67121e-06 0.233603 -5.88523e-07 2.29991e-09 -5.88523e-07 1.03519e-06 
29
0
-0.623415
-0.000185215
0.21145 4.50015e-06 2.50015e-09 4.50015e-06 0.241636 -6.02754e-07 2.50015e-09 -6.02754e-07 1.03519e-06 
30
0
-0.655656
0.000430927
0.21847 4.59638e-06 2.65409e-09 4.59638e-06 0.249669 -6.16182e-07 2.65409e-09 -6.16182e-07 1.03519e-06 
31
0
-0.686681
-0.000646599
0.22549 4.21626e-06 2.84948e-09 4.21626e-06 0.257702 -6.28835e-07 2.84948e-09 -6.28835e-07 1.0352e-06 
32
0
-0.719706
0.00101743
0.23251 4.69267e-06 2.96628e-09 4.69267e-06 0.265735 -6.40749e-07 2.96628e-09 -6.40749e-07 1.0352e-06 
33
0
-0.7511
0.0003345
0.23953 3.8028e-06 3.20719e-09 3.8028e-06 0.273769 -6.5196e-07 3.20719e-09 -6.5196e-07 1.0352e-06 
34
0
-0.782526
-0.000858236
0.24655 3.47145e-06 3.35954e-09 3.47145e-06 0.281802 -6.62499e-07 3.35954e-09 -6.62499e-07 1.03521e-06 
35
0
-0.815675
8.4598e-05
0.253569 4.18263e-06 3.46036e-09 4.18263e-06 0.289836 -6.72402e-07 3.46036e-09 -6.72402e-07 1.03521e-06 
36
0
-0.847604
1.04206e-06
0.260589 4.06043e-06 3.65739e-09 4.06043e-06 0.29787 -6.81698e-07 3.65739e-09 -6.81698e-07 1.03521e-06 
37
0
-0.880214
0.000523173
0.267609 4.01378e-06 3.82282e-09 4.01378e-06 0.305903 -6.90421e-07 3.82282e-09 -6.90421e-07 1.03521e-06 
38
0
-0.912404
-4.09861e-05
0.274629 3.46701e-06 4.01652e-09 3.46701e-06 0.313937 -6.98602e-07 4.01652e-09 -6.98602e-07 1.03521e-06 
39
0
-0.943894
-0.00119427
0.281649 3.46123e-06 4.16081e-09 3.46123e-06 0.321971 -7.06274e-07 4.16081e-09 -7.06274e-07 1.03522e-06 
40
0
-0.976681
-0.000225845
0.288669 4.61901e-06 4.25362e-09 4.61901e-06 0.330005 -7.13462e-07 4.25362e-09 -7.13462e-07 1.03522e-06 
41
0
-1.00858
-0.000921869
0.295689 4.80611e-06 4.44288e-09 4.80611e-06 0.33804 -7.20195e-07 4.44288e-09 -7.20195e-07 1.03522e-06 
42
0
-1.04206
-9.20248e-05
0.302709 5.7358e-06 4.56684e-09 5.7358e-06 0.346074 -7.26499e-07 4.56684e-09 -7.26499e-07 1.03522e-06 
43
0
-1.0748
2.43336e-06
0.309729 5.78907e-06 4.76011e-09 5.78907e-06 0.354108 -7.32399e-07 4.76011e-09 -7.32399e-07 1.03522e-06 
44
0
-1.10741
0.000981625
0.316749 5.73979e-06 4.93287e-09 5.73979e-06 0.362142 -7.37919e-07 4.93287e-09 -7.37919e-07 1.03522e-06 
45
0
-1.13945
-0.000451126
0.323769 4.57907e-06 5.1513e-09 4.57907e-06 0.370177 -7.43083e-07 5.1513e-09 -7.43083e-07 1.03522e-06 
46
0
-1.17254
7.912e-05
0.330789 5.05571e-06 5.25447e-09 5.05571e-06 0.378211 -7.47912e-07 5.25447e-09 -7.47912e-07 1.03522e-06 
47
0
-1.20431
-0.000891844
0.337809 4.91504e-06 5.43055e-09 4.91504e-06 0.386245 -7.52428e-07 5.43055e-09 -7.52428e-07 1.03522e-06 
48
0
-1.23793
0.000606427
0.344829 5.9481e-06 5.53729e-09 5.9481e-06 0.39428 -7.56649e-07 5.53729e-09 -7.56649e-07 1.03522e-06 
49
0
-1.2708
-5.27778e-05
0.351849 5.15136e-06 5.76351e-09 5.15136e-06 0.402314 -7.60594e-07 5.76351e-09 -7.60594e-07 1.03522e-06 
50
0
-1.3035
-0.000188027
0.358869 5.17091e-06 5.90741e-09 5.17091e-06 0.410349 -7.64278e-07 5.90741e-09 -7.64278e-07 1.03522e-06 
51
0
-1.33584
-0.000145709
0.365889 5.3658e-06 6.05595e-09 5.3658e-06 0.418383 -7.67721e-07 6.05595e-09 -7.67721e-07 1.03522e-06 
52
0
-1.36899
0.000445896
0.372909 5.50988e-06 6.21154e-09 5.50988e-06 0.426418 -7.70938e-07 6.21154e-09 -7.70938e-07 1.03522e-06 
53
0
-1.40144
0.000411759
0.379929 4.86617e-06 6.40283e-09 4.86617e-06 0.434452 -7.7394e-07 6.40283e-09 -7.7394e-07 1.03522e-06 
54
0
-1.43358
-0.000212005
0.386949 4.25766e-06 6.57022e-09 4.25766e-06 0.442487 -7.76744e-07 6.57022e-09 -7.76744e-07 1.03522e-06 
55
0
-1.46625
-0.000433125
0.393969 4.50474e-06 6.69796e-09 4.50474e-06 0.450521 -7.79362e-07 6.69796e-09 -7.79362e-07 1.03522e-06 
56
0
-1.49856
-0.00105273
0.400989 5.06979e-06 6.83433e-09 5.06979e-06 0.458556 -7.81807e-07 6.83433e-09 -7.81807e-07 1.03522e-06 
57
0
-1.53185
1.84827e-05
0.408009 6.53753e-06 6.94494e-09 6.53753e-06 0.46659 -7.84088e-07 6.94494e-09 -7.84088e-07 1.03523e-06 
58
0
-1.56406
-0.000681869
0.415029 6.46306e-06 7.14184e-09 6.46306e-06 0.474625 -7.86215e-07 7.14184e-09 -7.86215e-07 1.03523e-06 
59
0
-1.59734
1.77375e-05
0.422049 7.43161e-06 7.26458e-09 7.43161e-06 0.482659 -7.88201e-07 7.26458e-09 -7.88201e-07 1.03523e-06 
60
0
-1.63019
0.000352785
0.429069 7.3573e-06 7.44789e-09 7.3573e-06 0.490694 -7.90054e-07 7.44789e-09 -7.90054e-07 1.03523e-06 
61
0
-1.66249
-8.52048e-05
0.436089 6.76634e-06 7.6294e-09 6.76634e-06 0.498728 -7.91781e-07 7.6294e-09 -7.91781e-07 1.03523e-06 
62
0
-1.69498
-0.000315305
0.443109 6.85232e-06 7.76904e-09 6.85232e-06 0.506763 -7.93392e-07 7.76904e-09 -7.93392e-07 1.03523e-06 
63
0
-1.72821
0.000335187
0.450129 7.30661e-06 7.90733e-09 7.30661e-06 0.514798 -7.94896e-07 7.90733e-09 -7.94896e-07 1.03523e-06 
64
0
-1.76172
0.000737788
0.457149 6.71718e-06 8.09485e-09 6.71718e-06 0.522832 -7.96298e-07 8.09485e-09 -7.96298e-07 1.03523e-06 
65
0
-1.794
0.000401778
0.464169 5.45811e-06 8.28721e-09 5.45811e-06 0.530867 -7.97606e-07 8.28721e-09 -7.97606e-07 1.03523e-06 
66
0
-1.82596
-0.000392703
0.471189 4.74061e-06 8.43878e-09 4.74061e-06 0.538901 -7.98826e-07 8.43878e-09 -7.98826e-07 1.03523e-06 
67
0
-1.85813
-0.000578053
0.478209 5.35784e-06 8.55049e-09 5.35784e-06 0.546936 -7.99966e-07 8.55049e-09 -7.99966e-07 1.03523e-06 
68
0
-1.89073
-0.000614251
0.485229 6.30346e-06 8.67893e-09 6.30346e-06 0.554971 -8.01027e-07 8.67893e-09 -8.01027e-07 1.03523e-06 
69
0
-1.9243
-0.00049721
0.492249 7.32684e-06 8.81783e-09 7.32684e-06 0.563005 -8.02017e-07 8.81783e-09 -8.02017e-07 1.03523e-06 
70
0
-1.95809
0.000283983
0.499269 8.15875e-06 8.97088e-09 8.15875e-06 0.57104 -8.0294e-07 8.97088e-09 -8.0294e-07 1.03523e-06 
71
0
-1.99047
0.000297175
0.506289 7.60155e-06 9.16707e-09 7.60155e-06 0.579075 -8.038e-07 9.16707e-09 -8.038e-07 1.03523e-06 
72
0
-2.02311
-2.84527e-05
0.513309 7.01315e-06 9.33261e-09 7.01315e-06 0.587109 -8.04602e-07 9.33261e-09 -8.04602e-07 1.03523e-06 
73
0
-2.05595
1.77821e-05
0.520329 7.018e-06 9.47454e-09 7.018e-06 0.595144 -8.0535e-07 9.47454e-09 -8.0535e-07 1.03523e-06 
74
0
-2.08826
-0.000117939
0.527349 6.93708e-06 9.62931e-09 6.93708e-06 0.603178 -8.0605e-07 9.62931e-09 -8.0605e-07 1.03523e-06 
75
0
-2.1211
8.25543e-05
0.534369 7.11298e-06 9.77433e-09 7.11298e-06 0.611213 -8.06701e-07 9.77433e-09 -8.06701e-07 1.03523e-06 
76
0
-2.15301
-0.000729216
0.541389 6.90669e-06 9.93684e-09 6.90669e-06 0.619248 -8.07309e-07 9.93684e-09 -8.07309e-07 1.03523e-06 
77
0
-2.18666
-0.000129489
0.548409 8.27841e-06 1.00437e-08 8.27841e-06 0.627282 -8.07875e-07 1.00437e-08 -8.07875e-07 1.03523e-06 
78
0
-2.22052
0.00107925
0.555429 8.48602e-06 1.02166e-08 8.48602e-06 0.635317 -8.08402e-07 1.02166e-08 -8.08402e-07 1.03523e-06 
79
0
-2.2533
0.000486167
0.562449 6.28276e-06 1.04456e-08 6.28276e-06 0.643352 -8.08893e-07 1.04456e-08 -8.08893e-07 1.03523e-06 
80
0
-2.28583
-0.000128692
0.569469 5.25173e-06 1.05946e-08 5.25173e-06 0.651386 -8.09353e-07 1.05946e-08 -8.09353e-07 1.03523e-06 
81
0
-2.31862
0.000382049
0.576489 5.46755e-06 1.0718e-08 5.46755e-06 0.659421 -8.09782e-07 1.0718e-08 -8.09782e-07 1.03523e-06 
82
0
-2.35154
0.000324132
0.583509 4.62767e-06 1.0893e-08 4.62767e-06 0.667456 -8.1018e-07 1.0893e-08 -8.1018e-07 1.03523e-06 
83
0
-2.3849
0.000772157
0.590529 3.89964e-06 1.10524e-08 3.89964e-06 0.67549 -8.10553e-07 1.10524e-08 -8.10553e-07 1.03523e-06 
84
0
-2.41699
5.36063e-05
0.597549 2.21175e-06 1.12386e-08 2.21175e-06 0.683525 -8.10901e-07 1.12386e-08 -8.10901e-07 1.03523e-06 
85
0
-2.4502
0.000217384
0.604569 2.04874e-06 1.13637e-08 2.04874e-06 0.69156 -8.11229e-07 1.13637e-08 -8.11229e-07 1.03523e-06 
86
0
-2.48259
0.000352438
0.611589 1.52816e-06 1.15224e-08 1.52816e-06 0.699594 -8.11532e-07 1.15224e-08 -8.11532e-07 1.03523e-06 
87
0
-2.5149
0.000144424
0.618609 7.04914e-07 1.1684e-08 7.04914e-07 0.707629 -8.11815e-07 1.1684e-08 -8.11815e-07 1.03523e-06 
88
0
-2.54793
0.000518688
0.625629 3.35661e-07 1.18281e-08 3.35661e-07 0.715664 -8.12078e-07 1.18281e-08 -8.12078e-07 1.03523e-06 
89
0
-2.58041
0.000165127
0.632649 -8.79704e-07 1.20021e-08 -8.79704e-07 0.723698 -8.12323e-07 1.20021e-08 -8.12323e-07 1.03523e-06 
90
0
-2.61321
0.000157667
0.639669 -1.30343e-06 1.21427e-08 -1.30343e-06 0.731733 -8.12552e-07 1.21427e-08 -8.12552e-07 1.03523e-06 
91
0
-2.64543
-0.000459682
0.646689 -1.71419e-06 1.22932e-08 -1.71419e-06 0.739768 -8.12766e-07 1.22932e-08 -8.12766e-07 1.03523e-06 
92
0
-2.67929
0.000568369
0.653709 -6.92393e-07 1.24078e-08 -6.92393e-07 0.747802 -8.12966e-07 1.24078e-08 -8.12966e-07 1.03523e-06 
93
0
-2.7116
-6.53965e-05
0.660729 -2.07732e-06 1.2608e-08 -2.07732e-06 0.755837 -8.13152e-07 1.2608e-08 -8.13152e-07 1.03523e-06 
94
0
-2.74464
0.000507414
0.667749 -1.96971e-06 1.27369e-08 -1.96971e-06 0.763872 -8.13326e-07 1.27369e-08 -8.13326e-07 1.03523e-06 
95
0
-2.77726
0.000370658
0.674769 -3.237e-06 1.2916e-08 -3.237e-06 0.771906 -8.13488e-07 1.2916e-08 -8.13488e-07 1.03523e-06 
96
0
-2.80989
0.000551925
0.681789 -4.18504e-06 1.30697e-08 -4.18504e-06 0.779941 -8.13638e-07 1.30697e-08 -8.13638e-07 1.03523e-06 
97
0
-2.84275
-0.000172062
0.688809 -5.58729e-06 1.32351e-08 -5.58729e-06 0.787976 -8.13781e-07 1.32351e-08 -8.13781e-07 1.03523e-06 
98
0
-2.87582
-0.000306033
0.695829 -5.20865e-06 1.33541e-08 -5.20865e-06 0.79601 -8.13914e-07 1.33541e-08 -8.13914e-07 1.03523e-06 
99
0
-2.90836
-0.000634574
0.702849 -4.49013e-06 1.34887e-08 -4.49013e-06 0.804045 -8.1404e-07 1.34887e-08 -8.1404e-07 1.03523e-06 
100
0
-2.94198
0.00027466
0.709869 -2.93268e-06 1.36111e-08 -2.93268e-06 0.81208 -8.14157e-07 1.36111e-08 -8.14157e-07 1.03523e-06 
101
0
-2.97505
0.000354448
0.716889 -3.6825e-06 1.3802e-08 -3.6825e-06 0.820114 -8.14266e-07 1.3802e-08 -8.14266e-07 1.03523e-06 
102
0
-3.00822
0.000382311
0.723909 -4.64519e-06 1.39687e-08 -4.64519e-06 0.828149 -8.14369e-07 1.39687e-08 -8.14369e-07 1.03523e-06 
103
0
-3.04104
0.000440805
0.730929 -5.68948e-06 1.41298e-08 -5.68948e-06 0.836184 -8.14463e-07 1.41298e-08 -8.14463e-07 1.03523e-06 
104
0
-3.07429
0.000601657
0.737949 -6.8974e-06 1.42906e-08 -6.8974e-06 0.844218 -8.14551e-07 1.42906e-08 -8.14551e-07 1.03523e-06 
105
0
-3.10609
-0.000607118
0.744969 -8.54385e-06 1.44594e-08 -8.54385e-06 0.852253 -8.14634e-07 1.44594e-08 -8.14634e-07 1.03523e-06 
106
0
-3.14006
0.000762347
0.751989 -6.96347e-06 1.45476e-08 -6.96347e-06 0.860288 -8.14711e-07 1.45476e-08 -8.14711e-07 1.03523e-06 
107
0
-3.17222
0.000171378
0.759009 -9.07556e-06 1.47602e-08 -9.07556e-06 0.868322 -8.14783e-07 1.47602e-08 -8.14783e-07 1.03523e-06 
108
0
-3.20633
0.00142341
0.766029 -9.59192e-06 1.48952e-08 -9.59192e-06 0.876357 -8.14854e-07 1.48952e-08 -8.14854e-07 1.03523e-06 
109
0
-3.23757
-0.000364184
0.773049 -1.35661e-05 1.51212e-08 -1.35661e-05 0.884392 -8.14919e-07 1.51212e-08 -8.14919e-07 1.03523e-06 
110
0
-3.27071
9.86392e-05
0.780069 -1.26003e-05 1.51954e-08 -1.26003e-05 0.892426 -8.14979e-07 1.51954e-08 -8.14979e-07 1.03523e-06 
111
0
-3.30308
-0.000388646
0.787089 -1.29255e-05 1.5353e-08 -1.29255e-05 0.900461 -8.15034e-07 1.5353e-08 -8.15034e-07 1.03523e-06 
112
0
-3.33595
-0.000275304
0.794109 -1.1872e-05 1.54746e-08 -1.1872e-05 0.908496 -8.15086e-07 1.54746e-08 -8.15086e-07 1.03523e-06 
113
0
-3.36912
0.000588809
0.801129 -1.11328e-05 1.56194e-08 -1.11328e-05 0.91653 -8.15136e-07 1.56194e-08 -8.15136e-07 1.03523e-06 
114
0
-3.40115
-0.000327559
0.808149 -1.28796e-05 1.58143e-08 -1.28796e-05 0.924565 -8.15182e-07 1.58143e-08 -8.15182e-07 1.03523e-06 
115
0
-3.43366
-0.00043437
0.815169 -1.19744e-05 1.59242e-08 -1.19744e-05 0.9326 -8.15225e-07 1.59242e-08 -8.15225e-07 1.03523e-06 
116
0
-3.46554
-0.00117141
0.822189 -1.07473e-05 1.60541e-08 -1.07473e-05 0.940634 -8.15265e-07 1.60541e-08 -8.15265e-07 1.03523e-06 
117
0
-3.49866
-0.000832226
0.829209 -7.32663e-06 1.61476e-08 -7.32663e-06 0.948669 -8.15306e-07 1.61476e-08 -8.15306e-07 1.03523e-06 
118
0
-3.53102
-0.000878785
0.836229 -4.88931e-06 1.62911e-08 -4.88931e-06 0.956704 -8.15342e-07 1.62911e-08 -8.15342e-07 1.03523e-06 
119
0
-3.56454
-0.000454374
0.843249 -2.29063e-06 1.64239e-08 -2.29063e-06 0.964738 -8.15376e-07 1.64239e-08 -8.15376e-07 1.03523e-06 
120
0
-3.59804
0.000321701
0.850269 -9.58715e-07 1.65865e-08 -9.58715e-07 0.972773 -8.15409e-07 1.65865e-08 -8.15409e-07 1.03523e-06 
121
0
-3.6302
-6.70227e-05
0.857289 -1.9921e-06 1.67811e-08 -1.9921e-06 0.980808 -8.15443e-07 1.67811e-08 -8.15443e-07 1.03523e-06 
122
0
-3.66277
-0.000299329
0.864309 -1.83324e-06 1.69208e-08 -1.83324e-06 0.988842 -8.15472e-07 1.69208e-08 -8.15472e-07 1.03523e-06 
123
0
-3.69594
-4.11312e-05
0.871329 -9.49436e-07 1.70559e-08 -9.49436e-07 0.996877 -8.15499e-07 1.70559e-08 -8.15499e-07 1.03523e-06 
124
0
-3.72859
-0.00022976
0.878349 -8.68467e-07 1.72173e-08 -8.68467e-07 1.00491 -8.15525e-07 1.72173e-08 -8.15525e-07 1.03523e-06 
125
0
-3.7615
0.00040435
0.885369 -1.89613e-07 1.73596e-08 -1.89613e-07 1.01295 -8.1555e-07 1.73596e-08 -8.1555e-07 1.03523e-06 
126
0
-3.79426
-0.000299665
0.892389 -1.52741e-06 1.75439e-08 -1.52741e-06 1.02098 -8.15575e-07 1.75439e-08 -8.15575e-07 1.03523e-06 
127
0
-3.82705
-0.000394592
0.899409 -6.12168e-07 1.76677e-08 -6.12168e-07 1.02902 -8.156e-07 1.76677e-08 -8.156e-07 1.03523e-06 
128
0
-3.85975
-0.000383662
0.906429 6.18232e-07 1.78055e-08 6.18232e-07 1.03705 -8.15621e-07 1.78055e-08 -8.15621e-07 1.03523e-06 
129
0
-3.89222
-0.000206217
0.913449 1.82294e-06 1.79502e-08 1.82294e-06 1.04508 -8.15641e-07 1.79502e-08 -8.15641e-07 1.03523e-06 
130
0
-3.92521
-0.000178629
0.920469 2.45342e-06 1.81051e-08 2.45342e-06 1.05312 -8.15661e-07 1.81051e-08 -8.15661e-07 1.03523e-06 
131
0
-3.95819
3.87562e-05
0.927489 2.99763e-06 1.8258e-08 2.99763e-06 1.06115 -8.15679e-07 1.8258e-08 -8.15679e-07 1.03523e-06 
132
0
-3.99074
-4.05757e-06
0.934509 2.81994e-06 1.8422e-08 2.81994e-06 1.06919 -8.15696e-07 1.8422e-08 -8.15696e-07 1.03523e-06 
133
0
-4.02443
0.00116143
0.941529 2.78543e-06 1.85745e-08 2.78543e-06 1.07722 -8.15716e-07 1.85745e-08 -8.15716e-07 1.03523e-06 
134
0
-4.05673
0.000831875
0.948549 -1.20278e-06 1.87981e-08 -1.20278e-06 1.08526 -8.15733e-07 1.87981e-08 -8.15733e-07 1.03523e-06 
135
0
-4.08952
0.000634462
0.955569 -4.0941e-06 1.89598e-08 -4.0941e-06 1.09329 -8.15749e-07 1.89598e-08 -8.15749e-07 1.03523e-06 
136
0
-4.12147
-0.000298341
0.962589 -6.32681e-06 1.91146e-08 -6.32681e-06 1.10133 -8.15764e-07 1.91146e-08 -8.15764e-07 1.03523e-06 
137
0
-4.15445
0.000293154
0.969609 -5.34022e-06 1.92192e-08 -5.34022e-06 1.10936 -8.15779e-07 1.92192e-08 -8.15779e-07 1.03523e-06 
138
0
-4.18766
0.000770619
0.976629 -6.4127e-06 1.93925e-08 -6.4127e-06 1.1174 -8.15793e-07 1.93925e-08 -8.15793e-07 1.03523e-06 
139
0
-4.21969
-3.21154e-05
0.983649 -9.17293e-06 1.95809e-08 -9.17293e-06 1.12543 -8.15808e-07 1.95809e-08 -8.15808e-07 1.03523e-06 
140
0
-4.25305
0.000442173
0.990669 -9.10734e-06 1.97005e-08 -9.10734e-06 1.13347 -8.1582e-07 1.97005e-08 -8.1582e-07 1.03523e-06 
141
0
-4.28671
0.00103753
0.997689 -1.07342e-05 1.98746e-08 -1.07342e-05 1.1415 -8.15834e-07 1.98746e-08 -8.15834e-07 1.03523e-06 
142
0
-4.31791
-0.000637471
1.00471 -1.45127e-05 2.00731e-08 -1.45127e-05 1.14954 -8.15846e-07 2.00731e-08 -8.15846e-07 1.03523e-06 
143
0
-4.35139
-0.000150652
1.01173 -1.22529e-05 2.01442e-08 -1.22529e-05 1.15757 -8.15857e-07 2.01442e-08 -8.15857e-07 1.03523e-06 
144
0
-4.38398
1.02705e-05
1.01875 -1.17519e-05 2.03013e-08 -1.17519e-05 1.16561 -8.15869e-07 2.03013e-08 -8.15869e-07 1.03523e-06 
145
0
-4.41635
2.90921e-05
1.02577 -1.1838e-05 2.04584e-08 -1.1838e-05 1.17364 -8.15879e-07 2.04584e-08 -8.15879e-07 1.03523e-06 
146
0
-4.44899
-0.000396316
1.03279 -1.19939e-05 2.06091e-08 -1.19939e-05 1.18167 -8.15891e-07 2.06091e-08 -8.15891e-07 1.03523e-06 
147
0
-4.48245
0.000279799
1.03981 -1.05671e-05 2.07346e-08 -1.05671e-05 1.18971 -8.15903e-07 2.07346e-08 -8.15903e-07 1.03523e-06 
148
0
-4.51475
6.63781e-05
1.04683 -1.1664e-05 2.0916e-08 -1.1664e-05 1.19774 -8.15914e-07 2.0916e-08 -8.15914e-07 1.03523e-06 
149
0
-4.5472
-0.000435419
1.05385 -1.19628e-05 2.10616e-08 -1.19628e-05 1.20578 -8.15924e-07 2.10616e-08 -8.15924e-07 1.03523e-06 
150
0
-4.58026
0.000189401
1.06087 -1.03574e-05 2.11818e-08 -1.03574e-05 1.21381 -8.15934e-07 2.11818e-08 -8.15934e-07 1.03523e-06 
151
0
-4.61267
-0.000521552
1.06789 -1.113e-05 2.13574e-08 -1.113e-05 1.22185 -8.15944e-07 2.13574e-08 -8.15944e-07 1.03523e-06 
152
0
-4.64552
5.83654e-05
1.07491 -9.17094e-06 2.14728e-08 -9.17094e-06 1.22988 -8.15953e-07 2.14728e-08 -8.15953e-07 1.03523e-06 
153
0
-4.67889
0.00061872
1.08193 -9.4455e-06 2.1643e-08 -9.4455e-06 1.23792 -8.15962e-07 2.1643e-08 -8.15962e-07 1.03523e-06 
154
0
-4.71119
-0.000407897
1.08895 -1.19068e-05 2.18326e-08 -1.19068e-05 1.24595 -8.15971e-07 2.18326e-08 -8.15971e-07 1.03523e-06 
155
0
-4.74464
0.000882875
1.09597 -1.03541e-05 2.19385e-08 -1.03541e-05 1.25399 -8.15981e-07 2.19385e-08 -8.15981e-07 1.03523e-06 
156
0
-4.77699
0.000194834
1.10299 -1.38904e-05 2.21519e-08 -1.38904e-05 1.26202 -8.15989e-07 2.21519e-08 -8.15989e-07 1.03523e-06 
157
0
-4.80999
0.000284375
1.11001 -1.47134e-05 2.22853e-08 -1.47134e-05 1.27006 -8.15999e-07 2.22853e-08 -8.15999e-07 1.03523e-06 
158
0
-4.8421
-0.000604155
1.11703 -1.58997e-05 2.24414e-08 -1.58997e-05 1.27809 -8.16007e-07 2.24414e-08 -8.16007e-07 1.03523e-06 
159
0
-4.87638
0.000458557
1.12405 -1.35155e-05 2.2543e-08 -1.35155e-05 1.28613 -8.16017e-07 2.2543e-08 -8.16017e-07 1.03523e-06 
160
0
-4.90877
0.000288323
1.13107 -1.54221e-05 2.27427e-08 -1.54221e-05 1.29416 -8.16026e-07 2.27427e-08 -8.16026e-07 1.03523e-06 
161
0
-4.94067
-0.000444373
1.13809 -1.66462e-05 2.28969e-08 -1.66462e-05 1.30219 -8.16033e-07 2.28969e-08 -8.16033e-07 1.03523e-06 
162
0
-4.97327
-0.000990813
1.14511 -1.48716e-05 2.30064e-08 -1.48716e-05 1.31023 -8.16042e-07 2.30064e-08 -8.16042e-07 1.03523e-06 
163
0
-5.00716
0.000363112
1.15213 -1.083e-05 2.31108e-08 -1.083e-05 1.31826 -8.16051e-07 2.31108e-08 -8.16051e-07 1.03523e-06 
164
0
-5.03938
0.000222482
1.15915 -1.23867e-05 2.33207e-08 -1.23867e-05 1.3263 -8.16059e-07 2.33207e-08 -8.16059e-07 1.03523e-06 
165
0
-5.07214
3.75009e-05
1.16617 -1.3365e-05 2.3477e-08 -1.3365e-05 1.33433 -8.16069e-07 2.3477e-08 -8.16069e-07 1.03523e-06 
166
0
-5.10546
0.000208079
1.17319 -1.35712e-05 2.36214e-08 -1.35712e-05 1.34237 -8.16075e-07 2.36214e-08 -8.16075e-07 1.03523e-06 
167
0
-5.13887
0.00063385
1.18021 -1.44998e-05 2.37836e-08 -1.44998e-05 1.3504 -8.16082e-07 2.37836e-08 -8.16082e-07 1.03523e-06 
168
0
-5.17104
0.000450098
1.18723 -1.72453e-05 2.39663e-08 -1.72453e-05 1.35844 -8.1609e-07 2.39663e-08 -8.1609e-07 1.03523e-06 
169
0
-5.20387
0.000338957
1.19425 -1.92204e-05 2.41188e-08 -1.92204e-05 1.36647 -8.16097e-07 2.41188e-08 -8.16097e-07 1.03523e-06 
170
0
-5.23673
0.000156071
1.20127 -2.07284e-05 2.42698e-08 -2.07284e-05 1.37451 -8.16104e-07 2.42698e-08 -8.16104e-07 1.03523e-06 
171
0
-5.26896
0.00036204
1.20829 -2.1453e-05 2.44146e-08 -2.1453e-05 1.38254 -8.16113e-07 2.44146e-08 -8.16113e-07 1.03523e-06 
172
0
-5.30142
7.00344e-05
1.21531 -2.30788e-05 2.45753e-08 -2.30788e-05 1.39058 -8.16122e-07 2.45753e-08 -8.16122e-07 1.03523e-06 
173
0
-5.33421
6.38034e-05
1.22233 -2.34343e-05 2.4714e-08 -2.34343e-05 1.39861 -8.16128e-07 2.4714e-08 -8.16128e-07 1.03523e-06 
174
0
-5.36706
-0.000155784
1.22935 -2.37641e-05 2.48622e-08 -2.37641e-05 1.40665 -8.16133e-07 2.48622e-08 -8.16133e-07 1.03523e-06 
175
0
-5.40011
0.000452846
1.23637 -2.31223e-05 2.49999e-08 -2.31223e-05 1.41468 -8.1614e-07 2.49999e-08 -8.1614e-07 1.03523e-06 
176
0
-5.43278
0.000254865
1.24339 -2.51897e-05 2.5181e-08 -2.51897e-05 1.42271 -8.16148e-07 2.5181e-08 -8.16148e-07 1.03523e-06 
177
0
-5.46438
-0.000500102
1.25041 -2.6381e-05 2.53307e-08 -2.6381e-05 1.43075 -8.16155e-07 2.53307e-08 -8.16155e-07 1.03523e-06 
178
0
-5.49718
9.99986e-05
1.25743 -2.4175e-05 2.54358e-08 -2.4175e-05 1.43878 -8.16162e-07 2.54358e-08 -8.16162e-07 1.03523e-06 
179
0
-5.52956
-0.000331783
1.26445 -2.46771e-05 2.56045e-08 -2.46771e-05 1.44682 -8.16168e-07 2.56045e-08 -8.16168e-07 1.03523e-06 
180
0
-5.56282
0.000216261
1.27147 -2.32132e-05 2.57325e-08 -2.32132e-05 1.45485 -8.16177e-07 2.57325e-08 -8.16177e-07 1.03523e-06 
181
0
-5.59522
9.64075e-06
1.27849 -2.42534e-05 2.59069e-08 -2.42534e-05 1.46289 -8.16184e-07 2.59069e-08 -8.16184e-07 1.03523e-06 
182
0
-5.62714
-0.00039486
1.28551 -2.43466e-05 2.60509e-08 -2.43466e-05 1.47092 -8.16193e-07 2.60509e-08 -8.16193e-07 1.03523e-06 
183
0
-5.66093
0.000380207
1.29253 -2.25651e-05 2.61733e-08 -2.25651e-05 1.47896 -8.16198e-07 2.61733e-08 -8.16198e-07 1.03523e-06 
184
0
-5.69424
0.000844781
1.29955 -2.43859e-05 2.63613e-08 -2.43859e-05 1.48699 -8.16206e-07 2.63613e-08 -8.16206e-07 1.03523e-06 
185
0
-5.72652
0.000346634
1.30657 -2.83934e-05 2.65524e-08 -2.83934e-05 1.49503 -8.16211e-07 2.65524e-08 -8.16211e-07 1.03523e-06 
186
0
-5.75792
-0.000223322
1.31359 -3.00753e-05 2.66914e-08 -3.00753e-05 1.50306 -8.16219e-07 2.66914e-08 -8.16219e-07 1.03523e-06 
187
0
-5.79169
0.00058777
1.32061 -2.90663e-05 2.6806e-08 -2.90663e-05 1.5111 -8.16227e-07 2.6806e-08 -8.16227e-07 1.03523e-06 
188
0
-5.82364
-0.000507022
1.32763 -3.19142e-05 2.69965e-08 -3.19142e-05 1.51913 -8.16235e-07 2.69965e-08 -8.16235e-07 1.03523e-06 
189
0
-5.85671
0.00019704
1.33465 -2.95357e-05 2.70957e-08 -2.95357e-05 1.52717 -8.16241e-07 2.70957e-08 -8.16241e-07 1.03523e-06 
190
0
-5.88901
-0.000704135
1.34167 -3.05329e-05 2.72703e-08 -3.05329e-05 1.5352 -8.16246e-07 2.72703e-08 -8.16246e-07 1.03523e-06 
191
0
-5.92252
0.000550342
1.34869 -2.7175e-05 2.73736e-08 -2.7175e-05 1.54323 -8.16255e-07 2.73736e-08 -8.16255e-07 1.03523e-06 
192
0
-5.95437
-0.000286773
1.35571 -2.99005e-05 2.75797e-08 -2.99005e-05 1.55127 -8.16262e-07 2.75797e-08 -8.16262e-07 1.03523e-06 
193
0
-5.98732
-0.000258935
1.36273 -2.85474e-05 2.76959e-08 -2.85474e-05 1.5593 -8.16268e-07 2.76959e-08 -8.16268e-07 1.03523e-06 
194
0
-6.02075
0.000248764
1.36975 -2.73238e-05 2.78381e-08 -2.73238e-05 1.56734 -8.16274e-07 2.78381e-08 -8.16274e-07 1.03523e-06 
195
0
-6.0534
0.000459356
1.37677 -2.86016e-05 2.80148e-08 -2.86016e-05 1.57537 -8.1628e-07 2.80148e-08 -8.1628e-07 1.03523e-06 
196
0
-6.08582
0.00017291
1.38379 -3.09313e-05 2.8185e-08 -3.09313e-05 1.58341 -8.16289e-07 2.8185e-08 -8.16289e-07 1.03523e-06 
197
0
-6.11832
0.000184054
1.39081 -3.18431e-05 2.83276e-08 -3.18431e-05 1.59144 -8.16295e-07 2.83276e-08 -8.16295e-07 1.03523e-06 
198
0
-6.15085
-0.000114162
1.39783 -3.28153e-05 2.84784e-08 -3.28153e-05 1.59948 -8.16299e-07 2.84784e-08 -8.16299e-07 1.03523e-06 
199
0
-6.1836
-0.000474794
1.40485 -3.22887e-05 2.86132e-08 -3.22887e-05 1.60751 -8.16305e-07 2.86132e-08 -8.16305e-07 1.03523e-06 
200
0
-6.217
0.000493066
1.41187 -2.99322e-05 2.8738e-08 -2.99322e-05 1.61555 -8.16312e-07 2.8738e-08 -8.16312e-07 1.03523e-06 
201
0
-6.24969
0.000672486
1.41889 -3.24918e-05 2.89347e-08 -3.24918e-05 1.62358 -8.16318e-07 2.89347e-08 -8.16318e-07 1.03523e-06 
202
0
-6.28241
0.00035342
1.42591 -3.59822e-05 2.91102e-08 -3.59822e-05 1.63162 -8.16324e-07 2.91102e-08 -8.16324e-07 1.03523e-06 
203
0
-6.31562
0.000808327
1.43293 -3.78487e-05 2.92561e-08 -3.78487e-05 1.63965 -8.16332e-07 2.92561e-08 -8.16332e-07 1.03523e-06 
204
0
-6.34664
-0.000911251
1.43995 -4.20752e-05 2.94381e-08 -4.20752e-05 1.64769 -8.16341e-07 2.94381e-08 -8.16341e-07 1.03523e-06 
205
0
-6.38027
0.000216536
1.44697 -3.73918e-05 2.94993e-08 -3.73918e-05 1.65572 -8.1635e-07 2.94993e-08 -8.1635e-07 1.03523e-06 
206
0
-6.41264
1.57344e-05
1.45399 -3.85709e-05 2.96878e-08 -3.85709e-05 1.66375 -8.16356e-07 2.96878e-08 -8.16356e-07 1.03523e-06 
207
0
-6.44609
0.000526417
1.46101 -3.87025e-05 2.98341e-08 -3.87025e-05 1.67179 -8.16363e-07 2.98341e-08 -8.16363e-07 1.03523e-06 
208
0
-6.47844
-4.20834e-05
1.46803 -4.15256e-05 3.00153e-08 -4.15256e-05 1.67982 -8.16368e-07 3.00153e-08 -8.16368e-07 1.03523e-06 
209
0
-6.51128
-0.000194219
1.47505 -4.13519e-05 3.01438e-08 -4.13519e-05 1.68786 -8.16375e-07 3.01438e-08 -8.16375e-07 1.03523e-06 
210
0
-6.54489
0.000392119
1.48207 -4.03678e-05 3.02804e-08 -4.03678e-05 1.69589 -8.16381e-07 3.02804e-08 -8.16381e-07 1.03523e-06 
211
0
-6.5782
0.000840806
1.48909 -4.2513e-05 3.04617e-08 -4.2513e-05 1.70393 -8.16388e-07 3.04617e-08 -8.16388e-07 1.03523e-06 
212
0
-6.61105
0.00106649
1.49611 -4.70781e-05 3.06504e-08 -4.70781e-05 1.71196 -8.16393e-07 3.06504e-08 -8.16393e-07 1.03523e-06 
213
0
-6.64355
8.81143e-05
1.50313 -5.28824e-05 3.08321e-08 -5.28824e-05 1.72 -8.16401e-07 3.08321e-08 -8.16401e-07 1.03523e-06 
214
0
-6.67678
0.000258441
1.51015 -5.34093e-05 3.0945e-08 -5.34093e-05 1.72803 -8.16408e-07 3.0945e-08 -8.16408e-07 1.03523e-06 
215
0
-6.70876
-0.00011874
1.51717 -5.48663e-05 3.10999e-08 -5.48663e-05 1.73607 -8.16416e-07 3.10999e-08 -8.16416e-07 1.03523e-06 
216
0
-6.74127
-0.000326585
1.52419 -5.42657e-05 3.1228e-08 -5.42657e-05 1.7441 -8.16425e-07 3.1228e-08 -8.16425e-07 1.03523e-06 
217
0
-6.77538
0.000656612
1.53121 -5.25195e-05 3.13579e-08 -5.25195e-05 1.75214 -8.16432e-07 3.13579e-08 -8.16432e-07 1.03523e-06 
218
0
-6.8084
0.000526308
1.53823 -5.61954e-05 3.15598e-08 -5.61954e-05 1.76017 -8.16439e-07 3.15598e-08 -8.16439e-07 1.03523e-06 
219
0
-6.84046
0.000228837
1.54525 -5.91649e-05 3.17207e-08 -5.91649e-05 1.76821 -8.16447e-07 3.17207e-08 -8.16447e-07 1.03523e-06 
220
0
-6.87289
0.000252028
1.55227 -6.04897e-05 3.18588e-08 -6.04897e-05 1.77624 -8.16453e-07 3.18588e-08 -8.16453e-07 1.03523e-06 
221
0
-6.90571
0.000866176
1.55929 -6.19502e-05 3.20083e-08 -6.19502e-05 1.78427 -8.16459e-07 3.20083e-08 -8.16459e-07 1.03523e-06 
222
0
-6.93822
0.000590516
1.56631 -6.68714e-05 3.21955e-08 -6.68714e-05 1.79231 -8.16466e-07 3.21955e-08 -8.16466e-07 1.03523e-06 
223
0
-6.97048
0.000294526
1.57333 -7.02572e-05 3.23458e-08 -7.02572e-05 1.80034 -8.16474e-07 3.23458e-08 -8.16474e-07 1.03523e-06 
224
0
-7.00295
0.000308362
1.58035 -7.19781e-05 3.24831e-08 -7.19781e-05 1.80838 -8.16482e-07 3.24831e-08 -8.16482e-07 1.03523e-06 
225
0
-7.03536
-0.000484256
1.58737 -7.37854e-05 3.26322e-08 -7.37854e-05 1.81641 -8.16487e-07 3.26322e-08 -8.16487e-07 1.03523e-06 
226
0
-7.0687
2.81925e-06
1.59439 -7.10619e-05 3.2737e-08 -7.10619e-05 1.82445 -8.16495e-07 3.2737e-08 -8.16495e-07 1.03523e-06 
227
0
-7.10111
-0.000151773
1.60141 -7.11276e-05 3.28996e-08 -7.11276e-05 1.83248 -8.165e-07 3.28996e-08 -8.165e-07 1.03523e-06 
228
0
-7.13434
0.00108141
1.60843 -7.03003e-05 3.30393e-08 -7.03003e-05 1.84052 -8.16506e-07 3.30393e-08 -8.16506e-07 1.03523e-06 
229
0
-7.16669
0.000341499
1.61545 -7.66243e-05 3.32557e-08 -7.66243e-05 1.84855 -8.16514e-07 3.32557e-08 -8.16514e-07 1.03523e-06 
230
0
-7.19905
0.000173393
1.62247 -7.86639e-05 3.3387e-08 -7.86639e-05 1.85659 -8.1652e-07 3.3387e-08 -8.1652e-07 1.03523e-06 
231
0
-7.2325
0.000875319
1.62949 -7.97282e-05 3.3525e-08 -7.97282e-05 1.86462 -8.16528e-07 3.3525e-08 -8.16528e-07 1.03523e-06 
232
0
-7.26545
0.000564017
1.63651 -8.49231e-05 3.3716e-08 -8.49231e-05 1.87266 -8.16533e-07 3.3716e-08 -8.16533e-07 1.03523e-06 
233
0
-7.29724
-0.000147551
1.64353 -8.83024e-05 3.38663e-08 -8.83024e-05 1.88069 -8.16541e-07 3.38663e-08 -8.16541e-07 1.03523e-06 
234
0
-7.32993
-3.24236e-05
1.65055 -8.74771e-05 3.39769e-08 -8.74771e-05 1.88873 -8.16546e-07 3.39769e-08 -8.16546e-07 1.03523e-06 
235
0
-7.36287
6.49567e-05
1.65757 -8.73336e-05 3.41212e-08 -8.73336e-05 1.89676 -8.16553e-07 3.41212e-08 -8.16553e-07 1.03523e-06 
236
0
-7.39532
-0.000414765
1.66459 -8.77716e-05 3.42731e-08 -8.77716e-05 1.90479 -8.16558e-07 3.42731e-08 -8.16558e-07 1.03523e-06 
237
0
-7.42853
0.000136322
1.67161 -8.53305e-05 3.43929e-08 -8.53305e-05 1.91283 -8.16564e-07 3.43929e-08 -8.16564e-07 1.03523e-06 
238
0
-7.46107
5.03241e-05
1.67863 -8.62022e-05 3.45625e-08 -8.62022e-05 1.92086 -8.16569e-07 3.45625e-08 -8.16569e-07 1.03523e-06 
239
0
-7.49394
-5.9309e-05
1.68565 -8.65566e-05 3.47099e-08 -8.65566e-05 1.9289 -8.16575e-07 3.47099e-08 -8.16575e-07 1.03523e-06 
240
0
-7.5273
0.000750788
1.69267 -8.62456e-05 3.48524e-08 -8.62456e-05 1.93693 -8.16578e-07 3.48524e-08 -8.16578e-07 1.03523e-06 
241
0
-7.55915
-4.92298e-05
1.69969 -9.088e-05 3.50471e-08 -9.088e-05 1.94497 -8.16585e-07 3.50471e-08 -8.16585e-07 1.03523e-06 
242
0
-7.59284
0.000307555
1.70671 -9.06278e-05 3.51646e-08 -9.06278e-05 1.953 -8.16595e-07 3.51646e-08 -8.16595e-07 1.03523e-06 
243
0
-7.62466
-0.000593176
1.71373 -9.25712e-05 3.53304e-08 -9.25712e-05 1.96104 -8.16604e-07 3.53304e-08 -8.16604e-07 1.03523e-06 
244
0
-7.65876
0.00143479
1.72075 -8.89535e-05 3.54303e-08 -8.89535e-05 1.96907 -8.16612e-07 3.54303e-08 -8.16612e-07 1.03523e-06 
245
0
-7.6912
0.000898167
1.72777 -9.79104e-05 3.56827e-08 -9.79104e-05 1.97711 -8.16617e-07 3.56827e-08 -8.16617e-07 1.03523e-06 
246
0
-7.7233
0.000583561
1.73479 -0.000103559 3.58379e-08 -0.000103559 1.98514 -8.16625e-07 3.58379e-08 -8.16625e-07 1.03523e-06 
247
0
-7.7541
-0.00141476
1.74181 -0.000107261 3.5979e-08 -0.000107261 1.99318 -8.16634e-07 3.5979e-08 -8.16634e-07 1.03523e-06 
248
0
-7.78859
-0.000314778
1.74883 -9.84201e-05 3.60109e-08 -9.84201e-05 2.00121 -8.16643e-07 3.60109e-08 -8.16643e-07 1.03523e-06 
249
0
-7.82256
0.00104412
1.75585 -9.64839e-05 3.6187e-08 -9.64839e-05 2.00925 -8.16648e-07 3.6187e-08 -8.16648e-07 1.03523e-06 
250
0
-7.85482
0.000889344
1.76287 -0.000103148 3.64178e-08 -0.000103148 2.01728 -8.16653e-07 3.64178e-08 -8.16653e-07 1.03523e-06 
251
0
-7.88721
0.00066127
1.76989 -0.000108854 3.65846e-08 -0.000108854 2.02531 -8.1666e-07 3.65846e-08 -8.1666e-07 1.03523e-06 
252
0
-7.92024
0.000834898
1.77691 -0.000113127 3.6734e-08 -0.000113127 2.03335 -8.16666e-07 3.6734e-08 -8.16666e-07 1.03523e-06 
253
0
-7.95257
0.000593347
1.78393 -0.000118529 3.69021e-08 -0.000118529 2.04138 -8.16671e-07 3.69021e-08 -8.16671e-07 1.03523e-06 
254
0
-7.98528
0.000582502
1.79095 -0.000122398 3.70491e-08 -0.000122398 2.04942 -8.16679e-07 3.70491e-08 -8.16679e-07 1.03523e-06 
255
0
-8.01717
-0.000184823
1.79797 -0.000126212 3.72033e-08 -0.000126212 2.05745 -8.16684e-07 3.72033e-08 -8.16684e-07 1.03523e-06 
256
0
-8.0507
-0.000337831
1.80499 -0.000125063 3.73116e-08 -0.000125063 2.06549 -8.16693e-07 3.73116e-08 -8.16693e-07 1.03523e-06 
257
0
-8.08377
2.34689e-05
1.81201 -0.000122913 3.74425e-08 -0.000122913 2.07352 -8.16701e-07 3.74425e-08 -8.16701e-07 1.03523e-06 
258
0
-8.11639
5.51234e-05
1.81903 -0.000123116 3.76028e-08 -0.000123116 2.08156 -8.16704e-07 3.76028e-08 -8.16704e-07 1.03523e-06 
259
0
-8.1494
-9.9693e-05
1.82605 -0.000123528 3.77533e-08 -0.000123528 2.08959 -8.1671e-07 3.77533e-08 -8.1671e-07 1.03523e-06 
260
0
-8.18183
0.000110044
1.83307 -0.000122921 3.78935e-08 -0.000122921 2.09763 -8.16717e-07 3.78935e-08 -8.16717e-07 1.03523e-06 
261
0
-8.21555
0.00100575
1.84009 -0.000123699 3.80485e-08 -0.000123699 2.10566 -8.16725e-07 3.80485e-08 -8.16725e-07 1.03523e-06 
262
0
-8.24839
0.00091623
1.84711 -0.000130426 3.82538e-08 -0.000130426 2.1137 -8.16731e-07 3.82538e-08 -8.16731e-07 1.03523e-06 
263
0
-8.28104
0.0004588
1.85413 -0.000136583 3.8421e-08 -0.000136583 2.12173 -8.1674e-07 3.8421e-08 -8.1674e-07 1.03523e-06 
264
0
-8.31387
0.000371793
1.86115 -0.000139702 3.8558e-08 -0.000139702 2.12977 -8.16747e-07 3.8558e-08 -8.16747e-07 1.03523e-06 
265
0
-8.3463
-1.64439e-05
1.86817 -0.000142249 3.87046e-08 -0.000142249 2.1378 -8.16753e-07 3.87046e-08 -8.16753e-07 1.03523e-06 
266
0
-8.37888
-1.32704e-05
1.87519 -0.000142188 3.88325e-08 -0.000142188 2.14583 -8.16761e-07 3.88325e-08 -8.16761e-07 1.03523e-06 
267
0
-8.4121
0.000336311
1.88221 -0.000142148 3.89745e-08 -0.000142148 2.15387 -8.16768e-07 3.89745e-08 -8.16768e-07 1.03523e-06 
268
0
-8.44465
-0.000461089
1.88923 -0.000144483 3.91416e-08 -0.000144483 2.1619 -8.16774e-07 3.91416e-08 -8.16774e-07 1.03523e-06 
269
0
-8.47829
0.000391049
1.89625 -0.00014139 3.92499e-08 -0.00014139 2.16994 -8.16782e-07 3.92499e-08 -8.16782e-07 1.03523e-06 
270
0
-8.51153
0.000205664
1.90327 -0.000144116 3.94353e-08 -0.000144116 2.17797 -8.16789e-07 3.94353e-08 -8.16789e-07 1.03523e-06 
271
0
-8.54447
0.000494384
1.91029 -0.000145578 3.95859e-08 -0.000145578 2.18601 -8.16796e-07 3.95859e-08 -8.16796e-07 1.03523e-06 
272
0
-8.57629
-0.000845323
1.91731 -0.000149036 3.97537e-08 -0.000149036 2.19404 -8.16804e-07 3.97537e-08 -8.16804e-07 1.03523e-06 
273
0
-8.60932
-0.000678843
1.92433 -0.000143238 3.98309e-08 -0.000143238 2.20208 -8.1681e-07 3.98309e-08 -8.1681e-07 1.03523e-06 
274
0
-8.64249
-0.000267823
1.93135 -0.000138575 3.99638e-08 -0.000138575 2.21011 -8.16816e-07 3.99638e-08 -8.16816e-07 1.03523e-06 
275
0
-8.67494
-0.00015192
1.93837 -0.000136759 4.01242e-08 -0.000136759 2.21815 -8.16822e-07 4.01242e-08 -8.16822e-07 1.03523e-06 
276
0
-8.70776
-5.39264e-05
1.94539 -0.000135746 4.02761e-08 -0.000135746 2.22618 -8.16828e-07 4.02761e-08 -8.16828e-07 1.03523e-06 
277
0
-8.74064
0.000328447
1.95241 -0.000135418 4.0429e-08 -0.000135418 2.23422 -8.16833e-07 4.0429e-08 -8.16833e-07 1.03523e-06 
278
0
-8.77285
-0.00041213
1.95943 -0.000137782 4.06004e-08 -0.000137782 2.24225 -8.16839e-07 4.06004e-08 -8.16839e-07 1.03523e-06 
279
0
-8.80564
-0.000315343
1.96645 -0.000134919 4.07137e-08 -0.000134919 2.25029 -8.16848e-07 4.07137e-08 -8.16848e-07 1.03523e-06 
280
0
-8.83856
-0.000179575
1.97347 -0.000132732 4.08563e-08 -0.000132732 2.25832 -8.16852e-07 4.08563e-08 -8.16852e-07 1.03523e-06 
281
0
-8.87213
0.000560426
1.98049 -0.000131503 4.10086e-08 -0.000131503 2.26635 -8.16857e-07 4.10086e-08 -8.16857e-07 1.03523e-06 
282
0
-8.90513
0.00122916
1.98751 -0.000135559 4.12021e-08 -0.000135559 2.27439 -8.16866e-07 4.12021e-08 -8.16866e-07 1.03523e-06 
283
0
-8.937
3.67894e-05
1.99453 -0.000144425 4.14073e-08 -0.000144425 2.28242 -8.16873e-07 4.14073e-08 -8.16873e-07 1.03523e-06 
284
0
-8.96973
7.58627e-05
2.00155 -0.00014474 4.15128e-08 -0.00014474 2.29046 -8.16884e-07 4.15128e-08 -8.16884e-07 1.03523e-06 
285
0
-9.0025
7.33888e-05
2.00857 -0.000145338 4.1657e-08 -0.000145338 2.29849 -8.16892e-07 4.1657e-08 -8.16892e-07 1.03523e-06 
286
0
-9.03595
0.0010786
2.01559 -0.000145921 4.18063e-08 -0.000145921 2.30653 -8.16899e-07 4.18063e-08 -8.16899e-07 1.03523e-06 
287
0
-9.06771
0.000312775
2.02261 -0.000153816 4.20169e-08 -0.000153816 2.31456 -8.16904e-07 4.20169e-08 -8.16904e-07 1.03523e-06 
288
0
-9.10093
0.0010151
2.02963 -0.000156149 4.21445e-08 -0.000156149 2.3226 -8.16911e-07 4.21445e-08 -8.16911e-07 1.03523e-06 
289
0
-9.13264
-0.000482427
2.03665 -0.000163635 4.2336e-08 -0.000163635 2.33063 -8.16916e-07 4.2336e-08 -8.16916e-07 1.03523e-06 
290
0
-9.16604
0.000495566
2.04367 -0.00016014 4.24165e-08 -0.00016014 2.33867 -8.16923e-07 4.24165e-08 -8.16923e-07 1.03523e-06 
291
0
-9.19916
0.000454507
2.05069 -0.000163845 4.26041e-08 -0.000163845 2.3467 -8.16929e-07 4.26041e-08 -8.16929e-07 1.03523e-06 
292
0
-9.23142
-0.000261474
2.05771 -0.000167259 4.27653e-08 -0.000167259 2.35474 -8.16937e-07 4.27653e-08 -8.16937e-07 1.03523e-06 
293
0
-9.26463
0.000159954
2.06474 -0.000165368 4.2879e-08 -0.000165368 2.36277 -8.16946e-07 4.2879e-08 -8.16946e-07 1.03523e-06 
294
0
-9.29791
0.0003088
2.07176 -0.00016661 4.30428e-08 -0.00016661 2.37081 -8.16953e-07 4.30428e-08 -8.16953e-07 1.03523e-06 
295
0
-9.33035
0.000482974
2.07878 -0.00016897 4.32064e-08 -0.00016897 2.37884 -8.1696e-07 4.32064e-08 -8.1696e-07 1.03523e-06 
296
0
-9.36257
-4.93177e-05
2.0858 -0.000172644 4.33703e-08 -0.000172644 2.38687 -8.16968e-07 4.33703e-08 -8.16968e-07 1.03523e-06 
297
0
-9.39543
0.000146562
2.09282 -0.000172323 4.34952e-08 -0.000172323 2.39491 -8.16976e-07 4.34952e-08 -8.16976e-07 1.03523e-06 
298
0
-9.42804
-0.000411752
2.09984 -0.000173481 4.36498e-08 -0.000173481 2.40294 -8.16982e-07 4.36498e-08 -8.16982e-07 1.03523e-06 
299
0
-9.46119
0.00011652
2.10686 -0.000170411 4.37683e-08 -0.000170411 2.41098 -8.1699e-07 4.37683e-08 -8.1699e-07 1.03523e-06 
300
0
-9.49408
0.00035041
2.11388 -0.000171348 4.39369e-08 -0.000171348 2.41901 -8.16995e-07 4.39369e-08 -8.16995e-07 1.03523e-06 
301
0
-9.52634
-0.000317826
2.1209 -0.000174072 4.41044e-08 -0.000174072 2.42705 -8.17001e-07 4.41044e-08 -8.17001e-07 1.03523e-06 
302
0
-9.55955
0.00042358
2.12792 -0.00017169 4.42208e-08 -0.00017169 2.43508 -8.17008e-07 4.42208e-08 -8.17008e-07 1.03523e-06 
303
0
-9.59152
4.62463e-05
2.13494 -0.000174994 4.44033e-08 -0.000174994 2.44312 -8.17015e-07 4.44033e-08 -8.17015e-07 1.03523e-06 
304
0
-9.62456
0.00027002
