0
0
0
-0.000227478
0.00632102 -7.44339e-05 -4.31087e-09 -7.44339e-05 0.0065425 -1.42373e-07 -4.31087e-09 -1.42373e-07 1.21851e-06 
1
0
0
-0.000292428
0.0093053 -0.000180885 -4.17673e-09 -0.000180885 0.00905162 -1.84343e-07 -4.17673e-09 -1.84343e-07 1.03651e-06 
2
0
0
-0.000468846
0.0107701 -0.000255989 -3.67892e-09 -0.000255989 0.00996569 -2.08384e-07 -3.67892e-09 -2.08384e-07 1.03685e-06 
3
0
0
-0.000202946
0.0114639 -0.000297133 -3.21457e-09 -0.000297133 0.010272 -2.19285e-07 -3.21457e-09 -2.19285e-07 1.0371e-06 
4
0
0
1.7939e-05
0.0117902 -0.00031756 -2.88966e-09 -0.00031756 0.0103719 -2.24937e-07 -2.88966e-09 -2.24937e-07 1.03671e-06 
5
0
0
-0.000369329
0.0119437 -0.000327281 -2.67121e-09 -0.000327281 0.0104043 -2.28726e-07 -2.67121e-09 -2.28726e-07 1.03631e-06 
6
0
0
-0.000892299
0.0120159 -0.000331826 -2.51248e-09 -0.000331826 0.0104149 -2.3181e-07 -2.51248e-09 -2.3181e-07 1.036e-06 
7
0
0
0.00022355
0.01205 -0.000333939 -2.38269e-09 -0.000333939 0.0104185 -2.34557e-07 -2.38269e-09 -2.34557e-07 1.03576e-06 
8
0
0
0.00041284
0.0120662 -0.0003349 -2.2603e-09 -0.0003349 0.0104197 -2.37077e-07 -2.2603e-09 -2.37077e-07 1.03558e-06 
9
0
0
-0.000796344
0.0120739 -0.000335345 -2.15196e-09 -0.000335345 0.0104202 -2.39402e-07 -2.15196e-09 -2.39402e-07 1.03545e-06 
10
0
0
0.000888124
0.0120777 -0.000335574 -2.0602e-09 -0.000335574 0.0104205 -2.4154e-07 -2.0602e-09 -2.4154e-07 1.03535e-06 
11
0
0
0.000907464
0.0120795 -0.000335655 -1.96246e-09 -0.000335655 0.0104206 -2.435e-07 -1.96246e-09 -2.435e-07 1.03528e-06 
12
0
0
-0.000582793
0.0120804 -0.000335698 -1.87627e-09 -0.000335698 0.0104207 -2.45286e-07 -1.87627e-09 -2.45286e-07 1.03523e-06 
13
0
0
-5.36208e-06
0.0120809 -0.000335745 -1.80899e-09 -0.000335745 0.0104208 -2.46907e-07 -1.80899e-09 -2.46907e-07 1.03519e-06 
14
0
0
0.00112319
0.0120812 -0.000335758 -1.7379e-09 -0.000335758 0.0104209 -2.48373e-07 -1.7379e-09 -2.48373e-07 1.03517e-06 
15
0
0
-6.34014e-05
0.0120814 -0.000335749 -1.66626e-09 -0.000335749 0.010421 -2.49693e-07 -1.66626e-09 -2.49693e-07 1.03515e-06 
16
0
0
-0.000463279
0.0120815 -0.000335766 -1.61577e-09 -0.000335766 0.010421 -2.50878e-07 -1.61577e-09 -2.50878e-07 1.03514e-06 
17
0
0
0.000428496
0.0120815 -0.000335781 -1.56877e-09 -0.000335781 0.0104211 -2.51937e-07 -1.56877e-09 -2.51937e-07 1.03514e-06 
18
0
0
0.000194234
0.0120816 -0.000335775 -1.51547e-09 -0.000335775 0.0104211 -2.52881e-07 -1.51547e-09 -2.52881e-07 1.03514e-06 
19
0
0
0.00070622
0.0120816 -0.000335777 -1.4747e-09 -0.000335777 0.0104212 -2.53717e-07 -1.4747e-09 -2.53717e-07 1.03514e-06 
20
0
0
0.000351961
0.0120817 -0.000335771 -1.43319e-09 -0.000335771 0.0104212 -2.54459e-07 -1.43319e-09 -2.54459e-07 1.03514e-06 
21
0
0
-5.99594e-05
0.0120817 -0.000335775 -1.39985e-09 -0.000335775 0.0104212 -2.55118e-07 -1.39985e-09 -2.55118e-07 1.03515e-06 
22
0
0
-0.000834216
0.0120817 -0.000335784 -1.37254e-09 -0.000335784 0.0104213 -2.55702e-07 -1.37254e-09 -2.55702e-07 1.03515e-06 
23
0
0
-9.63537e-05
0.0120817 -0.000335801 -1.35348e-09 -0.000335801 0.0104213 -2.56217e-07 -1.35348e-09 -2.56217e-07 1.03516e-06 
24
0
0
0.000272545
0.0120817 -0.000335796 -1.32617e-09 -0.000335796 0.0104213 -2.56671e-07 -1.32617e-09 -2.56671e-07 1.03516e-06 
25
0
0
0.000640557
0.0120817 -0.000335789 -1.30028e-09 -0.000335789 0.0104213 -2.57071e-07 -1.30028e-09 -2.57071e-07 1.03517e-06 
26
0
0
0.00046078
0.0120817 -0.00033578 -1.27467e-09 -0.00033578 0.0104213 -2.57422e-07 -1.27467e-09 -2.57422e-07 1.03517e-06 
27
0
0
-0.000516575
0.0120817 -0.00033578 -1.26429e-09 -0.00033578 0.0104213 -2.57733e-07 -1.26429e-09 -2.57733e-07 1.03518e-06 
28
0
0
-0.000243509
0.0120817 -0.000335796 -1.26362e-09 -0.000335796 0.0104214 -2.58006e-07 -1.26362e-09 -2.58006e-07 1.03518e-06 
29
0
0
-0.0004983
0.0120817 -0.000335798 -1.25524e-09 -0.000335798 0.0104214 -2.58244e-07 -1.25524e-09 -2.58244e-07 1.03519e-06 
30
0
0
-0.000103265
0.0120817 -0.000335803 -1.24712e-09 -0.000335803 0.0104214 -2.58452e-07 -1.24712e-09 -2.58452e-07 1.03519e-06 
31
0
0
-0.00102429
0.0120817 -0.000335799 -1.23397e-09 -0.000335799 0.0104214 -2.58635e-07 -1.23397e-09 -2.58635e-07 1.03519e-06 
32
0
0
-0.000932462
0.0120817 -0.000335812 -1.2315e-09 -0.000335812 0.0104214 -2.58795e-07 -1.2315e-09 -2.58795e-07 1.0352e-06 
33
0
0
0.000393904
0.0120817 -0.000335816 -1.22545e-09 -0.000335816 0.0104214 -2.58935e-07 -1.22545e-09 -2.58935e-07 1.0352e-06 
34
0
0
0.000171314
0.0120817 -0.000335796 -1.20696e-09 -0.000335796 0.0104214 -2.59059e-07 -1.20696e-09 -2.59059e-07 1.0352e-06 
35
0
0
0.000351561
0.0120817 -0.000335793 -1.19414e-09 -0.000335793 0.0104214 -2.59165e-07 -1.19414e-09 -2.59165e-07 1.0352e-06 
36
0
0
-0.000243175
0.0120817 -0.000335788 -1.18352e-09 -0.000335788 0.0104214 -2.59256e-07 -1.18352e-09 -2.59256e-07 1.03521e-06 
37
0
0
0.000869653
0.0120817 -0.000335796 -1.18202e-09 -0.000335796 0.0104214 -2.59334e-07 -1.18202e-09 -2.59334e-07 1.03521e-06 
38
0
0
0.00106586
0.0120817 -0.000335782 -1.16913e-09 -0.000335782 0.0104214 -2.59403e-07 -1.16913e-09 -2.59403e-07 1.03521e-06 
39
0
0
0.00167381
0.0120817 -0.000335773 -1.15997e-09 -0.000335773 0.0104214 -2.59464e-07 -1.15997e-09 -2.59464e-07 1.03521e-06 
40
0
0
0.000361946
0.0120818 -0.00033576 -1.1485e-09 -0.00033576 0.0104214 -2.59519e-07 -1.1485e-09 -2.59519e-07 1.03521e-06 
41
0
0
-8.57568e-05
0.0120817 -0.000335776 -1.15318e-09 -0.000335776 0.0104214 -2.59566e-07 -1.15318e-09 -2.59566e-07 1.03521e-06 
42
0
0
0.000460588
0.0120817 -0.00033579 -1.15634e-09 -0.00033579 0.0104214 -2.59608e-07 -1.15634e-09 -2.59608e-07 1.03521e-06 
43
0
0
-0.000426471
0.0120817 -0.000335786 -1.15573e-09 -0.000335786 0.0104214 -2.59652e-07 -1.15573e-09 -2.59652e-07 1.03522e-06 
44
0
0
-0.000703459
0.0120817 -0.000335799 -1.16322e-09 -0.000335799 0.0104214 -2.59687e-07 -1.16322e-09 -2.59687e-07 1.03522e-06 
45
0
0
0.000311556
0.0120817 -0.000335808 -1.16821e-09 -0.000335808 0.0104214 -2.59716e-07 -1.16821e-09 -2.59716e-07 1.03522e-06 
46
0
0
0.000525394
0.0120817 -0.000335795 -1.16158e-09 -0.000335795 0.0104214 -2.59739e-07 -1.16158e-09 -2.59739e-07 1.03522e-06 
47
0
0
0.000254909
0.0120817 -0.000335787 -1.15638e-09 -0.000335787 0.0104214 -2.5976e-07 -1.15638e-09 -2.5976e-07 1.03522e-06 
48
0
0
4.34017e-05
0.0120817 -0.000335788 -1.15475e-09 -0.000335788 0.0104214 -2.59778e-07 -1.15475e-09 -2.59778e-07 1.03522e-06 
49
0
0
0.000620989
0.0120817 -0.000335792 -1.1543e-09 -0.000335792 0.0104214 -2.59793e-07 -1.1543e-09 -2.59793e-07 1.03522e-06 
50
0
0
0.000650654
0.0120817 -0.000335785 -1.14814e-09 -0.000335785 0.0104214 -2.59806e-07 -1.14814e-09 -2.59806e-07 1.03522e-06 
51
0
0
0.00152782
0.0120817 -0.000335781 -1.1447e-09 -0.000335781 0.0104214 -2.59814e-07 -1.1447e-09 -2.59814e-07 1.03522e-06 
52
0
0
0.000361468
0.0120818 -0.000335766 -1.13412e-09 -0.000335766 0.0104214 -2.59823e-07 -1.13412e-09 -2.59823e-07 1.03522e-06 
53
0
0
-0.000596194
0.0120817 -0.000335779 -1.13896e-09 -0.000335779 0.0104214 -2.5983e-07 -1.13896e-09 -2.5983e-07 1.03522e-06 
54
0
0
0.00052211
0.0120817 -0.000335799 -1.14803e-09 -0.000335799 0.0104214 -2.59837e-07 -1.14803e-09 -2.59837e-07 1.03522e-06 
55
0
0
-1.8421e-05
0.0120817 -0.000335789 -1.14048e-09 -0.000335789 0.0104214 -2.59844e-07 -1.14048e-09 -2.59844e-07 1.03522e-06 
56
0
0
0.000357987
0.0120817 -0.000335793 -1.14094e-09 -0.000335793 0.0104214 -2.5985e-07 -1.14094e-09 -2.5985e-07 1.03522e-06 
57
0
0
-0.000500749
0.0120817 -0.000335789 -1.13564e-09 -0.000335789 0.0104214 -2.59856e-07 -1.13564e-09 -2.59856e-07 1.03522e-06 
58
0
0
-0.000165167
0.0120817 -0.000335801 -1.13993e-09 -0.000335801 0.0104214 -2.5986e-07 -1.13993e-09 -2.5986e-07 1.03522e-06 
59
0
0
0.000622731
0.0120817 -0.0003358 -1.14275e-09 -0.0003358 0.0104214 -2.59868e-07 -1.14275e-09 -2.59868e-07 1.03522e-06 
60
0
0
-0.000319288
0.0120817 -0.000335788 -1.13786e-09 -0.000335788 0.0104214 -2.59874e-07 -1.13786e-09 -2.59874e-07 1.03522e-06 
61
0
0
0.000811024
0.0120817 -0.000335798 -1.14394e-09 -0.000335798 0.0104214 -2.59878e-07 -1.14394e-09 -2.59878e-07 1.03522e-06 
62
0
0
0.00204943
0.0120817 -0.000335784 -1.13602e-09 -0.000335784 0.0104214 -2.5988e-07 -1.13602e-09 -2.5988e-07 1.03522e-06 
63
0
0
0.000351976
0.0120818 -0.000335759 -1.12284e-09 -0.000335759 0.0104214 -2.59881e-07 -1.12284e-09 -2.59881e-07 1.03522e-06 
64
0
0
-6.05455e-05
0.0120817 -0.000335776 -1.13112e-09 -0.000335776 0.0104214 -2.59884e-07 -1.13112e-09 -2.59884e-07 1.03522e-06 
65
0
0
0.000882938
0.0120817 -0.000335789 -1.13588e-09 -0.000335789 0.0104214 -2.59885e-07 -1.13588e-09 -2.59885e-07 1.03522e-06 
66
0
0
0.000639262
0.0120817 -0.000335779 -1.12868e-09 -0.000335779 0.0104214 -2.59887e-07 -1.12868e-09 -2.59887e-07 1.03522e-06 
67
0
0
-9.42418e-05
0.0120817 -0.000335779 -1.13437e-09 -0.000335779 0.0104214 -2.59888e-07 -1.13437e-09 -2.59888e-07 1.03522e-06 
68
0
0
-0.00068273
0.0120817 -0.000335791 -1.14631e-09 -0.000335791 0.0104214 -2.59887e-07 -1.14631e-09 -2.59887e-07 1.03522e-06 
69
0
0
0.000165734
0.0120817 -0.000335805 -1.15683e-09 -0.000335805 0.0104214 -2.59887e-07 -1.15683e-09 -2.59887e-07 1.03522e-06 
70
0
0
-0.000922717
0.0120817 -0.000335797 -1.15193e-09 -0.000335797 0.0104214 -2.59888e-07 -1.15193e-09 -2.59888e-07 1.03522e-06 
71
0
0
-0.00195309
0.0120817 -0.000335811 -1.15787e-09 -0.000335811 0.0104214 -2.5989e-07 -1.15787e-09 -2.5989e-07 1.03522e-06 
72
0
0
-0.0011182
0.0120817 -0.000335832 -1.16793e-09 -0.000335832 0.0104215 -2.5989e-07 -1.16793e-09 -2.5989e-07 1.03522e-06 
73
0
0
-0.000320846
0.0120817 -0.000335828 -1.16423e-09 -0.000335828 0.0104214 -2.59892e-07 -1.16423e-09 -2.59892e-07 1.03522e-06 
74
0
0
0.000338411
0.0120817 -0.000335813 -1.15429e-09 -0.000335813 0.0104214 -2.59894e-07 -1.15429e-09 -2.59894e-07 1.03522e-06 
75
0
0
0.000342887
0.0120817 -0.000335797 -1.14058e-09 -0.000335797 0.0104214 -2.59894e-07 -1.14058e-09 -2.59894e-07 1.03522e-06 
76
0
0
7.38294e-06
0.0120817 -0.000335791 -1.13373e-09 -0.000335791 0.0104214 -2.5989e-07 -1.13373e-09 -2.5989e-07 1.03522e-06 
77
0
0
0.00148832
0.0120817 -0.000335794 -1.13382e-09 -0.000335794 0.0104214 -2.59886e-07 -1.13382e-09 -2.59886e-07 1.03522e-06 
78
0
0
0.000694042
0.0120818 -0.000335771 -1.12074e-09 -0.000335771 0.0104214 -2.59883e-07 -1.12074e-09 -2.59883e-07 1.03522e-06 
79
0
0
0.000143495
0.0120817 -0.000335776 -1.12268e-09 -0.000335776 0.0104214 -2.59882e-07 -1.12268e-09 -2.59882e-07 1.03522e-06 
80
0
0
0.000538687
0.0120817 -0.000335786 -1.12798e-09 -0.000335786 0.0104214 -2.59882e-07 -1.12798e-09 -2.59882e-07 1.03522e-06 
81
0
0
0.000579498
0.0120817 -0.000335783 -1.12584e-09 -0.000335783 0.0104214 -2.59883e-07 -1.12584e-09 -2.59883e-07 1.03522e-06 
82
0
0
0.00138479
0.0120817 -0.000335782 -1.12448e-09 -0.000335782 0.0104214 -2.59884e-07 -1.12448e-09 -2.59884e-07 1.03522e-06 
83
0
0
0.000210778
0.0120818 -0.000335769 -1.11435e-09 -0.000335769 0.0104214 -2.59884e-07 -1.11435e-09 -2.59884e-07 1.03522e-06 
84
0
0
-0.000132657
0.0120817 -0.000335782 -1.11946e-09 -0.000335782 0.0104214 -2.59883e-07 -1.11946e-09 -2.59883e-07 1.03522e-06 
85
0
0
-0.00023419
0.0120817 -0.000335793 -1.12231e-09 -0.000335793 0.0104214 -2.59884e-07 -1.12231e-09 -2.59884e-07 1.03522e-06 
86
0
0
0.00102425
0.0120817 -0.000335798 -1.12202e-09 -0.000335798 0.0104214 -2.59884e-07 -1.12202e-09 -2.59884e-07 1.03522e-06 
87
0
0
-0.000181288
0.0120817 -0.000335781 -1.10931e-09 -0.000335781 0.0104214 -2.59883e-07 -1.10931e-09 -2.59883e-07 1.03522e-06 
88
0
0
-4.47219e-05
0.0120817 -0.000335793 -1.11431e-09 -0.000335793 0.0104214 -2.59883e-07 -1.11431e-09 -2.59883e-07 1.03522e-06 
89
0
0
4.17527e-05
0.0120817 -0.000335795 -1.11412e-09 -0.000335795 0.0104214 -2.59882e-07 -1.11412e-09 -2.59882e-07 1.03522e-06 
90
0
0
0.00089272
0.0120817 -0.000335795 -1.12247e-09 -0.000335795 0.0104214 -2.59887e-07 -1.12247e-09 -2.59887e-07 1.03522e-06 
91
0
0
-0.000351202
0.0120817 -0.000335781 -1.12096e-09 -0.000335781 0.0104214 -2.5989e-07 -1.12096e-09 -2.5989e-07 1.03522e-06 
92
0
0
-0.000343208
0.0120817 -0.000335796 -1.1315e-09 -0.000335796 0.0104214 -2.59892e-07 -1.1315e-09 -2.59892e-07 1.03522e-06 
93
0
0
-0.00011513
0.0120817 -0.000335801 -1.13514e-09 -0.000335801 0.0104214 -2.59893e-07 -1.13514e-09 -2.59893e-07 1.03522e-06 
94
0
0
-0.000475947
0.0120817 -0.0003358 -1.13429e-09 -0.0003358 0.0104214 -2.59894e-07 -1.13429e-09 -2.59894e-07 1.03522e-06 
95
0
0
0.000654689
0.0120817 -0.000335805 -1.13696e-09 -0.000335805 0.0104214 -2.59894e-07 -1.13696e-09 -2.59894e-07 1.03522e-06 
96
0
0
7.58986e-05
0.0120817 -0.000335789 -1.12724e-09 -0.000335789 0.0104214 -2.59893e-07 -1.12724e-09 -2.59893e-07 1.03522e-06 
97
0
0
0.000592326
0.0120817 -0.000335792 -1.12806e-09 -0.000335792 0.0104214 -2.59893e-07 -1.12806e-09 -2.59893e-07 1.03522e-06 
98
0
0
1.26054e-05
0.0120817 -0.000335785 -1.12303e-09 -0.000335785 0.0104214 -2.59892e-07 -1.12303e-09 -2.59892e-07 1.03522e-06 
99
0
0
-0.000321213
0.0120817 -0.000335791 -1.12818e-09 -0.000335791 0.0104214 -2.59892e-07 -1.12818e-09 -2.59892e-07 1.03522e-06 
100
0
0
-9.53476e-05
0.0120817 -0.000335799 -1.133e-09 -0.000335799 0.0104214 -2.59892e-07 -1.133e-09 -2.59892e-07 1.03522e-06 
101
0
0
0.000454529
0.0120817 -0.000335799 -1.1321e-09 -0.000335799 0.0104214 -2.59894e-07 -1.1321e-09 -2.59894e-07 1.03522e-06 
102
0
0
0.000862793
0.0120817 -0.00033579 -1.12665e-09 -0.00033579 0.0104214 -2.59895e-07 -1.12665e-09 -2.59895e-07 1.03522e-06 
103
0
0
0.000350059
0.0120817 -0.00033578 -1.12154e-09 -0.00033578 0.0104214 -2.59895e-07 -1.12154e-09 -2.59895e-07 1.03522e-06 
104
0
0
0.000846447
0.0120817 -0.000335784 -1.1242e-09 -0.000335784 0.0104214 -2.59893e-07 -1.1242e-09 -2.59893e-07 1.03522e-06 
105
0
0
0.000722646
0.0120817 -0.000335778 -1.12064e-09 -0.000335778 0.0104214 -2.59891e-07 -1.12064e-09 -2.59891e-07 1.03522e-06 
106
0
0
-9.89588e-05
0.0120817 -0.000335778 -1.11964e-09 -0.000335778 0.0104214 -2.5989e-07 -1.11964e-09 -2.5989e-07 1.03522e-06 
107
0
0
0.00081834
0.0120817 -0.00033579 -1.12978e-09 -0.00033579 0.0104214 -2.59892e-07 -1.12978e-09 -2.59892e-07 1.03522e-06 
108
0
0
0.000439814
0.0120817 -0.000335781 -1.125e-09 -0.000335781 0.0104214 -2.59895e-07 -1.125e-09 -2.59895e-07 1.03522e-06 
109
0
0
0.000560187
0.0120817 -0.000335783 -1.12756e-09 -0.000335783 0.0104214 -2.59898e-07 -1.12756e-09 -2.59898e-07 1.03522e-06 
110
0
0
0.000385965
0.0120817 -0.000335782 -1.12728e-09 -0.000335782 0.0104214 -2.59899e-07 -1.12728e-09 -2.59899e-07 1.03522e-06 
111
0
0
2.02951e-05
0.0120817 -0.000335784 -1.12818e-09 -0.000335784 0.0104214 -2.59899e-07 -1.12818e-09 -2.59899e-07 1.03522e-06 
112
0
0
4.8914e-05
0.0120817 -0.000335791 -1.13228e-09 -0.000335791 0.0104214 -2.59897e-07 -1.13228e-09 -2.59897e-07 1.03522e-06 
113
0
0
1.76724e-06
0.0120817 -0.000335793 -1.13355e-09 -0.000335793 0.0104214 -2.59896e-07 -1.13355e-09 -2.59896e-07 1.03522e-06 
114
0
0
0.000139262
0.0120817 -0.000335795 -1.13319e-09 -0.000335795 0.0104214 -2.59895e-07 -1.13319e-09 -2.59895e-07 1.03522e-06 
115
0
0
0.00117357
0.0120817 -0.000335793 -1.13305e-09 -0.000335793 0.0104214 -2.59892e-07 -1.13305e-09 -2.59892e-07 1.03522e-06 
116
0
0
-0.000113377
0.0120817 -0.000335776 -1.1239e-09 -0.000335776 0.0104214 -2.59892e-07 -1.1239e-09 -2.59892e-07 1.03522e-06 
117
0
0
-0.000117767
0.0120817 -0.00033579 -1.13167e-09 -0.00033579 0.0104214 -2.5989e-07 -1.13167e-09 -2.5989e-07 1.03522e-06 
118
0
0
0.000430249
0.0120817 -0.000335796 -1.13375e-09 -0.000335796 0.0104214 -2.59889e-07 -1.13375e-09 -2.59889e-07 1.03522e-06 
119
0
0
-0.000368668
0.0120817 -0.000335789 -1.12944e-09 -0.000335789 0.0104214 -2.59887e-07 -1.12944e-09 -2.59887e-07 1.03522e-06 
120
0
0
-0.000357837
0.0120817 -0.000335799 -1.13426e-09 -0.000335799 0.0104214 -2.59885e-07 -1.13426e-09 -2.59885e-07 1.03522e-06 
121
0
0
-0.000270191
0.0120817 -0.000335803 -1.13546e-09 -0.000335803 0.0104214 -2.59883e-07 -1.13546e-09 -2.59883e-07 1.03522e-06 
122
0
0
-0.000311677
0.0120817 -0.000335803 -1.13411e-09 -0.000335803 0.0104214 -2.59882e-07 -1.13411e-09 -2.59882e-07 1.03522e-06 
123
0
0
-0.000328194
0.0120817 -0.000335803 -1.13871e-09 -0.000335803 0.0104214 -2.59881e-07 -1.13871e-09 -2.59881e-07 1.03522e-06 
124
0
0
-0.000858119
0.0120817 -0.000335804 -1.14231e-09 -0.000335804 0.0104214 -2.59882e-07 -1.14231e-09 -2.59882e-07 1.03522e-06 
125
0
0
-0.000770508
0.0120817 -0.000335812 -1.14871e-09 -0.000335812 0.0104214 -2.59882e-07 -1.14871e-09 -2.59882e-07 1.03522e-06 
126
0
0
-0.00051219
0.0120817 -0.000335814 -1.15011e-09 -0.000335814 0.0104214 -2.59882e-07 -1.15011e-09 -2.59882e-07 1.03522e-06 
127
0
0
-0.000202524
0.0120817 -0.000335811 -1.14727e-09 -0.000335811 0.0104214 -2.59882e-07 -1.14727e-09 -2.59882e-07 1.03522e-06 
128
0
0
0.000117428
0.0120817 -0.000335805 -1.14327e-09 -0.000335805 0.0104214 -2.59882e-07 -1.14327e-09 -2.59882e-07 1.03522e-06 
129
0
0
0.000538334
0.0120817 -0.000335797 -1.1388e-09 -0.000335797 0.0104214 -2.59883e-07 -1.1388e-09 -2.59883e-07 1.03522e-06 
130
0
0
-0.000805889
0.0120817 -0.000335788 -1.13302e-09 -0.000335788 0.0104214 -2.59884e-07 -1.13302e-09 -2.59884e-07 1.03522e-06 
131
0
0
0.000227553
0.0120817 -0.000335806 -1.14535e-09 -0.000335806 0.0104214 -2.59888e-07 -1.14535e-09 -2.59888e-07 1.03522e-06 
132
0
0
0.000118992
0.0120817 -0.000335796 -1.14184e-09 -0.000335796 0.0104214 -2.59891e-07 -1.14184e-09 -2.59891e-07 1.03522e-06 
133
0
0
9.45244e-05
0.0120817 -0.000335794 -1.14137e-09 -0.000335794 0.0104214 -2.59893e-07 -1.14137e-09 -2.59893e-07 1.03522e-06 
134
0
0
-0.00100919
0.0120817 -0.000335794 -1.1406e-09 -0.000335794 0.0104214 -2.59894e-07 -1.1406e-09 -2.59894e-07 1.03522e-06 
135
0
0
-0.000591491
0.0120817 -0.000335811 -1.14843e-09 -0.000335811 0.0104214 -2.59896e-07 -1.14843e-09 -2.59896e-07 1.03522e-06 
136
0
0
-0.000242073
0.0120817 -0.000335811 -1.14629e-09 -0.000335811 0.0104214 -2.59896e-07 -1.14629e-09 -2.59896e-07 1.03522e-06 
137
0
0
0.000323996
0.0120817 -0.000335805 -1.1429e-09 -0.000335805 0.0104214 -2.59896e-07 -1.1429e-09 -2.59896e-07 1.03522e-06 
138
0
0
-0.000322991
0.0120817 -0.000335794 -1.13731e-09 -0.000335794 0.0104214 -2.59895e-07 -1.13731e-09 -2.59895e-07 1.03522e-06 
139
0
0
-0.000299956
0.0120817 -0.0003358 -1.14718e-09 -0.0003358 0.0104214 -2.59894e-07 -1.14718e-09 -2.59894e-07 1.03522e-06 
140
0
0
0.00081038
0.0120817 -0.000335802 -1.15099e-09 -0.000335802 0.0104214 -2.59892e-07 -1.15099e-09 -2.59892e-07 1.03522e-06 
141
0
0
-0.000804734
0.0120817 -0.000335785 -1.14341e-09 -0.000335785 0.0104214 -2.59891e-07 -1.14341e-09 -2.59891e-07 1.03522e-06 
142
0
0
-0.000305568
0.0120817 -0.000335805 -1.15547e-09 -0.000335805 0.0104214 -2.5989e-07 -1.15547e-09 -2.5989e-07 1.03522e-06 
143
0
0
-0.000623383
0.0120817 -0.000335804 -1.15506e-09 -0.000335804 0.0104214 -2.5989e-07 -1.15506e-09 -2.5989e-07 1.03522e-06 
144
0
0
-0.000557743
0.0120817 -0.000335809 -1.15682e-09 -0.000335809 0.0104214 -2.5989e-07 -1.15682e-09 -2.5989e-07 1.03522e-06 
145
0
0
0.000501901
0.0120817 -0.00033581 -1.15582e-09 -0.00033581 0.0104214 -2.59889e-07 -1.15582e-09 -2.59889e-07 1.03522e-06 
146
0
0
0.000355395
0.0120817 -0.000335793 -1.14595e-09 -0.000335793 0.0104214 -2.59889e-07 -1.14595e-09 -2.59889e-07 1.03522e-06 
147
0
0
-0.000106177
0.0120817 -0.000335789 -1.14708e-09 -0.000335789 0.0104214 -2.59889e-07 -1.14708e-09 -2.59889e-07 1.03522e-06 
148
0
0
0.000642522
0.0120817 -0.000335795 -1.1519e-09 -0.000335795 0.0104214 -2.59889e-07 -1.1519e-09 -2.59889e-07 1.03522e-06 
149
0
0
0.000490387
0.0120817 -0.000335785 -1.14685e-09 -0.000335785 0.0104214 -2.5989e-07 -1.14685e-09 -2.5989e-07 1.03522e-06 
150
0
0
0.000639212
0.0120817 -0.000335784 -1.14515e-09 -0.000335784 0.0104214 -2.59889e-07 -1.14515e-09 -2.59889e-07 1.03522e-06 
151
0
0
-1.5875e-05
0.0120817 -0.000335781 -1.14265e-09 -0.000335781 0.0104214 -2.59888e-07 -1.14265e-09 -2.59888e-07 1.03522e-06 
152
0
0
0.00078619
0.0120817 -0.00033579 -1.1481e-09 -0.00033579 0.0104214 -2.59888e-07 -1.1481e-09 -2.59888e-07 1.03522e-06 
153
0
0
-0.000913237
0.0120817 -0.000335781 -1.14338e-09 -0.000335781 0.0104214 -2.59889e-07 -1.14338e-09 -2.59889e-07 1.03522e-06 
154
0
0
-0.000321632
0.0120817 -0.000335805 -1.15605e-09 -0.000335805 0.0104214 -2.5989e-07 -1.15605e-09 -2.5989e-07 1.03522e-06 
