0
0
0
0.000515028
0.00632102 -7.44339e-05 -4.31087e-09 -7.44339e-05 0.0065425 -1.42373e-07 -4.31087e-09 -1.42373e-07 1.21851e-06 
1
0
0
0.000226823
0.0093053 -0.000180886 -4.21098e-09 -0.000180886 0.00905162 -1.84356e-07 -4.21098e-09 -1.84356e-07 1.03651e-06 
2
0
0
0.000139418
0.0107701 -0.000255989 -3.75351e-09 -0.000255989 0.00996569 -2.08412e-07 -3.75351e-09 -2.08412e-07 1.03685e-06 
3
0
0
0.000279667
0.0114639 -0.000297128 -3.33426e-09 -0.000297128 0.010272 -2.19326e-07 -3.33426e-09 -2.19326e-07 1.0371e-06 
4
0
0
0.000883398
0.0117902 -0.000317553 -3.04098e-09 -0.000317553 0.0103719 -2.24987e-07 -3.04098e-09 -2.24987e-07 1.03671e-06 
5
0
0
0.00129059
0.0119437 -0.000327266 -2.83613e-09 -0.000327266 0.0104043 -2.28781e-07 -2.83613e-09 -2.28781e-07 1.03631e-06 
6
0
0
-3.51126e-05
0.0120159 -0.000331796 -2.68092e-09 -0.000331796 0.0104149 -2.31867e-07 -2.68092e-09 -2.31867e-07 1.036e-06 
7
0
0
0.000268124
0.01205 -0.000333915 -2.5617e-09 -0.000333915 0.0104184 -2.34617e-07 -2.5617e-09 -2.34617e-07 1.03576e-06 
8
0
0
-0.00063837
0.0120662 -0.00033489 -2.45021e-09 -0.00033489 0.0104197 -2.37139e-07 -2.45021e-09 -2.37139e-07 1.03558e-06 
9
0
0
0.000628157
0.0120739 -0.000335357 -2.35497e-09 -0.000335357 0.0104202 -2.39466e-07 -2.35497e-09 -2.39466e-07 1.03545e-06 
10
0
0
-9.09767e-05
0.0120777 -0.000335556 -2.25348e-09 -0.000335556 0.0104204 -2.41608e-07 -2.25348e-09 -2.41608e-07 1.03535e-06 
11
0
0
0.000168357
0.0120795 -0.000335664 -2.16927e-09 -0.000335664 0.0104206 -2.4357e-07 -2.16927e-09 -2.4357e-07 1.03528e-06 
12
0
0
0.000452244
0.0120804 -0.000335713 -2.08483e-09 -0.000335713 0.0104207 -2.45358e-07 -2.08483e-09 -2.45358e-07 1.03523e-06 
13
0
0
7.81006e-05
0.0120809 -0.000335734 -2.0057e-09 -0.000335734 0.0104208 -2.4698e-07 -2.0057e-09 -2.4698e-07 1.03519e-06 
14
0
0
-0.000274542
0.0120812 -0.000335753 -1.93781e-09 -0.000335753 0.0104209 -2.48446e-07 -1.93781e-09 -2.48446e-07 1.03517e-06 
15
0
0
-0.000201057
0.0120814 -0.000335769 -1.87815e-09 -0.000335769 0.010421 -2.49766e-07 -1.87815e-09 -2.49766e-07 1.03515e-06 
16
0
0
0.000881779
0.0120815 -0.000335776 -1.82171e-09 -0.000335776 0.010421 -2.5095e-07 -1.82171e-09 -2.5095e-07 1.03514e-06 
17
0
0
0.000170673
0.0120815 -0.000335764 -1.76186e-09 -0.000335764 0.0104211 -2.52008e-07 -1.76186e-09 -2.52008e-07 1.03514e-06 
18
0
0
0.000633821
0.0120816 -0.000335772 -1.71919e-09 -0.000335772 0.0104211 -2.52951e-07 -1.71919e-09 -2.52951e-07 1.03514e-06 
19
0
0
0.000294274
0.0120816 -0.000335769 -1.67554e-09 -0.000335769 0.0104212 -2.53791e-07 -1.67554e-09 -2.53791e-07 1.03514e-06 
20
0
0
0.000219821
0.0120817 -0.000335774 -1.64364e-09 -0.000335774 0.0104212 -2.54537e-07 -1.64364e-09 -2.54537e-07 1.03514e-06 
21
0
0
-0.000665028
0.0120817 -0.000335779 -1.61434e-09 -0.000335779 0.0104212 -2.55197e-07 -1.61434e-09 -2.55197e-07 1.03515e-06 
22
0
0
-0.00107229
0.0120817 -0.000335795 -1.59516e-09 -0.000335795 0.0104213 -2.55782e-07 -1.59516e-09 -2.55782e-07 1.03515e-06 
23
0
0
-5.92185e-05
0.0120817 -0.000335808 -1.57709e-09 -0.000335808 0.0104213 -2.56298e-07 -1.57709e-09 -2.56298e-07 1.03516e-06 
24
0
0
-0.000615941
0.0120817 -0.000335798 -1.54881e-09 -0.000335798 0.0104213 -2.56753e-07 -1.54881e-09 -2.56753e-07 1.03516e-06 
25
0
0
0.000232164
0.0120817 -0.000335803 -1.5322e-09 -0.000335803 0.0104213 -2.57153e-07 -1.5322e-09 -2.57153e-07 1.03517e-06 
26
0
0
-0.000751358
0.0120817 -0.000335792 -1.50859e-09 -0.000335792 0.0104213 -2.57506e-07 -1.50859e-09 -2.57506e-07 1.03517e-06 
27
0
0
-0.000626623
0.0120817 -0.000335804 -1.50014e-09 -0.000335804 0.0104214 -2.57815e-07 -1.50014e-09 -2.57815e-07 1.03518e-06 
28
0
0
-0.000267913
0.0120817 -0.000335807 -1.49372e-09 -0.000335807 0.0104214 -2.58087e-07 -1.49372e-09 -2.58087e-07 1.03518e-06 
29
0
0
0.000295422
0.0120817 -0.000335803 -1.48386e-09 -0.000335803 0.0104214 -2.58325e-07 -1.48386e-09 -2.58325e-07 1.03519e-06 
30
0
0
-0.000664898
0.0120817 -0.000335792 -1.47106e-09 -0.000335792 0.0104214 -2.58534e-07 -1.47106e-09 -2.58534e-07 1.03519e-06 
31
0
0
0.000614365
0.0120817 -0.000335804 -1.47028e-09 -0.000335804 0.0104214 -2.58717e-07 -1.47028e-09 -2.58717e-07 1.03519e-06 
32
0
0
-0.000194092
0.0120817 -0.000335788 -1.4546e-09 -0.000335788 0.0104214 -2.58877e-07 -1.4546e-09 -2.58877e-07 1.0352e-06 
33
0
0
-7.11551e-05
0.0120817 -0.000335795 -1.4524e-09 -0.000335795 0.0104214 -2.59017e-07 -1.4524e-09 -2.59017e-07 1.0352e-06 
34
0
0
0.000792212
0.0120817 -0.000335796 -1.44749e-09 -0.000335796 0.0104214 -2.59139e-07 -1.44749e-09 -2.59139e-07 1.0352e-06 
35
0
0
0.000302795
0.0120817 -0.000335782 -1.43543e-09 -0.000335782 0.0104214 -2.59246e-07 -1.43543e-09 -2.59246e-07 1.0352e-06 
36
0
0
0.000972454
0.0120817 -0.000335785 -1.43718e-09 -0.000335785 0.0104214 -2.59341e-07 -1.43718e-09 -2.59341e-07 1.03521e-06 
37
0
0
-4.32194e-05
0.0120817 -0.000335776 -1.43113e-09 -0.000335776 0.0104214 -2.59423e-07 -1.43113e-09 -2.59423e-07 1.03521e-06 
38
0
0
0.000980212
0.0120817 -0.000335788 -1.43672e-09 -0.000335788 0.0104214 -2.59493e-07 -1.43672e-09 -2.59493e-07 1.03521e-06 
39
0
0
0.000110088
0.0120817 -0.000335777 -1.429e-09 -0.000335777 0.0104214 -2.59554e-07 -1.429e-09 -2.59554e-07 1.03521e-06 
40
0
0
-0.000391851
0.0120817 -0.000335786 -1.43309e-09 -0.000335786 0.0104214 -2.59608e-07 -1.43309e-09 -2.59608e-07 1.03521e-06 
41
0
0
-0.000584251
0.0120817 -0.000335798 -1.43753e-09 -0.000335798 0.0104214 -2.59655e-07 -1.43753e-09 -2.59655e-07 1.03521e-06 
42
0
0
-0.00070397
0.0120817 -0.000335806 -1.43954e-09 -0.000335806 0.0104214 -2.59696e-07 -1.43954e-09 -2.59696e-07 1.03521e-06 
43
0
0
-0.000255398
0.0120817 -0.00033581 -1.44041e-09 -0.00033581 0.0104214 -2.59731e-07 -1.44041e-09 -2.59731e-07 1.03522e-06 
44
0
0
9.47369e-05
0.0120817 -0.000335805 -1.43814e-09 -0.000335805 0.0104214 -2.59761e-07 -1.43814e-09 -2.59761e-07 1.03522e-06 
45
0
0
0.000339431
0.0120817 -0.000335798 -1.43467e-09 -0.000335798 0.0104214 -2.59788e-07 -1.43467e-09 -2.59788e-07 1.03522e-06 
46
0
0
0.00076592
0.0120817 -0.000335791 -1.43083e-09 -0.000335791 0.0104214 -2.59811e-07 -1.43083e-09 -2.59811e-07 1.03522e-06 
47
0
0
-0.000463327
0.0120817 -0.000335782 -1.42575e-09 -0.000335782 0.0104214 -2.59832e-07 -1.42575e-09 -2.59832e-07 1.03522e-06 
48
0
0
-2.87914e-05
0.0120817 -0.000335797 -1.43395e-09 -0.000335797 0.0104214 -2.5985e-07 -1.43395e-09 -2.5985e-07 1.03522e-06 
49
0
0
-0.000305263
0.0120817 -0.000335797 -1.43155e-09 -0.000335797 0.0104214 -2.59866e-07 -1.43155e-09 -2.59866e-07 1.03522e-06 
50
0
0
-1.00507e-05
0.0120817 -0.000335801 -1.43282e-09 -0.000335801 0.0104214 -2.59879e-07 -1.43282e-09 -2.59879e-07 1.03522e-06 
51
0
0
0.000543162
0.0120817 -0.000335798 -1.42995e-09 -0.000335798 0.0104214 -2.59891e-07 -1.42995e-09 -2.59891e-07 1.03522e-06 
52
0
0
0.00014998
0.0120817 -0.000335788 -1.42251e-09 -0.000335788 0.0104214 -2.59902e-07 -1.42251e-09 -2.59902e-07 1.03522e-06 
53
0
0
-0.000180198
0.0120817 -0.00033579 -1.42247e-09 -0.00033579 0.0104214 -2.59911e-07 -1.42247e-09 -2.59911e-07 1.03522e-06 
54
0
0
-0.00102204
0.0120817 -0.000335796 -1.42445e-09 -0.000335796 0.0104214 -2.59918e-07 -1.42445e-09 -2.59918e-07 1.03522e-06 
55
0
0
-0.000540215
0.0120817 -0.000335812 -1.43216e-09 -0.000335812 0.0104214 -2.59924e-07 -1.43216e-09 -2.59924e-07 1.03522e-06 
56
0
0
-0.000388578
0.0120817 -0.00033581 -1.42991e-09 -0.00033581 0.0104214 -2.5993e-07 -1.42991e-09 -2.5993e-07 1.03522e-06 
57
0
0
-4.24397e-05
0.0120817 -0.000335807 -1.42771e-09 -0.000335807 0.0104214 -2.59935e-07 -1.42771e-09 -2.59935e-07 1.03522e-06 
58
0
0
0.000139363
0.0120817 -0.000335801 -1.42407e-09 -0.000335801 0.0104214 -2.5994e-07 -1.42407e-09 -2.5994e-07 1.03522e-06 
59
0
0
0.000557132
0.0120817 -0.000335795 -1.42178e-09 -0.000335795 0.0104214 -2.59944e-07 -1.42178e-09 -2.59944e-07 1.03522e-06 
60
0
0
0.000529422
0.0120817 -0.000335787 -1.41207e-09 -0.000335787 0.0104214 -2.59942e-07 -1.41207e-09 -2.59942e-07 1.03522e-06 
61
0
0
-0.000176706
0.0120817 -0.000335784 -1.40667e-09 -0.000335784 0.0104214 -2.59942e-07 -1.40667e-09 -2.59942e-07 1.03522e-06 
62
0
0
-0.00061223
0.0120817 -0.000335794 -1.40953e-09 -0.000335794 0.0104214 -2.59943e-07 -1.40953e-09 -2.59943e-07 1.03522e-06 
63
0
0
4.22113e-05
0.0120817 -0.000335805 -1.41388e-09 -0.000335805 0.0104214 -2.59944e-07 -1.41388e-09 -2.59944e-07 1.03522e-06 
64
0
0
-0.000235137
0.0120817 -0.000335798 -1.40961e-09 -0.000335798 0.0104214 -2.59945e-07 -1.40961e-09 -2.59945e-07 1.03522e-06 
65
0
0
0.000870794
0.0120817 -0.0003358 -1.41066e-09 -0.0003358 0.0104214 -2.59946e-07 -1.41066e-09 -2.59946e-07 1.03522e-06 
66
0
0
0.000869417
0.0120817 -0.000335784 -1.40191e-09 -0.000335784 0.0104214 -2.59947e-07 -1.40191e-09 -2.59947e-07 1.03522e-06 
67
0
0
3.78709e-05
0.0120817 -0.000335777 -1.39917e-09 -0.000335777 0.0104214 -2.59948e-07 -1.39917e-09 -2.59948e-07 1.03522e-06 
68
0
0
0.000877307
0.0120817 -0.000335788 -1.39616e-09 -0.000335788 0.0104214 -2.59949e-07 -1.39616e-09 -2.59949e-07 1.03522e-06 
69
0
0
0.000986096
0.0120817 -0.000335779 -1.38426e-09 -0.000335779 0.0104214 -2.5995e-07 -1.38426e-09 -2.5995e-07 1.03522e-06 
70
0
0
0.000384089
0.0120818 -0.000335774 -1.37827e-09 -0.000335774 0.0104214 -2.5995e-07 -1.37827e-09 -2.5995e-07 1.03522e-06 
71
0
0
2.35885e-05
0.0120817 -0.000335781 -1.37969e-09 -0.000335781 0.0104214 -2.59951e-07 -1.37969e-09 -2.59951e-07 1.03522e-06 
72
0
0
-0.000264471
0.0120817 -0.00033579 -1.38221e-09 -0.00033579 0.0104214 -2.59951e-07 -1.38221e-09 -2.59951e-07 1.03522e-06 
73
0
0
-0.00021915
0.0120817 -0.000335798 -1.38458e-09 -0.000335798 0.0104214 -2.59952e-07 -1.38458e-09 -2.59952e-07 1.03522e-06 
74
0
0
-0.000336456
0.0120817 -0.0003358 -1.38491e-09 -0.0003358 0.0104214 -2.59953e-07 -1.38491e-09 -2.59953e-07 1.03522e-06 
75
0
0
-1.57377e-05
0.0120817 -0.000335803 -1.38594e-09 -0.000335803 0.0104214 -2.59953e-07 -1.38594e-09 -2.59953e-07 1.03522e-06 
76
0
0
0.000689826
0.0120817 -0.000335799 -1.37753e-09 -0.000335799 0.0104214 -2.59954e-07 -1.37753e-09 -2.59954e-07 1.03522e-06 
77
0
0
0.000657117
0.0120817 -0.000335786 -1.36582e-09 -0.000335786 0.0104214 -2.59955e-07 -1.36582e-09 -2.59955e-07 1.03522e-06 
78
0
0
0.00107148
0.0120817 -0.000335781 -1.36083e-09 -0.000335781 0.0104214 -2.59955e-07 -1.36083e-09 -2.59955e-07 1.03522e-06 
79
0
0
0.000633925
0.0120818 -0.000335773 -1.35536e-09 -0.000335773 0.0104214 -2.59955e-07 -1.35536e-09 -2.59955e-07 1.03522e-06 
80
0
0
0.000429485
0.0120817 -0.000335777 -1.3564e-09 -0.000335777 0.0104214 -2.59955e-07 -1.3564e-09 -2.59955e-07 1.03522e-06 
81
0
0
-0.000106119
0.0120817 -0.000335782 -1.35778e-09 -0.000335782 0.0104214 -2.59955e-07 -1.35778e-09 -2.59955e-07 1.03522e-06 
82
0
0
-0.000132383
0.0120817 -0.000335792 -1.36248e-09 -0.000335792 0.0104214 -2.59956e-07 -1.36248e-09 -2.59956e-07 1.03522e-06 
83
0
0
-0.00180394
0.0120817 -0.000335796 -1.36355e-09 -0.000335796 0.0104214 -2.59957e-07 -1.36355e-09 -2.59957e-07 1.03522e-06 
84
0
0
-0.00141462
0.0120817 -0.000335825 -1.37831e-09 -0.000335825 0.0104214 -2.59958e-07 -1.37831e-09 -2.59958e-07 1.03522e-06 
85
0
0
-1.95599e-06
0.0120817 -0.000335829 -1.37994e-09 -0.000335829 0.0104214 -2.5996e-07 -1.37994e-09 -2.5996e-07 1.03522e-06 
86
0
0
2.39351e-05
0.0120817 -0.000335808 -1.36884e-09 -0.000335808 0.0104214 -2.59961e-07 -1.36884e-09 -2.59961e-07 1.03522e-06 
87
0
0
-0.000310073
0.0120817 -0.0003358 -1.36539e-09 -0.0003358 0.0104214 -2.59961e-07 -1.36539e-09 -2.59961e-07 1.03522e-06 
88
0
0
0.000404609
0.0120817 -0.000335802 -1.36693e-09 -0.000335802 0.0104214 -2.59961e-07 -1.36693e-09 -2.59961e-07 1.03522e-06 
89
0
0
-0.00047905
0.0120817 -0.000335792 -1.3612e-09 -0.000335792 0.0104214 -2.59961e-07 -1.3612e-09 -2.59961e-07 1.03522e-06 
90
0
0
-0.000277287
0.0120817 -0.000335802 -1.36701e-09 -0.000335802 0.0104214 -2.59961e-07 -1.36701e-09 -2.59961e-07 1.03522e-06 
91
0
0
0.000425561
0.0120817 -0.000335802 -1.36758e-09 -0.000335802 0.0104214 -2.59962e-07 -1.36758e-09 -2.59962e-07 1.03522e-06 
92
0
0
-0.000422948
0.0120817 -0.000335791 -1.35987e-09 -0.000335791 0.0104214 -2.5996e-07 -1.35987e-09 -2.5996e-07 1.03522e-06 
93
0
0
0.000261059
0.0120817 -0.000335801 -1.36333e-09 -0.000335801 0.0104214 -2.59959e-07 -1.36333e-09 -2.59959e-07 1.03522e-06 
94
0
0
0.00038599
0.0120817 -0.000335793 -1.35816e-09 -0.000335793 0.0104214 -2.5996e-07 -1.35816e-09 -2.5996e-07 1.03522e-06 
95
0
0
0.00151166
0.0120817 -0.000335789 -1.35586e-09 -0.000335789 0.0104214 -2.5996e-07 -1.35586e-09 -2.5996e-07 1.03522e-06 
96
0
0
2.57615e-06
0.0120818 -0.000335769 -1.34539e-09 -0.000335769 0.0104214 -2.59959e-07 -1.34539e-09 -2.59959e-07 1.03522e-06 
97
0
0
-0.000136517
0.0120817 -0.000335785 -1.35433e-09 -0.000335785 0.0104214 -2.59959e-07 -1.35433e-09 -2.59959e-07 1.03522e-06 
98
0
0
0.000303017
0.0120817 -0.000335794 -1.35758e-09 -0.000335794 0.0104214 -2.5996e-07 -1.35758e-09 -2.5996e-07 1.03522e-06 
99
0
0
0.000747019
0.0120817 -0.00033579 -1.3551e-09 -0.00033579 0.0104214 -2.5996e-07 -1.3551e-09 -2.5996e-07 1.03522e-06 
100
0
0
-0.000165481
0.0120817 -0.000335782 -1.34911e-09 -0.000335782 0.0104214 -2.5996e-07 -1.34911e-09 -2.5996e-07 1.03522e-06 
101
0
0
-0.000338006
0.0120817 -0.000335793 -1.35471e-09 -0.000335793 0.0104214 -2.5996e-07 -1.35471e-09 -2.5996e-07 1.03522e-06 
102
0
0
-0.000881735
0.0120817 -0.0003358 -1.3579e-09 -0.0003358 0.0104214 -2.59961e-07 -1.3579e-09 -2.59961e-07 1.03522e-06 
103
0
0
0.000321768
0.0120817 -0.000335811 -1.3633e-09 -0.000335811 0.0104214 -2.59962e-07 -1.3633e-09 -2.59962e-07 1.03522e-06 
104
0
0
-0.000921964
0.0120817 -0.000335797 -1.35491e-09 -0.000335797 0.0104214 -2.59962e-07 -1.35491e-09 -2.59962e-07 1.03522e-06 
105
0
0
0.000796818
0.0120817 -0.000335811 -1.36295e-09 -0.000335811 0.0104214 -2.59963e-07 -1.36295e-09 -2.59963e-07 1.03522e-06 
106
0
0
-0.000158825
0.0120817 -0.000335789 -1.35153e-09 -0.000335789 0.0104214 -2.59963e-07 -1.35153e-09 -2.59963e-07 1.03522e-06 
107
0
0
0.000118755
0.0120817 -0.000335796 -1.3568e-09 -0.000335796 0.0104214 -2.59963e-07 -1.3568e-09 -2.59963e-07 1.03522e-06 
108
0
0
-0.000686971
0.0120817 -0.000335794 -1.35488e-09 -0.000335794 0.0104214 -2.59963e-07 -1.35488e-09 -2.59963e-07 1.03522e-06 
109
0
0
-8.91587e-05
0.0120817 -0.000335806 -1.36004e-09 -0.000335806 0.0104214 -2.59963e-07 -1.36004e-09 -2.59963e-07 1.03522e-06 
110
0
0
0.000132173
0.0120817 -0.000335801 -1.35605e-09 -0.000335801 0.0104214 -2.59963e-07 -1.35605e-09 -2.59963e-07 1.03522e-06 
111
0
0
0.000255655
0.0120817 -0.000335796 -1.35272e-09 -0.000335796 0.0104214 -2.59963e-07 -1.35272e-09 -2.59963e-07 1.03522e-06 
112
0
0
-0.00060695
0.0120817 -0.000335792 -1.35036e-09 -0.000335792 0.0104214 -2.59962e-07 -1.35036e-09 -2.59962e-07 1.03522e-06 
113
0
0
-0.00113158
0.0120817 -0.000335804 -1.3567e-09 -0.000335804 0.0104214 -2.59962e-07 -1.3567e-09 -2.59962e-07 1.03522e-06 
114
0
0
-0.0010323
0.0120817 -0.000335817 -1.36333e-09 -0.000335817 0.0104214 -2.59963e-07 -1.36333e-09 -2.59963e-07 1.03522e-06 
115
0
0
0.000253596
0.0120817 -0.00033582 -1.36451e-09 -0.00033582 0.0104214 -2.59961e-07 -1.36451e-09 -2.59961e-07 1.03522e-06 
116
0
0
0.00135276
0.0120817 -0.000335801 -1.35309e-09 -0.000335801 0.0104214 -2.59958e-07 -1.35309e-09 -2.59958e-07 1.03522e-06 
117
0
0
0.000114106
0.0120817 -0.000335776 -1.3399e-09 -0.000335776 0.0104214 -2.59956e-07 -1.3399e-09 -2.59956e-07 1.03522e-06 
118
0
0
-0.000268434
0.0120817 -0.000335786 -1.34511e-09 -0.000335786 0.0104214 -2.59956e-07 -1.34511e-09 -2.59956e-07 1.03522e-06 
119
0
0
7.08567e-05
0.0120817 -0.000335796 -1.34926e-09 -0.000335796 0.0104214 -2.59956e-07 -1.34926e-09 -2.59956e-07 1.03522e-06 
120
0
0
-0.00109164
0.0120817 -0.000335795 -1.3469e-09 -0.000335795 0.0104214 -2.59956e-07 -1.3469e-09 -2.59956e-07 1.03522e-06 
121
0
0
-0.000564625
0.0120817 -0.000335813 -1.35601e-09 -0.000335813 0.0104214 -2.59956e-07 -1.35601e-09 -2.59956e-07 1.03522e-06 
122
0
0
-0.000223494
0.0120817 -0.000335811 -1.35446e-09 -0.000335811 0.0104214 -2.59956e-07 -1.35446e-09 -2.59956e-07 1.03522e-06 
123
0
0
0.00109676
0.0120817 -0.000335805 -1.35085e-09 -0.000335805 0.0104214 -2.59955e-07 -1.35085e-09 -2.59955e-07 1.03522e-06 
124
0
0
-3.76077e-05
0.0120817 -0.000335782 -1.33616e-09 -0.000335782 0.0104214 -2.59954e-07 -1.33616e-09 -2.59954e-07 1.03522e-06 
125
0
0
9.28579e-05
0.0120817 -0.000335791 -1.33976e-09 -0.000335791 0.0104214 -2.59953e-07 -1.33976e-09 -2.59953e-07 1.03522e-06 
126
0
0
6.89461e-05
0.0120817 -0.000335792 -1.33886e-09 -0.000335792 0.0104214 -2.59953e-07 -1.33886e-09 -2.59953e-07 1.03522e-06 
127
0
0
-0.00060756
0.0120817 -0.000335793 -1.33767e-09 -0.000335793 0.0104214 -2.59953e-07 -1.33767e-09 -2.59953e-07 1.03522e-06 
128
0
0
-0.00105203
0.0120817 -0.000335804 -1.34266e-09 -0.000335804 0.0104214 -2.59953e-07 -1.34266e-09 -2.59953e-07 1.03522e-06 
129
0
0
0.000795692
0.0120817 -0.000335816 -1.34792e-09 -0.000335816 0.0104214 -2.59953e-07 -1.34792e-09 -2.59953e-07 1.03522e-06 
130
0
0
0.000864098
0.0120817 -0.000335791 -1.33386e-09 -0.000335791 0.0104214 -2.59953e-07 -1.33386e-09 -2.59953e-07 1.03522e-06 
131
0
0
0.000403417
0.0120817 -0.00033578 -1.32802e-09 -0.00033578 0.0104214 -2.59953e-07 -1.32802e-09 -2.59953e-07 1.03522e-06 
132
0
0
0.000556735
0.0120817 -0.000335783 -1.32906e-09 -0.000335783 0.0104214 -2.5995e-07 -1.32906e-09 -2.5995e-07 1.03522e-06 
133
0
0
0.000406449
0.0120817 -0.000335782 -1.32677e-09 -0.000335782 0.0104214 -2.59949e-07 -1.32677e-09 -2.59949e-07 1.03522e-06 
134
0
0
-0.00069541
0.0120817 -0.000335784 -1.32636e-09 -0.000335784 0.0104214 -2.59949e-07 -1.32636e-09 -2.59949e-07 1.03522e-06 
135
0
0
-0.000186728
0.0120817 -0.000335802 -1.33549e-09 -0.000335802 0.0104214 -2.59949e-07 -1.33549e-09 -2.59949e-07 1.03522e-06 
136
0
0
0.000501222
0.0120817 -0.000335801 -1.33471e-09 -0.000335801 0.0104214 -2.59948e-07 -1.33471e-09 -2.59948e-07 1.03522e-06 
137
0
0
0.000787566
0.0120817 -0.00033579 -1.32842e-09 -0.00033579 0.0104214 -2.59948e-07 -1.32842e-09 -2.59948e-07 1.03522e-06 
138
0
0
0.00106848
0.0120817 -0.000335781 -1.32338e-09 -0.000335781 0.0104214 -2.59948e-07 -1.32338e-09 -2.59948e-07 1.03522e-06 
139
0
0
0.000934766
0.0120818 -0.000335773 -1.31844e-09 -0.000335773 0.0104214 -2.59948e-07 -1.31844e-09 -2.59948e-07 1.03522e-06 
140
0
0
0.00105858
0.0120818 -0.000335772 -1.31493e-09 -0.000335772 0.0104214 -2.59948e-07 -1.31493e-09 -2.59948e-07 1.03522e-06 
141
0
0
0.000732816
0.0120818 -0.00033577 -1.3112e-09 -0.00033577 0.0104214 -2.59947e-07 -1.3112e-09 -2.59947e-07 1.03522e-06 
142
0
0
0.000317846
0.0120818 -0.000335774 -1.31189e-09 -0.000335774 0.0104214 -2.59947e-07 -1.31189e-09 -2.59947e-07 1.03522e-06 
143
0
0
8.91273e-05
0.0120817 -0.000335782 -1.31404e-09 -0.000335782 0.0104214 -2.59947e-07 -1.31404e-09 -2.59947e-07 1.03522e-06 
144
0
0
0.000309548
0.0120817 -0.000335789 -1.31689e-09 -0.000335789 0.0104214 -2.59946e-07 -1.31689e-09 -2.59946e-07 1.03522e-06 
145
0
0
0.000457131
0.0120817 -0.000335788 -1.31651e-09 -0.000335788 0.0104214 -2.59946e-07 -1.31651e-09 -2.59946e-07 1.03522e-06 
146
0
0
-0.000847776
0.0120817 -0.000335786 -1.31425e-09 -0.000335786 0.0104214 -2.59948e-07 -1.31425e-09 -2.59948e-07 1.03522e-06 
147
0
0
0.000325257
0.0120817 -0.000335805 -1.32424e-09 -0.000335805 0.0104214 -2.59948e-07 -1.32424e-09 -2.59948e-07 1.03522e-06 
148
0
0
0.00014878
0.0120817 -0.000335794 -1.31038e-09 -0.000335794 0.0104214 -2.59948e-07 -1.31038e-09 -2.59948e-07 1.03522e-06 
149
0
0
-0.000236092
0.0120817 -0.000335793 -1.30441e-09 -0.000335793 0.0104214 -2.59948e-07 -1.30441e-09 -2.59948e-07 1.03522e-06 
150
0
0
0.000806043
0.0120817 -0.000335798 -1.30334e-09 -0.000335798 0.0104214 -2.59947e-07 -1.30334e-09 -2.59947e-07 1.03522e-06 
151
0
0
0.000187623
0.0120817 -0.000335784 -1.29222e-09 -0.000335784 0.0104214 -2.59948e-07 -1.29222e-09 -2.59948e-07 1.03522e-06 
152
0
0
-0.000322805
0.0120817 -0.000335788 -1.29373e-09 -0.000335788 0.0104214 -2.59948e-07 -1.29373e-09 -2.59948e-07 1.03522e-06 
153
0
0
-1.80502e-05
0.0120817 -0.000335798 -1.29893e-09 -0.000335798 0.0104214 -2.59947e-07 -1.29893e-09 -2.59947e-07 1.03522e-06 
154
0
0
0.00039094
0.0120817 -0.000335797 -1.29832e-09 -0.000335797 0.0104214 -2.59948e-07 -1.29832e-09 -2.59948e-07 1.03522e-06 
155
0
0
-0.000122127
0.0120817 -0.00033579 -1.29411e-09 -0.00033579 0.0104214 -2.59949e-07 -1.29411e-09 -2.59949e-07 1.03522e-06 
156
0
0
-0.000784554
0.0120817 -0.000335795 -1.29715e-09 -0.000335795 0.0104214 -2.59948e-07 -1.29715e-09 -2.59948e-07 1.03522e-06 
157
0
0
-0.000412367
0.0120817 -0.000335808 -1.30427e-09 -0.000335808 0.0104214 -2.59948e-07 -1.30427e-09 -2.59948e-07 1.03522e-06 
158
0
0
0.000316928
0.0120817 -0.000335807 -1.30359e-09 -0.000335807 0.0104214 -2.59947e-07 -1.30359e-09 -2.59947e-07 1.03522e-06 
159
0
0
0.000431682
0.0120817 -0.000335795 -1.29664e-09 -0.000335795 0.0104214 -2.59946e-07 -1.29664e-09 -2.59946e-07 1.03522e-06 
160
0
0
0.000765992
0.0120817 -0.000335789 -1.29259e-09 -0.000335789 0.0104214 -2.59947e-07 -1.29259e-09 -2.59947e-07 1.03522e-06 
161
0
0
0.000131053
0.0120817 -0.000335781 -1.28778e-09 -0.000335781 0.0104214 -2.59947e-07 -1.28778e-09 -2.59947e-07 1.03522e-06 
162
0
0
-0.000630636
0.0120817 -0.000335788 -1.29125e-09 -0.000335788 0.0104214 -2.59947e-07 -1.29125e-09 -2.59947e-07 1.03522e-06 
163
0
0
-0.000742742
0.0120817 -0.000335803 -1.29902e-09 -0.000335803 0.0104214 -2.59947e-07 -1.29902e-09 -2.59947e-07 1.03522e-06 
164
0
0
0.000314685
0.0120817 -0.00033581 -1.30932e-09 -0.00033581 0.0104214 -2.59949e-07 -1.30932e-09 -2.59949e-07 1.03522e-06 
165
0
0
0.00047763
0.0120817 -0.000335796 -1.30614e-09 -0.000335796 0.0104214 -2.5995e-07 -1.30614e-09 -2.5995e-07 1.03522e-06 
166
0
0
-4.84007e-05
0.0120817 -0.000335788 -1.30526e-09 -0.000335788 0.0104214 -2.59951e-07 -1.30526e-09 -2.59951e-07 1.03522e-06 
167
0
0
-0.000104671
0.0120817 -0.000335794 -1.30992e-09 -0.000335794 0.0104214 -2.59952e-07 -1.30992e-09 -2.59952e-07 1.03522e-06 
168
0
0
0.000804376
0.0120817 -0.000335797 -1.312e-09 -0.000335797 0.0104214 -2.59953e-07 -1.312e-09 -2.59953e-07 1.03522e-06 
169
0
0
0.000548467
0.0120817 -0.000335783 -1.30549e-09 -0.000335783 0.0104214 -2.59953e-07 -1.30549e-09 -2.59953e-07 1.03522e-06 
170
0
0
0.000102883
0.0120817 -0.000335782 -1.30634e-09 -0.000335782 0.0104214 -2.59952e-07 -1.30634e-09 -2.59952e-07 1.03522e-06 
171
0
0
-3.4658e-06
0.0120817 -0.000335789 -1.31054e-09 -0.000335789 0.0104214 -2.59952e-07 -1.31054e-09 -2.59952e-07 1.03522e-06 
172
0
0
0.000424855
0.0120817 -0.000335793 -1.30449e-09 -0.000335793 0.0104214 -2.59952e-07 -1.30449e-09 -2.59952e-07 1.03522e-06 
173
0
0
0.00116596
0.0120817 -0.000335788 -1.29599e-09 -0.000335788 0.0104214 -2.59952e-07 -1.29599e-09 -2.59952e-07 1.03522e-06 
174
0
0
0.000426401
0.0120817 -0.000335774 -1.28583e-09 -0.000335774 0.0104214 -2.59951e-07 -1.28583e-09 -2.59951e-07 1.03522e-06 
175
0
0
0.000514972
0.0120817 -0.000335781 -1.28799e-09 -0.000335781 0.0104214 -2.59951e-07 -1.28799e-09 -2.59951e-07 1.03522e-06 
176
0
0
0.000821735
0.0120817 -0.000335782 -1.28708e-09 -0.000335782 0.0104214 -2.59951e-07 -1.28708e-09 -2.59951e-07 1.03522e-06 
177
0
0
-5.71961e-05
0.0120817 -0.000335777 -1.28406e-09 -0.000335777 0.0104214 -2.59952e-07 -1.28406e-09 -2.59952e-07 1.03522e-06 
178
0
0
-0.000391789
0.0120817 -0.00033579 -1.29073e-09 -0.00033579 0.0104214 -2.59952e-07 -1.29073e-09 -2.59952e-07 1.03522e-06 
179
0
0
0.00123929
0.0120817 -0.0003358 -1.29569e-09 -0.0003358 0.0104214 -2.59952e-07 -1.29569e-09 -2.59952e-07 1.03522e-06 
180
0
0
0.000156483
0.0120817 -0.000335778 -1.28197e-09 -0.000335778 0.0104214 -2.59953e-07 -1.28197e-09 -2.59953e-07 1.03522e-06 
181
0
0
-0.00040524
0.0120817 -0.000335786 -1.28539e-09 -0.000335786 0.0104214 -2.59953e-07 -1.28539e-09 -2.59953e-07 1.03522e-06 
182
0
0
-0.000282172
0.0120817 -0.000335799 -1.28977e-09 -0.000335799 0.0104214 -2.59952e-07 -1.28977e-09 -2.59952e-07 1.03522e-06 
183
0
0
0.000184321
0.0120817 -0.000335801 -1.28947e-09 -0.000335801 0.0104214 -2.59951e-07 -1.28947e-09 -2.59951e-07 1.03522e-06 
184
0
0
-0.000229397
0.0120817 -0.000335795 -1.28573e-09 -0.000335795 0.0104214 -2.5995e-07 -1.28573e-09 -2.5995e-07 1.03522e-06 
185
0
0
0.000245279
0.0120817 -0.000335799 -1.28754e-09 -0.000335799 0.0104214 -2.5995e-07 -1.28754e-09 -2.5995e-07 1.03522e-06 
186
0
0
0.000345118
0.0120817 -0.000335793 -1.28321e-09 -0.000335793 0.0104214 -2.5995e-07 -1.28321e-09 -2.5995e-07 1.03522e-06 
187
0
0
1.49305e-05
0.0120817 -0.000335789 -1.27985e-09 -0.000335789 0.0104214 -2.59951e-07 -1.27985e-09 -2.59951e-07 1.03522e-06 
188
0
0
-0.000329856
0.0120817 -0.000335793 -1.28743e-09 -0.000335793 0.0104214 -2.59949e-07 -1.28743e-09 -2.59949e-07 1.03522e-06 
189
0
0
0.000258858
0.0120817 -0.0003358 -1.29582e-09 -0.0003358 0.0104214 -2.59948e-07 -1.29582e-09 -2.59948e-07 1.03522e-06 
190
0
0
0.000116317
0.0120817 -0.000335793 -1.29408e-09 -0.000335793 0.0104214 -2.59947e-07 -1.29408e-09 -2.59947e-07 1.03522e-06 
191
0
0
-0.000160379
0.0120817 -0.000335793 -1.29493e-09 -0.000335793 0.0104214 -2.59947e-07 -1.29493e-09 -2.59947e-07 1.03522e-06 
192
0
0
-0.000156305
0.0120817 -0.000335797 -1.29789e-09 -0.000335797 0.0104214 -2.59947e-07 -1.29789e-09 -2.59947e-07 1.03522e-06 
193
0
0
0.000146956
0.0120817 -0.000335799 -1.29927e-09 -0.000335799 0.0104214 -2.59947e-07 -1.29927e-09 -2.59947e-07 1.03522e-06 
194
0
0
-0.00089608
0.0120817 -0.000335795 -1.29707e-09 -0.000335795 0.0104214 -2.59948e-07 -1.29707e-09 -2.59948e-07 1.03522e-06 
195
0
0
-0.000180721
0.0120817 -0.000335809 -1.30452e-09 -0.000335809 0.0104214 -2.59948e-07 -1.30452e-09 -2.59948e-07 1.03522e-06 
196
0
0
-6.37096e-05
0.0120817 -0.000335804 -1.30644e-09 -0.000335804 0.0104214 -2.5995e-07 -1.30644e-09 -2.5995e-07 1.03522e-06 
197
0
0
0.000663226
0.0120817 -0.0003358 -1.30893e-09 -0.0003358 0.0104214 -2.59951e-07 -1.30893e-09 -2.59951e-07 1.03522e-06 
198
0
0
2.5248e-05
0.0120817 -0.000335787 -1.30487e-09 -0.000335787 0.0104214 -2.59952e-07 -1.30487e-09 -2.59952e-07 1.03522e-06 
199
0
0
-0.000279686
0.0120817 -0.000335792 -1.30841e-09 -0.000335792 0.0104214 -2.59954e-07 -1.30841e-09 -2.59954e-07 1.03522e-06 
200
0
0
0.000569172
0.0120817 -0.000335799 -1.31231e-09 -0.000335799 0.0104214 -2.59955e-07 -1.31231e-09 -2.59955e-07 1.03522e-06 
201
0
0
0.0003288
0.0120817 -0.000335788 -1.30703e-09 -0.000335788 0.0104214 -2.59955e-07 -1.30703e-09 -2.59955e-07 1.03522e-06 
202
0
0
0.000421986
0.0120817 -0.000335787 -1.30797e-09 -0.000335787 0.0104214 -2.59955e-07 -1.30797e-09 -2.59955e-07 1.03522e-06 
203
0
0
5.75773e-05
0.0120817 -0.000335786 -1.30759e-09 -0.000335786 0.0104214 -2.59955e-07 -1.30759e-09 -2.59955e-07 1.03522e-06 
204
0
0
0.000265197
0.0120817 -0.000335791 -1.31163e-09 -0.000335791 0.0104214 -2.59955e-07 -1.31163e-09 -2.59955e-07 1.03522e-06 
205
0
0
-0.000984269
0.0120817 -0.00033579 -1.3118e-09 -0.00033579 0.0104214 -2.59956e-07 -1.3118e-09 -2.59956e-07 1.03522e-06 
206
0
0
-0.000189048
0.0120817 -0.000335809 -1.32208e-09 -0.000335809 0.0104214 -2.59957e-07 -1.32208e-09 -2.59957e-07 1.03522e-06 
207
0
0
-0.000783564
0.0120817 -0.000335804 -1.31879e-09 -0.000335804 0.0104214 -2.59958e-07 -1.31879e-09 -2.59958e-07 1.03522e-06 
208
0
0
-0.00106579
0.0120817 -0.000335811 -1.32223e-09 -0.000335811 0.0104214 -2.59959e-07 -1.32223e-09 -2.59959e-07 1.03522e-06 
209
0
0
0.00092271
0.0120817 -0.000335818 -1.3264e-09 -0.000335818 0.0104214 -2.59958e-07 -1.3264e-09 -2.59958e-07 1.03522e-06 
210
0
0
-0.000252894
0.0120817 -0.00033579 -1.31118e-09 -0.00033579 0.0104214 -2.59958e-07 -1.31118e-09 -2.59958e-07 1.03522e-06 
211
0
0
0.000122671
0.0120817 -0.000335797 -1.31634e-09 -0.000335797 0.0104214 -2.59959e-07 -1.31634e-09 -2.59959e-07 1.03522e-06 
212
0
0
0.000495539
0.0120817 -0.000335794 -1.30827e-09 -0.000335794 0.0104214 -2.59961e-07 -1.30827e-09 -2.59961e-07 1.03522e-06 
213
0
0
-0.000304768
0.0120817 -0.000335787 -1.29942e-09 -0.000335787 0.0104214 -2.59962e-07 -1.29942e-09 -2.59962e-07 1.03522e-06 
214
0
0
-0.000623712
0.0120817 -0.000335797 -1.30127e-09 -0.000335797 0.0104214 -2.59963e-07 -1.30127e-09 -2.59963e-07 1.03522e-06 
215
0
0
-0.00022426
0.0120817 -0.000335806 -1.30365e-09 -0.000335806 0.0104214 -2.59963e-07 -1.30365e-09 -2.59963e-07 1.03522e-06 
216
0
0
8.22381e-05
0.0120817 -0.000335803 -1.30087e-09 -0.000335803 0.0104214 -2.59963e-07 -1.30087e-09 -2.59963e-07 1.03522e-06 
217
0
0
-0.000136324
0.0120817 -0.000335797 -1.29706e-09 -0.000335797 0.0104214 -2.59963e-07 -1.29706e-09 -2.59963e-07 1.03522e-06 
218
0
0
-0.000419016
0.0120817 -0.000335798 -1.2975e-09 -0.000335798 0.0104214 -2.59964e-07 -1.2975e-09 -2.59964e-07 1.03522e-06 
219
0
0
-0.000824111
0.0120817 -0.000335803 -1.29945e-09 -0.000335803 0.0104214 -2.59965e-07 -1.29945e-09 -2.59965e-07 1.03522e-06 
220
0
0
-3.71532e-05
0.0120817 -0.000335812 -1.30832e-09 -0.000335812 0.0104214 -2.59966e-07 -1.30832e-09 -2.59966e-07 1.03522e-06 
221
0
0
-0.000717872
0.0120817 -0.000335802 -1.30659e-09 -0.000335802 0.0104214 -2.59966e-07 -1.30659e-09 -2.59966e-07 1.03522e-06 
222
0
0
1.1726e-05
0.0120817 -0.00033581 -1.3127e-09 -0.00033581 0.0104214 -2.59966e-07 -1.3127e-09 -2.59966e-07 1.03522e-06 
223
0
0
0.000115789
0.0120817 -0.000335801 -1.30862e-09 -0.000335801 0.0104214 -2.59965e-07 -1.30862e-09 -2.59965e-07 1.03522e-06 
224
0
0
0.000700027
0.0120817 -0.000335796 -1.30671e-09 -0.000335796 0.0104214 -2.59966e-07 -1.30671e-09 -2.59966e-07 1.03522e-06 
225
0
0
-0.000325725
0.0120817 -0.000335785 -1.30139e-09 -0.000335785 0.0104214 -2.59967e-07 -1.30139e-09 -2.59967e-07 1.03522e-06 
226
0
0
5.88072e-05
0.0120817 -0.000335797 -1.30823e-09 -0.000335797 0.0104214 -2.59968e-07 -1.30823e-09 -2.59968e-07 1.03522e-06 
227
0
0
0.000283162
0.0120817 -0.000335795 -1.30693e-09 -0.000335795 0.0104214 -2.59968e-07 -1.30693e-09 -2.59968e-07 1.03522e-06 
228
0
0
0.00106565
0.0120817 -0.000335791 -1.30677e-09 -0.000335791 0.0104214 -2.59966e-07 -1.30677e-09 -2.59966e-07 1.03522e-06 
229
0
0
-0.000289713
0.0120817 -0.000335777 -1.30119e-09 -0.000335777 0.0104214 -2.59965e-07 -1.30119e-09 -2.59965e-07 1.03522e-06 
230
0
0
0.000448248
0.0120817 -0.000335793 -1.31127e-09 -0.000335793 0.0104214 -2.59964e-07 -1.31127e-09 -2.59964e-07 1.03522e-06 
231
0
0
-8.28465e-05
0.0120817 -0.000335788 -1.30819e-09 -0.000335788 0.0104214 -2.59965e-07 -1.30819e-09 -2.59965e-07 1.03522e-06 
232
0
0
-0.000510746
0.0120817 -0.000335794 -1.31154e-09 -0.000335794 0.0104214 -2.59965e-07 -1.31154e-09 -2.59965e-07 1.03522e-06 
233
0
0
-0.000503081
0.0120817 -0.000335803 -1.316e-09 -0.000335803 0.0104214 -2.59966e-07 -1.316e-09 -2.59966e-07 1.03522e-06 
234
0
0
-0.000343698
0.0120817 -0.000335806 -1.31742e-09 -0.000335806 0.0104214 -2.59966e-07 -1.31742e-09 -2.59966e-07 1.03522e-06 
235
0
0
-0.000633903
0.0120817 -0.000335805 -1.31682e-09 -0.000335805 0.0104214 -2.59966e-07 -1.31682e-09 -2.59966e-07 1.03522e-06 
236
0
0
0.000353657
0.0120817 -0.000335809 -1.32325e-09 -0.000335809 0.0104214 -2.59967e-07 -1.32325e-09 -2.59967e-07 1.03522e-06 
237
0
0
0.000680299
0.0120817 -0.000335795 -1.31852e-09 -0.000335795 0.0104214 -2.59969e-07 -1.31852e-09 -2.59969e-07 1.03522e-06 
238
0
0
0.000553013
0.0120817 -0.000335785 -1.31461e-09 -0.000335785 0.0104214 -2.59969e-07 -1.31461e-09 -2.59969e-07 1.03522e-06 
239
0
0
-0.000118451
0.0120817 -0.000335783 -1.31441e-09 -0.000335783 0.0104214 -2.5997e-07 -1.31441e-09 -2.5997e-07 1.03522e-06 
240
0
0
-0.00020346
0.0120817 -0.000335793 -1.31987e-09 -0.000335793 0.0104214 -2.59971e-07 -1.31987e-09 -2.59971e-07 1.03522e-06 
241
0
0
-0.000269806
0.0120817 -0.000335798 -1.32311e-09 -0.000335798 0.0104214 -2.59971e-07 -1.32311e-09 -2.59971e-07 1.03522e-06 
242
0
0
-0.000559313
0.0120817 -0.000335801 -1.32501e-09 -0.000335801 0.0104214 -2.59971e-07 -1.32501e-09 -2.59971e-07 1.03522e-06 
243
0
0
-0.00051184
0.0120817 -0.000335806 -1.32843e-09 -0.000335806 0.0104214 -2.59972e-07 -1.32843e-09 -2.59972e-07 1.03522e-06 
244
0
0
0.000538511
0.0120817 -0.000335808 -1.32765e-09 -0.000335808 0.0104214 -2.59971e-07 -1.32765e-09 -2.59971e-07 1.03522e-06 
245
0
0
-0.000311167
0.0120817 -0.000335792 -1.31674e-09 -0.000335792 0.0104214 -2.5997e-07 -1.31674e-09 -2.5997e-07 1.03522e-06 
246
0
0
-0.000219669
0.0120817 -0.000335799 -1.31987e-09 -0.000335799 0.0104214 -2.59969e-07 -1.31987e-09 -2.59969e-07 1.03522e-06 
247
0
0
-0.000856519
0.0120817 -0.0003358 -1.31977e-09 -0.0003358 0.0104214 -2.59968e-07 -1.31977e-09 -2.59968e-07 1.03522e-06 
248
0
0
-0.00160823
0.0120817 -0.000335811 -1.3245e-09 -0.000335811 0.0104214 -2.59966e-07 -1.3245e-09 -2.59966e-07 1.03522e-06 
249
0
0
-0.00143716
0.0120817 -0.000335827 -1.33172e-09 -0.000335827 0.0104214 -2.59964e-07 -1.33172e-09 -2.59964e-07 1.03522e-06 
250
0
0
-0.0017053
0.0120817 -0.00033583 -1.33237e-09 -0.00033583 0.0104214 -2.59961e-07 -1.33237e-09 -2.59961e-07 1.03522e-06 
251
0
0
-0.00144062
0.0120817 -0.000335836 -1.33585e-09 -0.000335836 0.0104215 -2.59956e-07 -1.33585e-09 -2.59956e-07 1.03522e-06 
252
0
0
-0.00134938
0.0120817 -0.000335834 -1.33405e-09 -0.000335834 0.0104215 -2.5995e-07 -1.33405e-09 -2.5995e-07 1.03522e-06 
253
0
0
-0.00219307
0.0120817 -0.000335832 -1.33268e-09 -0.000335832 0.0104214 -2.59943e-07 -1.33268e-09 -2.59943e-07 1.03522e-06 
254
0
0
-0.00178841
0.0120817 -0.000335844 -1.3397e-09 -0.000335844 0.0104215 -2.59937e-07 -1.3397e-09 -2.59937e-07 1.03522e-06 
255
0
0
-0.0020297
0.0120817 -0.000335842 -1.33844e-09 -0.000335842 0.0104215 -2.59932e-07 -1.33844e-09 -2.59932e-07 1.03522e-06 
256
0
0
-0.00143237
0.0120817 -0.000335846 -1.33984e-09 -0.000335846 0.0104215 -2.59927e-07 -1.33984e-09 -2.59927e-07 1.03522e-06 
257
0
0
-0.00132782
0.0120817 -0.000335837 -1.33573e-09 -0.000335837 0.0104215 -2.59922e-07 -1.33573e-09 -2.59922e-07 1.03522e-06 
258
0
0
-0.00194659
0.0120817 -0.000335833 -1.33436e-09 -0.000335833 0.0104214 -2.59916e-07 -1.33436e-09 -2.59916e-07 1.03522e-06 
259
0
0
-0.00119766
0.0120817 -0.000335841 -1.33913e-09 -0.000335841 0.0104215 -2.59911e-07 -1.33913e-09 -2.59911e-07 1.03522e-06 
260
0
0
-0.00216756
0.0120817 -0.000335832 -1.33255e-09 -0.000335832 0.0104214 -2.59907e-07 -1.33255e-09 -2.59907e-07 1.03522e-06 
261
0
0
-0.00247964
0.0120817 -0.000335844 -1.33816e-09 -0.000335844 0.0104215 -2.59906e-07 -1.33816e-09 -2.59906e-07 1.03522e-06 
262
0
0
-0.00164058
0.0120817 -0.000335853 -1.34226e-09 -0.000335853 0.0104215 -2.59906e-07 -1.34226e-09 -2.59906e-07 1.03522e-06 
263
0
0
-0.00170487
0.0120817 -0.000335844 -1.33698e-09 -0.000335844 0.0104215 -2.59907e-07 -1.33698e-09 -2.59907e-07 1.03522e-06 
264
0
0
-0.000435105
0.0120817 -0.000335841 -1.3367e-09 -0.000335841 0.0104215 -2.59909e-07 -1.3367e-09 -2.59909e-07 1.03522e-06 
265
0
0
-0.000973971
0.0120817 -0.00033582 -1.32555e-09 -0.00033582 0.0104214 -2.59911e-07 -1.32555e-09 -2.59911e-07 1.03522e-06 
266
0
0
-0.000520642
0.0120817 -0.00033582 -1.32664e-09 -0.00033582 0.0104214 -2.59914e-07 -1.32664e-09 -2.59914e-07 1.03522e-06 
267
0
0
-0.000686859
0.0120817 -0.000335813 -1.32299e-09 -0.000335813 0.0104214 -2.59918e-07 -1.32299e-09 -2.59918e-07 1.03522e-06 
268
0
0
-0.000262812
0.0120817 -0.000335813 -1.31998e-09 -0.000335813 0.0104214 -2.59923e-07 -1.31998e-09 -2.59923e-07 1.03522e-06 
269
0
0
0.00190993
0.0120817 -0.000335807 -1.314e-09 -0.000335807 0.0104214 -2.59927e-07 -1.314e-09 -2.59927e-07 1.03522e-06 
270
0
0
0.00181924
0.0120818 -0.00033577 -1.29183e-09 -0.00033577 0.0104214 -2.59931e-07 -1.29183e-09 -2.59931e-07 1.03522e-06 
271
0
0
0.00129633
0.0120818 -0.000335757 -1.28508e-09 -0.000335757 0.0104214 -2.59935e-07 -1.28508e-09 -2.59935e-07 1.03522e-06 
272
0
0
0.00146274
0.0120818 -0.00033576 -1.28754e-09 -0.00033576 0.0104214 -2.59938e-07 -1.28754e-09 -2.59938e-07 1.03522e-06 
273
0
0
0.00176714
0.0120818 -0.000335759 -1.28663e-09 -0.000335759 0.0104214 -2.59942e-07 -1.28663e-09 -2.59942e-07 1.03522e-06 
274
0
0
0.0013835
0.0120818 -0.000335754 -1.28338e-09 -0.000335754 0.0104214 -2.59946e-07 -1.28338e-09 -2.59946e-07 1.03522e-06 
275
0
0
0.00272616
0.0120818 -0.000335758 -1.28514e-09 -0.000335758 0.0104214 -2.59948e-07 -1.28514e-09 -2.59948e-07 1.03522e-06 
276
0
0
0.00162144
0.0120818 -0.000335738 -1.272e-09 -0.000335738 0.0104214 -2.5995e-07 -1.272e-09 -2.5995e-07 1.03522e-06 
277
0
0
0.000205609
0.0120818 -0.000335748 -1.27564e-09 -0.000335748 0.0104214 -2.59951e-07 -1.27564e-09 -2.59951e-07 1.03522e-06 
278
0
0
5.55196e-05
0.0120818 -0.000335774 -1.28776e-09 -0.000335774 0.0104214 -2.59954e-07 -1.28776e-09 -2.59954e-07 1.03522e-06 
279
0
0
-0.000264571
0.0120817 -0.000335787 -1.29191e-09 -0.000335787 0.0104214 -2.59957e-07 -1.29191e-09 -2.59957e-07 1.03522e-06 
280
0
0
-0.00108053
0.0120817 -0.000335796 -1.2957e-09 -0.000335796 0.0104214 -2.59962e-07 -1.2957e-09 -2.59962e-07 1.03522e-06 
281
0
0
-0.000196782
0.0120817 -0.000335813 -1.30449e-09 -0.000335813 0.0104214 -2.59966e-07 -1.30449e-09 -2.59966e-07 1.03522e-06 
282
0
0
0.000141318
0.0120817 -0.000335805 -1.30006e-09 -0.000335805 0.0104214 -2.59968e-07 -1.30006e-09 -2.59968e-07 1.03522e-06 
283
0
0
0.000196957
0.0120817 -0.000335797 -1.29596e-09 -0.000335797 0.0104214 -2.5997e-07 -1.29596e-09 -2.5997e-07 1.03522e-06 
284
0
0
0.000389128
0.0120817 -0.000335793 -1.30092e-09 -0.000335793 0.0104214 -2.5997e-07 -1.30092e-09 -2.5997e-07 1.03522e-06 
285
0
0
4.02661e-05
0.0120817 -0.000335789 -1.30352e-09 -0.000335789 0.0104214 -2.5997e-07 -1.30352e-09 -2.5997e-07 1.03522e-06 
286
0
0
3.91531e-05
0.0120817 -0.000335792 -1.30862e-09 -0.000335792 0.0104214 -2.59969e-07 -1.30862e-09 -2.59969e-07 1.03522e-06 
287
0
0
-0.000389302
0.0120817 -0.000335794 -1.31074e-09 -0.000335794 0.0104214 -2.59969e-07 -1.31074e-09 -2.59969e-07 1.03522e-06 
288
0
0
0.000224767
0.0120817 -0.000335801 -1.31464e-09 -0.000335801 0.0104214 -2.59969e-07 -1.31464e-09 -2.59969e-07 1.03522e-06 
289
0
0
-0.000384145
0.0120817 -0.000335794 -1.30979e-09 -0.000335794 0.0104214 -2.59968e-07 -1.30979e-09 -2.59968e-07 1.03522e-06 
290
0
0
-0.000939546
0.0120817 -0.000335801 -1.31336e-09 -0.000335801 0.0104214 -2.59969e-07 -1.31336e-09 -2.59969e-07 1.03522e-06 
291
0
0
-0.00171847
0.0120817 -0.000335813 -1.31924e-09 -0.000335813 0.0104214 -2.59969e-07 -1.31924e-09 -2.59969e-07 1.03522e-06 
292
0
0
0.00079108
0.0120817 -0.000335829 -1.32806e-09 -0.000335829 0.0104214 -2.59973e-07 -1.32806e-09 -2.59973e-07 1.03522e-06 
293
0
0
0.000679674
0.0120817 -0.000335796 -1.30929e-09 -0.000335796 0.0104214 -2.59976e-07 -1.30929e-09 -2.59976e-07 1.03522e-06 
294
0
0
0.000644329
0.0120817 -0.000335785 -1.30417e-09 -0.000335785 0.0104214 -2.59976e-07 -1.30417e-09 -2.59976e-07 1.03522e-06 
295
0
0
0.00108856
0.0120817 -0.000335781 -1.30302e-09 -0.000335781 0.0104214 -2.59977e-07 -1.30302e-09 -2.59977e-07 1.03522e-06 
296
0
0
-0.000223462
0.0120818 -0.000335773 -1.29832e-09 -0.000335773 0.0104214 -2.59977e-07 -1.29832e-09 -2.59977e-07 1.03522e-06 
297
0
0
8.8702e-05
0.0120817 -0.000335791 -1.30693e-09 -0.000335791 0.0104214 -2.59977e-07 -1.30693e-09 -2.59977e-07 1.03522e-06 
298
0
0
-0.000640884
0.0120817 -0.000335792 -1.30639e-09 -0.000335792 0.0104214 -2.59977e-07 -1.30639e-09 -2.59977e-07 1.03522e-06 
299
0
0
-0.000572312
0.0120817 -0.000335805 -1.31207e-09 -0.000335805 0.0104214 -2.59977e-07 -1.31207e-09 -2.59977e-07 1.03522e-06 
300
0
0
-0.000500313
0.0120817 -0.000335808 -1.3125e-09 -0.000335808 0.0104214 -2.59975e-07 -1.3125e-09 -2.59975e-07 1.03522e-06 
301
0
0
-0.000596407
0.0120817 -0.000335808 -1.31202e-09 -0.000335808 0.0104214 -2.59973e-07 -1.31202e-09 -2.59973e-07 1.03522e-06 
302
0
0
0.000126541
0.0120817 -0.00033581 -1.31212e-09 -0.00033581 0.0104214 -2.59973e-07 -1.31212e-09 -2.59973e-07 1.03522e-06 
303
0
0
0.000374504
0.0120817 -0.000335799 -1.30614e-09 -0.000335799 0.0104214 -2.59973e-07 -1.30614e-09 -2.59973e-07 1.03522e-06 
304
0
0
-3.41164e-05
0.0120817 -0.000335791 -1.30242e-09 -0.000335791 0.0104214 -2.59973e-07 -1.30242e-09 -2.59973e-07 1.03522e-06 
305
0
0
0.000349823
0.0120817 -0.000335794 -1.30446e-09 -0.000335794 0.0104214 -2.59973e-07 -1.30446e-09 -2.59973e-07 1.03522e-06 
306
0
0
0.000501748
0.0120817 -0.00033579 -1.30153e-09 -0.00033579 0.0104214 -2.59973e-07 -1.30153e-09 -2.59973e-07 1.03522e-06 
307
0
0
0.000148818
