0
0
0
-0.000306763
0.00632102 -7.44339e-05 -4.31087e-09 -7.44339e-05 0.0065425 -1.42373e-07 -4.31087e-09 -1.42373e-07 1.21851e-06 
1
0
0
-0.00101153
0.0093053 -0.000180884 -4.20246e-09 -0.000180884 0.00905162 -1.84344e-07 -4.20246e-09 -1.84344e-07 1.03651e-06 
2
0
0
0.00115176
0.0107701 -0.000255991 -3.73564e-09 -0.000255991 0.0099657 -2.08387e-07 -3.73564e-09 -2.08387e-07 1.03685e-06 
3
0
0
0.00067849
0.0114639 -0.000297121 -3.29807e-09 -0.000297121 0.010272 -2.19287e-07 -3.29807e-09 -2.19287e-07 1.0371e-06 
4
0
0
-0.000118333
0.0117902 -0.000317546 -2.99775e-09 -0.000317546 0.0103719 -2.24939e-07 -2.99775e-09 -2.24939e-07 1.03671e-06 
5
0
0
-0.000624203
0.0119437 -0.000327277 -2.79394e-09 -0.000327277 0.0104043 -2.28729e-07 -2.79394e-09 -2.28729e-07 1.03631e-06 
6
0
0
0.000493898
0.0120159 -0.000331828 -2.64346e-09 -0.000331828 0.0104149 -2.31814e-07 -2.64346e-09 -2.31814e-07 1.036e-06 
7
0
0
0.000875891
0.01205 -0.000333919 -2.50729e-09 -0.000333919 0.0104184 -2.34556e-07 -2.50729e-09 -2.34556e-07 1.03576e-06 
8
0
0
-0.000317986
0.0120662 -0.000334882 -2.38689e-09 -0.000334882 0.0104197 -2.37071e-07 -2.38689e-09 -2.37071e-07 1.03558e-06 
9
0
0
-0.000192508
0.0120739 -0.000335349 -2.28713e-09 -0.000335349 0.0104202 -2.39391e-07 -2.28713e-09 -2.39391e-07 1.03545e-06 
10
0
0
0.000516366
0.0120777 -0.000335566 -2.19185e-09 -0.000335566 0.0104205 -2.41529e-07 -2.19185e-09 -2.41529e-07 1.03535e-06 
