0
0
0
0.000320058
0.00800061 -2.68385e-11 1.2769e-14 -2.68385e-11 0.00900061 -9.84301e-12 1.2769e-14 -9.84301e-12 1.24978e-06 
1
0
0
-0.000160421
0.0150026 -8.28435e-09 -1.26834e-11 -8.28435e-09 0.0170026 -6.44472e-09 -1.26834e-11 -6.44472e-09 1.03722e-06 
2
0
0
1.9566e-07
0.0220062 -1.0861e-09 -3.36301e-11 -1.0861e-09 0.0250061 -1.73334e-08 -3.36301e-11 -1.73334e-08 1.03685e-06 
3
0
0
-2.02403e-05
0.0290117 -2.89281e-09 -5.01633e-11 -2.89281e-09 0.0330113 -3.11462e-08 -5.01633e-11 -3.11462e-08 1.03711e-06 
4
0
0
4.07121e-05
0.036019 -4.04924e-09 -6.20993e-11 -4.04924e-09 0.0410185 -4.77368e-08 -6.20993e-11 -4.77368e-08 1.03672e-06 
5
0
0
0.000202386
0.043028 -1.40973e-08 -6.55907e-11 -1.40973e-08 0.0490275 -6.68843e-08 -6.55907e-11 -6.68843e-08 1.03632e-06 
6
0
0
0.000324459
0.0500387 -5.15239e-08 -5.70373e-11 -5.15239e-08 0.0570384 -8.82415e-08 -5.70373e-11 -8.82415e-08 1.03601e-06 
7
0
-0.0540423
-0.000463968
0.0570507 -1.17741e-07 -3.61866e-11 -1.17741e-07 0.0650513 -1.11422e-07 -3.61866e-11 -1.11422e-07 1.03577e-06 
8
0
-0.069133
7.06366e-05
0.0640641 -3.68879e-08 -2.21014e-11 -3.68879e-08 0.0730661 -1.36042e-07 -2.21014e-11 -1.36042e-07 1.03559e-06 
9
0
-0.0856728
-0.000937367
0.0710785 -6.73421e-08 2.83379e-11 -6.73421e-08 0.0810826 -1.61739e-07 2.83379e-11 -1.61739e-07 1.03545e-06 
10
0
-0.104186
-0.00073189
0.0780938 1.49979e-07 5.76702e-11 1.49979e-07 0.0891008 -1.88175e-07 5.76702e-11 -1.88175e-07 1.03535e-06 
11
0
-0.124125
-0.000316021
0.0851099 3.31738e-07 1.22168e-10 3.31738e-07 0.0971206 -2.15046e-07 1.22168e-10 -2.15046e-07 1.03528e-06 
12
0
-0.14531
-0.000229463
0.0921267 4.04537e-07 2.10343e-10 4.04537e-07 0.105142 -2.4208e-07 2.10343e-10 -2.4208e-07 1.03523e-06 
13
0
-0.167751
0.000495746
0.099144 4.54775e-07 3.03358e-10 4.54775e-07 0.113165 -2.69043e-07 3.03358e-10 -2.69043e-07 1.03519e-06 
14
0
-0.191126
4.54139e-05
0.106162 2.5432e-07 4.28299e-10 2.5432e-07 0.121188 -2.95731e-07 4.28299e-10 -2.95731e-07 1.03517e-06 
15
0
-0.215859
0.000462257
0.11318 2.0852e-07 5.28311e-10 2.0852e-07 0.129214 -3.21977e-07 5.28311e-10 -3.21977e-07 1.03515e-06 
16
0
-0.241212
-0.000305135
0.120198 -7.46089e-09 6.61067e-10 -7.46089e-09 0.13724 -3.47638e-07 6.61067e-10 -3.47638e-07 1.03515e-06 
17
0
-0.267919
0.000378342
0.127217 9.01645e-08 7.60802e-10 9.01645e-08 0.145267 -3.72605e-07 7.60802e-10 -3.72605e-07 1.03514e-06 
18
0
-0.294929
-0.000231817
0.134236 -1.14565e-07 9.14494e-10 -1.14565e-07 0.153294 -3.96789e-07 9.14494e-10 -3.96789e-07 1.03514e-06 
19
0
-0.322736
0.000305552
0.141255 -3.94988e-08 1.03187e-09 -3.94988e-08 0.161323 -4.20122e-07 1.03187e-09 -4.20122e-07 1.03514e-06 
20
0
-0.351012
-0.000264337
0.148274 -2.29515e-07 1.19127e-09 -2.29515e-07 0.169352 -4.42561e-07 1.19127e-09 -4.42561e-07 1.03515e-06 
21
0
-0.379108
-0.00100385
0.155293 -1.28047e-07 1.31668e-09 -1.28047e-07 0.177382 -4.64074e-07 1.31668e-09 -4.64074e-07 1.03515e-06 
22
0
-0.409496
0.000535795
0.162313 3.87562e-07 1.42269e-09 3.87562e-07 0.185412 -4.84644e-07 1.42269e-09 -4.84644e-07 1.03515e-06 
23
0
-0.438883
-0.000387961
0.169332 3.83694e-08 1.63296e-09 3.83694e-08 0.193443 -5.04264e-07 1.63296e-09 -5.04264e-07 1.03516e-06 
24
0
-0.468943
-5.91914e-06
0.176352 2.317e-07 1.75748e-09 2.317e-07 0.201475 -5.22939e-07 1.75748e-09 -5.22939e-07 1.03517e-06 
25
0
-0.499139
-0.000435443
0.183371 1.94132e-07 1.9227e-09 1.94132e-07 0.209506 -5.40682e-07 1.9227e-09 -5.40682e-07 1.03517e-06 
26
0
-0.530383
-0.000264755
0.190391 4.36746e-07 2.0602e-09 4.36746e-07 0.217538 -5.57509e-07 2.0602e-09 -5.57509e-07 1.03518e-06 
27
0
-0.560954
-0.000404237
0.197411 5.73958e-07 2.22179e-09 5.73958e-07 0.22557 -5.73443e-07 2.22179e-09 -5.73443e-07 1.03518e-06 
28
0
-0.592293
0.000245323
0.20443 8.15577e-07 2.37122e-09 8.15577e-07 0.233603 -5.88512e-07 2.37122e-09 -5.88512e-07 1.03519e-06 
29
0
-0.622996
-0.000527467
0.21145 5.9318e-07 2.55961e-09 5.9318e-07 0.241636 -6.02742e-07 2.55961e-09 -6.02742e-07 1.03519e-06 
30
0
-0.654662
0.000149061
0.21847 9.47398e-07 2.68701e-09 9.47398e-07 0.249669 -6.1617e-07 2.68701e-09 -6.1617e-07 1.03519e-06 
31
0
-0.685938
-0.00013271
0.22549 7.86884e-07 2.87273e-09 7.86884e-07 0.257702 -6.28823e-07 2.87273e-09 -6.28823e-07 1.0352e-06 
32
0
-0.717779
-0.000557504
0.23251 8.49191e-07 3.02508e-09 8.49191e-07 0.265735 -6.40737e-07 3.02508e-09 -6.40737e-07 1.0352e-06 
33
0
-0.750151
-0.000291529
0.23953 1.26745e-06 3.16253e-09 1.26745e-06 0.273769 -6.51946e-07 3.16253e-09 -6.51946e-07 1.0352e-06 
34
0
-0.782046
-0.000455653
0.24655 1.4719e-06 3.33026e-09 1.4719e-06 0.281802 -6.62485e-07 3.33026e-09 -6.62485e-07 1.03521e-06 
35
0
-0.815208
0.000783163
0.253569 1.82817e-06 3.48153e-09 1.82817e-06 0.289836 -6.72385e-07 3.48153e-09 -6.72385e-07 1.03521e-06 
36
0
-0.847829
0.00085077
0.260589 1.0725e-06 3.70739e-09 1.0725e-06 0.29787 -6.81682e-07 3.70739e-09 -6.81682e-07 1.03521e-06 
37
0
-0.87943
-0.000622284
0.267609 2.33741e-07 3.89657e-09 2.33741e-07 0.305903 -6.90407e-07 3.89657e-09 -6.90407e-07 1.03521e-06 
38
0
-0.911593
-0.00114777
0.274629 7.83558e-07 3.99241e-09 7.83558e-07 0.313937 -6.98591e-07 3.99241e-09 -6.98591e-07 1.03521e-06 
39
0
-0.944995
0.000375732
0.281649 1.86543e-06 4.10581e-09 1.86543e-06 0.321971 -7.06262e-07 4.10581e-09 -7.06262e-07 1.03522e-06 
40
0
-0.977503
0.000746036
0.288669 1.44041e-06 4.33149e-09 1.44041e-06 0.330005 -7.13447e-07 4.33149e-09 -7.13447e-07 1.03522e-06 
41
0
-1.00941
-0.000723946
0.295689 6.23037e-07 4.53003e-09 6.23037e-07 0.33804 -7.20181e-07 4.53003e-09 -7.20181e-07 1.03522e-06 
42
0
-1.04224
-0.000687788
0.302709 1.34308e-06 4.62494e-09 1.34308e-06 0.346074 -7.26486e-07 4.62494e-09 -7.26486e-07 1.03522e-06 
43
0
-1.07483
-0.000625261
0.309729 2.04218e-06 4.76809e-09 2.04218e-06 0.354108 -7.32386e-07 4.76809e-09 -7.32386e-07 1.03522e-06 
44
0
-1.1077
-0.000516612
0.316749 2.68926e-06 4.92043e-09 2.68926e-06 0.362142 -7.37908e-07 4.92043e-09 -7.37908e-07 1.03522e-06 
45
0
-1.14155
0.000952645
0.323769 3.22883e-06 5.0787e-09 3.22883e-06 0.370177 -7.43074e-07 5.0787e-09 -7.43074e-07 1.03522e-06 
46
0
-1.17309
-0.000837614
0.330789 2.07671e-06 5.31876e-09 2.07671e-06 0.378211 -7.47902e-07 5.31876e-09 -7.47902e-07 1.03522e-06 
47
0
-1.20667
5.05837e-05
0.337809 3.02293e-06 5.40238e-09 3.02293e-06 0.386245 -7.52416e-07 5.40238e-09 -7.52416e-07 1.03522e-06 
48
0
-1.23865
-0.000776457
0.344829 2.91472e-06 5.59097e-09 2.91472e-06 0.39428 -7.56636e-07 5.59097e-09 -7.56636e-07 1.03522e-06 
49
0
-1.27183
-0.000149498
0.351849 3.82768e-06 5.70777e-09 3.82768e-06 0.402314 -7.60579e-07 5.70777e-09 -7.60579e-07 1.03522e-06 
50
0
-1.30387
-0.000444267
0.358869 3.96924e-06 5.88651e-09 3.96924e-06 0.410349 -7.64262e-07 5.88651e-09 -7.64262e-07 1.03522e-06 
51
0
-1.33699
-0.000112222
0.365889 4.49395e-06 6.02841e-09 4.49395e-06 0.418383 -7.67702e-07 6.02841e-09 -7.67702e-07 1.03522e-06 
52
0
-1.37017
3.78382e-05
0.372909 4.59409e-06 6.19911e-09 4.59409e-06 0.426418 -7.70918e-07 6.19911e-09 -7.70918e-07 1.03522e-06 
53
0
-1.40309
1.15382e-05
0.379929 4.4963e-06 6.3693e-09 4.4963e-06 0.434452 -7.7392e-07 6.3693e-09 -7.7392e-07 1.03522e-06 
54
0
-1.43537
-0.000701305
0.386949 4.43336e-06 6.53026e-09 4.43336e-06 0.442487 -7.76724e-07 6.53026e-09 -7.76724e-07 1.03522e-06 
55
0
-1.46842
-0.000639998
0.393969 5.35986e-06 6.64765e-09 5.35986e-06 0.450521 -7.79343e-07 6.64765e-09 -7.79343e-07 1.03522e-06 
56
0
-1.5017
-2.87437e-05
0.400989 6.21743e-06 6.79392e-09 6.21743e-06 0.458556 -7.81786e-07 6.79392e-09 -7.81786e-07 1.03522e-06 
57
0
-1.53527
0.000996541
0.408009 6.21148e-06 6.97809e-09 6.21148e-06 0.46659 -7.84066e-07 6.97809e-09 -7.84066e-07 1.03523e-06 
58
0
-1.56681
-0.000557161
0.415029 4.70462e-06 7.20209e-09 4.70462e-06 0.474625 -7.86196e-07 7.20209e-09 -7.86196e-07 1.03523e-06 
59
0
-1.59949
-0.000876416
0.422049 5.48741e-06 7.29316e-09 5.48741e-06 0.482659 -7.88183e-07 7.29316e-09 -7.88183e-07 1.03523e-06 
60
0
-1.63362
0.000274412
0.429069 6.76803e-06 7.41281e-09 6.76803e-06 0.490694 -7.90034e-07 7.41281e-09 -7.90034e-07 1.03523e-06 
61
0
-1.66662
-0.00013076
0.436089 6.29782e-06 7.622e-09 6.29782e-06 0.498728 -7.91763e-07 7.622e-09 -7.91763e-07 1.03523e-06 
62
0
-1.69846
-0.0012629
0.443109 6.45515e-06 7.77054e-09 6.45515e-06 0.506763 -7.93377e-07 7.77054e-09 -7.93377e-07 1.03523e-06 
63
0
-1.7327
0.000598146
0.450129 8.41746e-06 7.85644e-09 8.41746e-06 0.514798 -7.94881e-07 7.85644e-09 -7.94881e-07 1.03523e-06 
64
0
-1.76522
-5.26707e-05
0.457149 7.40289e-06 8.09485e-09 7.40289e-06 0.522832 -7.96283e-07 8.09485e-09 -7.96283e-07 1.03523e-06 
65
0
-1.79767
-0.000641245
0.464169 7.44189e-06 8.23705e-09 7.44189e-06 0.530867 -7.97591e-07 8.23705e-09 -7.97591e-07 1.03523e-06 
66
0
-1.83069
-0.000164171
0.471189 8.46365e-06 8.35599e-09 8.46365e-06 0.538901 -7.9881e-07 8.35599e-09 -7.9881e-07 1.03523e-06 
67
0
-1.86351
-0.000356627
0.478209 8.69402e-06 8.52516e-09 8.69402e-06 0.546936 -7.99947e-07 8.52516e-09 -7.99947e-07 1.03523e-06 
68
0
-1.89614
-0.000517267
0.485229 9.25923e-06 8.67113e-09 9.25923e-06 0.554971 -8.01008e-07 8.67113e-09 -8.01008e-07 1.03523e-06 
69
0
-1.92957
-0.000330602
0.492249 1.01136e-05 8.81121e-09 1.01136e-05 0.563005 -8.01996e-07 8.81121e-09 -8.01996e-07 1.03523e-06 
70
0
-1.96309
-6.08578e-05
0.499269 1.06508e-05 8.971e-09 1.06508e-05 0.57104 -8.02917e-07 8.971e-09 -8.02917e-07 1.03523e-06 
71
0
-1.9962
-0.000169017
0.506289 1.07124e-05 9.14206e-09 1.07124e-05 0.579075 -8.03779e-07 9.14206e-09 -8.03779e-07 1.03523e-06 
72
0
-2.02936
0.000169449
0.513309 1.09724e-05 9.29575e-09 1.09724e-05 0.587109 -8.04581e-07 9.29575e-09 -8.04581e-07 1.03523e-06 
73
0
-2.06248
0.000392618
0.520329 1.06121e-05 9.4704e-09 1.06121e-05 0.595144 -8.05331e-07 9.4704e-09 -8.05331e-07 1.03523e-06 
74
0
-2.09516
0.000166609
0.527349 9.83011e-06 9.64673e-09 9.83011e-06 0.603178 -8.06031e-07 9.64673e-09 -8.06031e-07 1.03523e-06 
75
0
-2.12793
-0.000277484
0.534369 9.46663e-06 9.7988e-09 9.46663e-06 0.611213 -8.06682e-07 9.7988e-09 -8.06682e-07 1.03523e-06 
76
0
-2.16096
-0.00025738
0.541389 9.95207e-06 9.9309e-09 9.95207e-06 0.619248 -8.07287e-07 9.9309e-09 -8.07287e-07 1.03523e-06 
77
0
-2.1925
-0.00150978
0.548409 1.04054e-05 1.00803e-08 1.04054e-05 0.627282 -8.07853e-07 1.00803e-08 -8.07853e-07 1.03523e-06 
78
0
-2.22648
-0.000381391
0.555429 1.33348e-05 1.01544e-08 1.33348e-05 0.635317 -8.08381e-07 1.01544e-08 -8.08381e-07 1.03523e-06 
79
0
-2.25983
0.000492348
0.562449 1.40488e-05 1.0343e-08 1.40488e-05 0.643352 -8.08872e-07 1.0343e-08 -8.08872e-07 1.03523e-06 
80
0
-2.29232
0.0004763
0.569469 1.30053e-05 1.05516e-08 1.30053e-05 0.651386 -8.09329e-07 1.05516e-08 -8.09329e-07 1.03523e-06 
81
0
-2.32491
4.11442e-07
0.576489 1.19821e-05 1.0722e-08 1.19821e-05 0.659421 -8.09758e-07 1.0722e-08 -8.09758e-07 1.03523e-06 
82
0
-2.3576
-0.000216406
0.583509 1.19336e-05 1.08593e-08 1.19336e-05 0.667456 -8.10158e-07 1.08593e-08 -8.10158e-07 1.03523e-06 
83
0
-2.39183
0.00150086
0.590529 1.234e-05 1.09986e-08 1.234e-05 0.67549 -8.10529e-07 1.09986e-08 -8.10529e-07 1.03523e-06 
84
0
-2.42396
-2.21179e-05
0.597549 9.10436e-06 1.12518e-08 9.10436e-06 0.683525 -8.10876e-07 1.12518e-08 -8.10876e-07 1.03523e-06 
85
0
-2.4564
-0.000228032
0.604569 9.10418e-06 1.13558e-08 9.10418e-06 0.69156 -8.11201e-07 1.13558e-08 -8.11201e-07 1.03523e-06 
86
0
-2.48992
0.000392157
0.611589 9.55235e-06 1.14873e-08 9.55235e-06 0.699594 -8.11505e-07 1.14873e-08 -8.11505e-07 1.03523e-06 
87
0
-2.52332
0.000667037
0.618609 8.64175e-06 1.1672e-08 8.64175e-06 0.707629 -8.11787e-07 1.1672e-08 -8.11787e-07 1.03523e-06 
88
0
-2.55585
0.000149101
0.625629 7.10946e-06 1.18547e-08 7.10946e-06 0.715664 -8.12049e-07 1.18547e-08 -8.12049e-07 1.03523e-06 
89
0
-2.58778
4.51066e-05
0.632649 6.72606e-06 1.19919e-08 6.72606e-06 0.723698 -8.12295e-07 1.19919e-08 -8.12295e-07 1.03523e-06 
90
0
-2.62117
0.000705679
0.639669 6.57558e-06 1.21343e-08 6.57558e-06 0.731733 -8.12524e-07 1.21343e-08 -8.12524e-07 1.03523e-06 
91
0
-2.6537
0.00011889
0.646689 4.90353e-06 1.23256e-08 4.90353e-06 0.739768 -8.12739e-07 1.23256e-08 -8.12739e-07 1.03523e-06 
92
0
-2.68621
-0.000188979
0.653709 4.57905e-06 1.24599e-08 4.57905e-06 0.747802 -8.12937e-07 1.24599e-08 -8.12937e-07 1.03523e-06 
93
0
-2.71837
-0.00101754
0.660729 4.97575e-06 1.25913e-08 4.97575e-06 0.755837 -8.13122e-07 1.25913e-08 -8.13122e-07 1.03523e-06 
94
0
-2.75203
0.000535352
0.667749 7.34732e-06 1.26862e-08 7.34732e-06 0.763872 -8.13296e-07 1.26862e-08 -8.13296e-07 1.03523e-06 
95
0
-2.78361
-0.000718535
0.674769 6.01291e-06 1.29053e-08 6.01291e-06 0.771906 -8.13458e-07 1.29053e-08 -8.13458e-07 1.03523e-06 
96
0
-2.81816
0.000937994
0.681789 7.70998e-06 1.3e-08 7.70998e-06 0.779941 -8.13609e-07 1.3e-08 -8.13609e-07 1.03523e-06 
97
0
-2.8502
0.00069354
0.688809 5.3604e-06 1.32332e-08 5.3604e-06 0.787976 -8.13748e-07 1.32332e-08 -8.13748e-07 1.03523e-06 
98
0
-2.8832
0.000674373
0.695829 3.5931e-06 1.33959e-08 3.5931e-06 0.79601 -8.1388e-07 1.33959e-08 -8.1388e-07 1.03523e-06 
99
0
-2.9152
-0.000128736
0.702849 1.8562e-06 1.35591e-08 1.8562e-06 0.804045 -8.14003e-07 1.35591e-08 -8.14003e-07 1.03523e-06 
100
0
-2.94825
-0.000178289
0.709869 2.13399e-06 1.36727e-08 2.13399e-06 0.81208 -8.1412e-07 1.36727e-08 -8.1412e-07 1.03523e-06 
101
0
-2.98081
0.000106112
0.716889 2.54164e-06 1.38128e-08 2.54164e-06 0.820114 -8.14229e-07 1.38128e-08 -8.14229e-07 1.03523e-06 
102
0
-3.0141
0.00062967
0.723909 2.21986e-06 1.39741e-08 2.21986e-06 0.828149 -8.1433e-07 1.39741e-08 -8.1433e-07 1.03523e-06 
103
0
-3.04705
0.000801366
0.730929 5.30973e-07 1.41599e-08 5.30973e-07 0.836184 -8.14425e-07 1.41599e-08 -8.14425e-07 1.03523e-06 
104
0
-3.07983
0.000630683
0.737949 -1.62568e-06 1.4336e-08 -1.62568e-06 0.844218 -8.14514e-07 1.4336e-08 -8.14514e-07 1.03523e-06 
105
0
-3.11235
0.000335527
0.744969 -3.34921e-06 1.44923e-08 -3.34921e-06 0.852253 -8.14598e-07 1.44923e-08 -8.14598e-07 1.03523e-06 
106
0
-3.14457
-0.00018045
0.751989 -4.2971e-06 1.4634e-08 -4.2971e-06 0.860288 -8.14679e-07 1.4634e-08 -8.14679e-07 1.03523e-06 
107
0
-3.1772
-0.00037228
0.759009 -3.85652e-06 1.47546e-08 -3.85652e-06 0.868322 -8.14752e-07 1.47546e-08 -8.14752e-07 1.03523e-06 
108
0
-3.21017
-0.000205721
0.766029 -2.88714e-06 1.4884e-08 -2.88714e-06 0.876357 -8.1482e-07 1.4884e-08 -8.1482e-07 1.03523e-06 
109
0
-3.2431
-0.000249858
0.773049 -2.36774e-06 1.50343e-08 -2.36774e-06 0.884392 -8.14883e-07 1.50343e-08 -8.14883e-07 1.03523e-06 
110
0
-3.27674
0.000728282
0.780069 -1.72027e-06 1.51787e-08 -1.72027e-06 0.892426 -8.14942e-07 1.51787e-08 -8.14942e-07 1.03523e-06 
111
0
-3.30918
0.000611917
0.787089 -3.81402e-06 1.5383e-08 -3.81402e-06 0.900461 -8.14999e-07 1.5383e-08 -8.14999e-07 1.03523e-06 
112
0
-3.34181
0.00053784
0.794109 -5.59642e-06 1.55447e-08 -5.59642e-06 0.908496 -8.15053e-07 1.55447e-08 -8.15053e-07 1.03523e-06 
113
0
-3.37383
-0.000598202
0.801129 -7.18251e-06 1.57002e-08 -7.18251e-06 0.91653 -8.15103e-07 1.57002e-08 -8.15103e-07 1.03523e-06 
114
0
-3.40662
-0.000361712
0.808149 -5.5047e-06 1.57898e-08 -5.5047e-06 0.924565 -8.15149e-07 1.57898e-08 -8.15149e-07 1.03523e-06 
115
0
-3.43935
-0.00114853
0.815169 -4.50005e-06 1.59329e-08 -4.50005e-06 0.9326 -8.15195e-07 1.59329e-08 -8.15195e-07 1.03523e-06 
116
0
-3.47257
-0.000610627
0.822189 -1.17629e-06 1.60303e-08 -1.17629e-06 0.940634 -8.15236e-07 1.60303e-08 -8.15236e-07 1.03523e-06 
117
0
-3.5047
-0.00100626
0.829209 5.83761e-07 1.61866e-08 5.83761e-07 0.948669 -8.15275e-07 1.61866e-08 -8.15275e-07 1.03523e-06 
118
0
-3.53821
-0.000178588
0.836229 3.54088e-06 1.63038e-08 3.54088e-06 0.956704 -8.15311e-07 1.63038e-08 -8.15311e-07 1.03523e-06 
119
0
-3.57128
0.000268679
0.843249 4.03066e-06 1.64847e-08 4.03066e-06 0.964738 -8.15345e-07 1.64847e-08 -8.15345e-07 1.03523e-06 
120
0
-3.60468
0.000683535
0.850269 3.16652e-06 1.66658e-08 3.16652e-06 0.972773 -8.15377e-07 1.66658e-08 -8.15377e-07 1.03523e-06 
121
0
-3.63779
0.000580098
0.857289 1.02502e-06 1.68531e-08 1.02502e-06 0.980808 -8.15408e-07 1.68531e-08 -8.15408e-07 1.03523e-06 
122
0
-3.67043
-8.81975e-05
0.864309 -8.14391e-07 1.70166e-08 -8.14391e-07 0.988842 -8.15438e-07 1.70166e-08 -8.15438e-07 1.03523e-06 
123
0
-3.70338
-8.59647e-05
0.871329 -5.87885e-07 1.71398e-08 -5.87885e-07 0.996877 -8.15465e-07 1.71398e-08 -8.15465e-07 1.03523e-06 
124
0
-3.73549
-0.00113014
0.878349 -3.66174e-07 1.72855e-08 -3.66174e-07 1.00491 -8.15491e-07 1.72855e-08 -8.15491e-07 1.03523e-06 
125
0
-3.76791
-0.00157463
0.885369 3.16157e-06 1.73718e-08 3.16157e-06 1.01295 -8.15514e-07 1.73718e-08 -8.15514e-07 1.03523e-06 
126
0
-3.80243
1.09808e-05
0.892389 8.13563e-06 1.74684e-08 8.13563e-06 1.02098 -8.15537e-07 1.74684e-08 -8.15537e-07 1.03523e-06 
127
0
-3.83559
0.000198537
0.899409 8.05216e-06 1.76857e-08 8.05216e-06 1.02902 -8.15556e-07 1.76857e-08 -8.15556e-07 1.03523e-06 
128
0
-3.86895
0.000797193
0.906429 7.36073e-06 1.78625e-08 7.36073e-06 1.03705 -8.15577e-07 1.78625e-08 -8.15577e-07 1.03523e-06 
129
0
-3.90133
-9.42867e-05
0.913449 4.70933e-06 1.80595e-08 4.70933e-06 1.04508 -8.15597e-07 1.80595e-08 -8.15597e-07 1.03523e-06 
130
0
-3.93495
0.00104611
0.920469 4.9715e-06 1.81792e-08 4.9715e-06 1.05312 -8.15617e-07 1.81792e-08 -8.15617e-07 1.03523e-06 
131
0
-3.96749
0.000322824
0.927489 1.45415e-06 1.83935e-08 1.45415e-06 1.06115 -8.15637e-07 1.83935e-08 -8.15637e-07 1.03523e-06 
132
0
-3.99984
0.000124913
0.934509 3.27252e-07 1.85295e-08 3.27252e-07 1.06919 -8.15652e-07 1.85295e-08 -8.15652e-07 1.03523e-06 
133
0
-4.0322
-0.00046923
0.941529 -1.41483e-07 1.86701e-08 -1.41483e-07 1.07722 -8.15669e-07 1.86701e-08 -8.15669e-07 1.03523e-06 
134
0
-4.06502
-0.000306158
0.948549 1.40216e-06 1.87857e-08 1.40216e-06 1.08526 -8.15687e-07 1.87857e-08 -8.15687e-07 1.03523e-06 
135
0
-4.09821
5.8192e-05
0.955569 2.40033e-06 1.89334e-08 2.40033e-06 1.09329 -8.15703e-07 1.89334e-08 -8.15703e-07 1.03523e-06 
136
0
-4.13077
-5.63784e-05
0.962589 2.15176e-06 1.91023e-08 2.15176e-06 1.10133 -8.15719e-07 1.91023e-08 -8.15719e-07 1.03523e-06 
137
0
-4.16383
0.000525573
0.969609 2.29911e-06 1.92505e-08 2.29911e-06 1.10936 -8.15733e-07 1.92505e-08 -8.15733e-07 1.03523e-06 
138
0
-4.19675
0.00033048
0.976629 4.14617e-07 1.94352e-08 4.14617e-07 1.1174 -8.15745e-07 1.94352e-08 -8.15745e-07 1.03523e-06 
139
0
-4.22933
-0.000411955
0.983649 -7.96628e-07 1.95898e-08 -7.96628e-07 1.12543 -8.15758e-07 1.95898e-08 -8.15758e-07 1.03523e-06 
140
0
-4.26321
0.000691212
0.990669 6.15359e-07 1.97031e-08 6.15359e-07 1.13347 -8.15772e-07 1.97031e-08 -8.15772e-07 1.03523e-06 
141
0
-4.29701
0.00148536
0.997689 -1.90049e-06 1.99093e-08 -1.90049e-06 1.1415 -8.15782e-07 1.99093e-08 -8.15782e-07 1.03523e-06 
142
0
-4.32849
2.86666e-05
1.00471 -7.2891e-06 2.01298e-08 -7.2891e-06 1.14954 -8.15794e-07 2.01298e-08 -8.15794e-07 1.03523e-06 
143
0
-4.3611
-0.000118558
1.01173 -7.44112e-06 2.02256e-08 -7.44112e-06 1.15757 -8.15807e-07 2.02256e-08 -8.15807e-07 1.03523e-06 
144
0
-4.39422
0.000335406
1.01875 -7.05713e-06 2.03572e-08 -7.05713e-06 1.16561 -8.15818e-07 2.03572e-08 -8.15818e-07 1.03523e-06 
145
0
-4.42665
-0.000244066
1.02577 -8.33684e-06 2.05294e-08 -8.33684e-06 1.17364 -8.15828e-07 2.05294e-08 -8.15828e-07 1.03523e-06 
146
0
-4.46009
0.00029746
1.03279 -7.48288e-06 2.06532e-08 -7.48288e-06 1.18167 -8.15837e-07 2.06532e-08 -8.15837e-07 1.03523e-06 
147
0
-4.49246
-0.000521053
1.03981 -8.6384e-06 2.08284e-08 -8.6384e-06 1.18971 -8.15846e-07 2.08284e-08 -8.15846e-07 1.03523e-06 
148
0
-4.52614
0.000452647
1.04683 -6.73407e-06 2.09383e-08 -6.73407e-06 1.19774 -8.15857e-07 2.09383e-08 -8.15857e-07 1.03523e-06 
149
0
-4.55854
0.000497412
1.05385 -8.4902e-06 2.11327e-08 -8.4902e-06 1.20578 -8.15866e-07 2.11327e-08 -8.15866e-07 1.03523e-06 
150
0
-4.59169
0.000157059
1.06087 -1.04278e-05 2.12981e-08 -1.04278e-05 1.21381 -8.15875e-07 2.12981e-08 -8.15875e-07 1.03523e-06 
151
0
-4.6244
-0.000224142
1.06789 -1.10767e-05 2.14398e-08 -1.10767e-05 1.22185 -8.15884e-07 2.14398e-08 -8.15884e-07 1.03523e-06 
152
0
-4.65754
-2.93028e-05
1.07491 -1.02624e-05 2.1568e-08 -1.02624e-05 1.22988 -8.15894e-07 2.1568e-08 -8.15894e-07 1.03523e-06 
153
0
-4.69022
-0.00036983
1.08193 -1.01972e-05 2.1723e-08 -1.01972e-05 1.23792 -8.15903e-07 2.1723e-08 -8.15903e-07 1.03523e-06 
154
0
-4.72295
-0.000423348
1.08895 -8.80339e-06 2.18531e-08 -8.80339e-06 1.24595 -8.15913e-07 2.18531e-08 -8.15913e-07 1.03523e-06 
155
0
-4.757
0.000562769
1.09597 -7.19013e-06 2.19907e-08 -7.19013e-06 1.25399 -8.15921e-07 2.19907e-08 -8.15921e-07 1.03523e-06 
156
0
-4.78998
8.6815e-05
1.10299 -9.46175e-06 2.21941e-08 -9.46175e-06 1.26202 -8.15927e-07 2.21941e-08 -8.15927e-07 1.03523e-06 
157
0
-4.82321
0.000469791
1.11001 -9.85532e-06 2.23354e-08 -9.85532e-06 1.27006 -8.15937e-07 2.23354e-08 -8.15937e-07 1.03523e-06 
158
0
-4.85668
0.00105652
1.11703 -1.17835e-05 2.2509e-08 -1.17835e-05 1.27809 -8.15944e-07 2.2509e-08 -8.15944e-07 1.03523e-06 
159
0
-4.8888
-0.000135868
1.12405 -1.6086e-05 2.27064e-08 -1.6086e-05 1.28613 -8.15949e-07 2.27064e-08 -8.15949e-07 1.03523e-06 
160
0
-4.92096
-0.000531453
1.13107 -1.55839e-05 2.28088e-08 -1.55839e-05 1.29416 -8.15958e-07 2.28088e-08 -8.15958e-07 1.03523e-06 
161
0
-4.95398
-0.000473213
1.13809 -1.34655e-05 2.29226e-08 -1.34655e-05 1.30219 -8.15968e-07 2.29226e-08 -8.15968e-07 1.03523e-06 
162
0
-4.98742
0.000458012
1.14511 -1.15726e-05 2.30621e-08 -1.15726e-05 1.31023 -8.15975e-07 2.30621e-08 -8.15975e-07 1.03523e-06 
163
0
-5.02036
0.000810503
1.15213 -1.35118e-05 2.32591e-08 -1.35118e-05 1.31826 -8.15982e-07 2.32591e-08 -8.15982e-07 1.03523e-06 
164
0
-5.05248
-0.000217028
1.15915 -1.69266e-05 2.34448e-08 -1.69266e-05 1.3263 -8.1599e-07 2.34448e-08 -8.1599e-07 1.03523e-06 
165
0
-5.08595
0.000679454
1.16617 -1.60681e-05 2.35512e-08 -1.60681e-05 1.33433 -8.15999e-07 2.35512e-08 -8.15999e-07 1.03523e-06 
166
0
-5.11886
0.000683694
1.17319 -1.89732e-05 2.3744e-08 -1.89732e-05 1.34237 -8.16005e-07 2.3744e-08 -8.16005e-07 1.03523e-06 
167
0
-5.15157
0.000541509
1.18021 -2.19134e-05 2.39117e-08 -2.19134e-05 1.3504 -8.16013e-07 2.39117e-08 -8.16013e-07 1.03523e-06 
168
0
-5.18427
2.50859e-05
1.18723 -2.42659e-05 2.40654e-08 -2.42659e-05 1.35844 -8.16021e-07 2.40654e-08 -8.16021e-07 1.03523e-06 
169
0
-5.2175
-8.13415e-05
1.19425 -2.44218e-05 2.41929e-08 -2.44218e-05 1.36647 -8.1603e-07 2.41929e-08 -8.1603e-07 1.03523e-06 
170
0
-5.24946
-0.00119682
1.20127 -2.41202e-05 2.43336e-08 -2.41202e-05 1.37451 -8.16039e-07 2.43336e-08 -8.16039e-07 1.03523e-06 
171
0
-5.28344
0.00056025
1.20829 -1.89854e-05 2.44122e-08 -1.89854e-05 1.38254 -8.16049e-07 2.44122e-08 -8.16049e-07 1.03523e-06 
172
0
-5.31507
-0.000888592
1.21531 -2.14747e-05 2.46366e-08 -2.14747e-05 1.39058 -8.16056e-07 2.46366e-08 -8.16056e-07 1.03523e-06 
173
0
-5.34849
0.000151149
1.22233 -1.76298e-05 2.47196e-08 -1.76298e-05 1.39861 -8.16061e-07 2.47196e-08 -8.16061e-07 1.03523e-06 
174
0
-5.38079
-0.000352431
1.22935 -1.83445e-05 2.49065e-08 -1.83445e-05 1.40665 -8.16065e-07 2.49065e-08 -8.16065e-07 1.03523e-06 
175
0
-5.4138
-5.75158e-05
1.23637 -1.6831e-05 2.50344e-08 -1.6831e-05 1.41468 -8.16071e-07 2.50344e-08 -8.16071e-07 1.03523e-06 
176
0
-5.44673
0.000104384
1.24339 -1.66233e-05 2.51932e-08 -1.66233e-05 1.42271 -8.16078e-07 2.51932e-08 -8.16078e-07 1.03523e-06 
177
0
-5.48044
0.000212954
1.25041 -1.71399e-05 2.53542e-08 -1.71399e-05 1.43075 -8.16087e-07 2.53542e-08 -8.16087e-07 1.03523e-06 
178
0
-5.51351
0.00038241
1.25743 -1.81487e-05 2.5518e-08 -1.81487e-05 1.43878 -8.16094e-07 2.5518e-08 -8.16094e-07 1.03523e-06 
179
0
-5.546
-0.000554166
1.26445 -1.99311e-05 2.56848e-08 -1.99311e-05 1.44682 -8.16102e-07 2.56848e-08 -8.16102e-07 1.03523e-06 
180
0
-5.57881
-0.000541439
1.27147 -1.74532e-05 2.57888e-08 -1.74532e-05 1.45485 -8.16108e-07 2.57888e-08 -8.16108e-07 1.03523e-06 
181
0
-5.61144
-0.000241649
1.27849 -1.50196e-05 2.59238e-08 -1.50196e-05 1.46289 -8.16113e-07 2.59238e-08 -8.16113e-07 1.03523e-06 
182
0
-5.64468
7.92751e-06
1.28551 -1.39543e-05 2.60804e-08 -1.39543e-05 1.47092 -8.16119e-07 2.60804e-08 -8.16119e-07 1.03523e-06 
183
0
-5.67724
0.000242946
1.29253 -1.40398e-05 2.62451e-08 -1.40398e-05 1.47896 -8.16126e-07 2.62451e-08 -8.16126e-07 1.03523e-06 
184
0
-5.70968
-0.000298362
1.29955 -1.52208e-05 2.64116e-08 -1.52208e-05 1.48699 -8.16132e-07 2.64116e-08 -8.16132e-07 1.03523e-06 
185
0
-5.74298
0.000418323
1.30657 -1.38714e-05 2.65368e-08 -1.38714e-05 1.49503 -8.1614e-07 2.65368e-08 -8.1614e-07 1.03523e-06 
186
0
-5.775
-0.00046882
1.31359 -1.5891e-05 2.67224e-08 -1.5891e-05 1.50306 -8.16147e-07 2.67224e-08 -8.16147e-07 1.03523e-06 
187
0
-5.80817
-0.000256752
1.32061 -1.3719e-05 2.68321e-08 -1.3719e-05 1.5111 -8.16154e-07 2.68321e-08 -8.16154e-07 1.03523e-06 
188
0
-5.84117
0.000451304
1.32763 -1.25451e-05 2.6983e-08 -1.25451e-05 1.51913 -8.16162e-07 2.6983e-08 -8.16162e-07 1.03523e-06 
189
0
-5.87401
0.000439947
1.33465 -1.47545e-05 2.71722e-08 -1.47545e-05 1.52717 -8.16169e-07 2.71722e-08 -8.16169e-07 1.03523e-06 
190
0
-5.90661
-0.000173066
1.34167 -1.69207e-05 2.73367e-08 -1.69207e-05 1.5352 -8.16177e-07 2.73367e-08 -8.16177e-07 1.03523e-06 
191
0
-5.93964
1.51348e-05
1.34869 -1.61321e-05 2.74611e-08 -1.61321e-05 1.54323 -8.16181e-07 2.74611e-08 -8.16181e-07 1.03523e-06 
192
0
-5.97277
0.000150445
1.35571 -1.62545e-05 2.76169e-08 -1.62545e-05 1.55127 -8.16187e-07 2.76169e-08 -8.16187e-07 1.03523e-06 
193
0
-6.00515
-0.000489021
1.36273 -1.70389e-05 2.77783e-08 -1.70389e-05 1.5593 -8.16194e-07 2.77783e-08 -8.16194e-07 1.03523e-06 
194
0
-6.03732
-0.000931377
1.36975 -1.46845e-05 2.78953e-08 -1.46845e-05 1.56734 -8.16199e-07 2.78953e-08 -8.16199e-07 1.03523e-06 
195
0
-6.07082
0.000109702
1.37677 -1.01326e-05 2.80056e-08 -1.01326e-05 1.57537 -8.16205e-07 2.80056e-08 -8.16205e-07 1.03523e-06 
196
0
-6.10346
-0.000417012
1.38379 -1.07261e-05 2.8199e-08 -1.07261e-05 1.58341 -8.16211e-07 2.8199e-08 -8.16211e-07 1.03523e-06 
197
0
-6.13715
-0.000121361
1.39081 -8.6939e-06 2.83293e-08 -8.6939e-06 1.59144 -8.16218e-07 2.83293e-08 -8.16218e-07 1.03523e-06 
198
0
-6.16977
-0.000719137
1.39783 -8.13405e-06 2.84923e-08 -8.13405e-06 1.59948 -8.16223e-07 2.84923e-08 -8.16223e-07 1.03523e-06 
199
0
-6.20355
-0.000365438
1.40485 -4.55762e-06 2.861e-08 -4.55762e-06 1.60751 -8.16229e-07 2.861e-08 -8.16229e-07 1.03523e-06 
200
0
-6.23746
0.000679739
1.41187 -2.75502e-06 2.87704e-08 -2.75502e-06 1.61555 -8.16235e-07 2.87704e-08 -8.16235e-07 1.03523e-06 
201
0
-6.26939
-0.000347698
1.41889 -6.26511e-06 2.89839e-08 -6.26511e-06 1.62358 -8.16239e-07 2.89839e-08 -8.16239e-07 1.03523e-06 
202
0
-6.30111
-0.00111688
1.42591 -4.53473e-06 2.90954e-08 -4.53473e-06 1.63162 -8.16245e-07 2.90954e-08 -8.16245e-07 1.03523e-06 
203
0
-6.33404
-0.000649661
1.43293 1.16011e-06 2.91877e-08 1.16011e-06 1.63965 -8.16253e-07 2.91877e-08 -8.16253e-07 1.03523e-06 
204
0
-6.36729
0.000353511
1.43995 4.46862e-06 2.93414e-08 4.46862e-06 1.64769 -8.16256e-07 2.93414e-08 -8.16256e-07 1.03523e-06 
205
0
-6.40005
6.49001e-05
1.44697 2.58374e-06 2.95452e-08 2.58374e-06 1.65572 -8.16261e-07 2.95452e-08 -8.16261e-07 1.03523e-06 
206
0
-6.43311
0.000282138
1.45399 2.19611e-06 2.96967e-08 2.19611e-06 1.66375 -8.16268e-07 2.96967e-08 -8.16268e-07 1.03523e-06 
207
0
-6.46555
2.47267e-07
1.46101 6.67585e-07 2.98648e-08 6.67585e-07 1.67179 -8.16275e-07 2.98648e-08 -8.16275e-07 1.03523e-06 
208
0
-6.49844
0.000239344
1.46803 6.17321e-07 3.00078e-08 6.17321e-07 1.67982 -8.16282e-07 3.00078e-08 -8.16282e-07 1.03523e-06 
209
0
-6.53064
-0.000818357
1.47505 -6.98953e-07 3.01737e-08 -6.98953e-07 1.68786 -8.16288e-07 3.01737e-08 -8.16288e-07 1.03523e-06 
210
0
-6.56433
0.00022179
1.48207 3.6059e-06 3.02699e-08 3.6059e-06 1.69589 -8.16295e-07 3.02699e-08 -8.16295e-07 1.03523e-06 
211
0
-6.59691
0.000453929
1.48909 2.37127e-06 3.04645e-08 2.37127e-06 1.70393 -8.16302e-07 3.04645e-08 -8.16302e-07 1.03523e-06 
212
0
-6.62952
-0.00035934
1.49611 -1.15789e-07 3.06411e-08 -1.15789e-07 1.71196 -8.16308e-07 3.06411e-08 -8.16308e-07 1.03523e-06 
213
0
-6.66289
0.000676525
1.50313 1.77429e-06 3.07579e-08 1.77429e-06 1.72 -8.16316e-07 3.07579e-08 -8.16316e-07 1.03523e-06 
214
0
-6.69493
0.000220536
1.51015 -1.94268e-06 3.09612e-08 -1.94268e-06 1.72803 -8.16324e-07 3.09612e-08 -8.16324e-07 1.03523e-06 
215
0
-6.7276
-4.82621e-05
1.51717 -3.19301e-06 3.11038e-08 -3.19301e-06 1.73607 -8.16332e-07 3.11038e-08 -8.16332e-07 1.03523e-06 
216
0
-6.76037
0.000174192
1.52419 -2.97798e-06 3.12421e-08 -2.97798e-06 1.7441 -8.16339e-07 3.12421e-08 -8.16339e-07 1.03523e-06 
217
0
-6.79296
-0.00027268
1.53121 -3.98476e-06 3.1404e-08 -3.98476e-06 1.75214 -8.16346e-07 3.1404e-08 -8.16346e-07 1.03523e-06 
218
0
-6.82568
-0.000693376
1.53823 -2.52783e-06 3.15341e-08 -2.52783e-06 1.76017 -8.16354e-07 3.15341e-08 -8.16354e-07 1.03523e-06 
219
0
-6.85935
0.000221759
1.54525 1.27023e-06 3.1654e-08 1.27023e-06 1.76821 -8.16359e-07 3.1654e-08 -8.16359e-07 1.03523e-06 
220
0
-6.89265
0.000293386
1.55227 -1.50107e-08 3.18466e-08 -1.50107e-08 1.77624 -8.16364e-07 3.18466e-08 -8.16364e-07 1.03523e-06 
221
0
-6.92506
-0.000329599
1.55929 -1.70693e-06 3.20156e-08 -1.70693e-06 1.78427 -8.16372e-07 3.20156e-08 -8.16372e-07 1.03523e-06 
222
0
-6.95847
-2.75922e-05
1.56631 9.77636e-08 3.21381e-08 9.77636e-08 1.79231 -8.1638e-07 3.21381e-08 -8.1638e-07 1.03523e-06 
223
0
-6.99053
-0.00143361
1.57333 2.04445e-07 3.23002e-08 2.04445e-07 1.80034 -8.16387e-07 3.23002e-08 -8.16387e-07 1.03523e-06 
224
0
-7.02484
-0.000173172
1.58035 8.29144e-06 3.23705e-08 8.29144e-06 1.80838 -8.16395e-07 3.23705e-08 -8.16395e-07 1.03523e-06 
225
0
-7.05801
0.000318886
1.58737 9.22937e-06 3.25661e-08 9.22937e-06 1.81641 -8.16402e-07 3.25661e-08 -8.16402e-07 1.03523e-06 
226
0
-7.09014
-0.000482136
1.59439 7.35415e-06 3.27541e-08 7.35415e-06 1.82445 -8.16407e-07 3.27541e-08 -8.16407e-07 1.03523e-06 
227
0
-7.12276
-0.000805841
1.60141 1.00779e-05 3.28698e-08 1.00779e-05 1.83248 -8.16412e-07 3.28698e-08 -8.16412e-07 1.03523e-06 
228
0
-7.15601
-0.000435156
1.60843 1.46838e-05 3.29903e-08 1.46838e-05 1.84052 -8.16416e-07 3.29903e-08 -8.16416e-07 1.03523e-06 
229
0
-7.18974
0.000745061
1.61545 1.71593e-05 3.31496e-08 1.71593e-05 1.84855 -8.16423e-07 3.31496e-08 -8.16423e-07 1.03523e-06 
230
0
-7.22252
-0.000221552
1.62247 1.27682e-05 3.33698e-08 1.27682e-05 1.85659 -8.16429e-07 3.33698e-08 -8.16429e-07 1.03523e-06 
231
0
-7.25564
9.21698e-05
1.62949 1.40156e-05 3.3491e-08 1.40156e-05 1.86462 -8.16436e-07 3.3491e-08 -8.16436e-07 1.03523e-06 
232
0
-7.28816
0.000129007
1.63651 1.34245e-05 3.36553e-08 1.34245e-05 1.87266 -8.1644e-07 3.36553e-08 -8.1644e-07 1.03523e-06 
233
0
-7.32078
-0.000272569
1.64353 1.26135e-05 3.38133e-08 1.26135e-05 1.88069 -8.16446e-07 3.38133e-08 -8.16446e-07 1.03523e-06 
234
0
-7.35429
0.000769164
1.65055 1.41802e-05 3.39459e-08 1.41802e-05 1.88873 -8.16452e-07 3.39459e-08 -8.16452e-07 1.03523e-06 
235
0
-7.38606
-0.000343834
1.65757 9.55096e-06 3.41544e-08 9.55096e-06 1.89676 -8.1646e-07 3.41544e-08 -8.1646e-07 1.03523e-06 
236
0
-7.41997
0.000628996
1.66459 1.15576e-05 3.42608e-08 1.15576e-05 1.90479 -8.16467e-07 3.42608e-08 -8.16467e-07 1.03523e-06 
237
0
-7.45267
0.000254006
1.67161 7.73104e-06 3.44609e-08 7.73104e-06 1.91283 -8.16474e-07 3.44609e-08 -8.16474e-07 1.03523e-06 
238
0
-7.48532
0.000245273
1.67863 6.14985e-06 3.46094e-08 6.14985e-06 1.92086 -8.16482e-07 3.46094e-08 -8.16482e-07 1.03523e-06 
239
0
-7.51785
0.000243688
1.68565 4.61508e-06 3.47638e-08 4.61508e-06 1.9289 -8.16489e-07 3.47638e-08 -8.16489e-07 1.03523e-06 
240
0
-7.55178
0.000833858
1.69267 3.08371e-06 3.49188e-08 3.08371e-06 1.93693 -8.16495e-07 3.49188e-08 -8.16495e-07 1.03523e-06 
241
0
-7.5844
0.000238428
1.69969 -2.05778e-06 3.51132e-08 -2.05778e-06 1.94497 -8.16499e-07 3.51132e-08 -8.16499e-07 1.03523e-06 
242
0
-7.61724
-0.000168297
1.70671 -3.56928e-06 3.52496e-08 -3.56928e-06 1.953 -8.16507e-07 3.52496e-08 -8.16507e-07 1.03523e-06 
243
0
-7.65098
0.000509036
1.71373 -2.58254e-06 3.53784e-08 -2.58254e-06 1.96104 -8.16514e-07 3.53784e-08 -8.16514e-07 1.03523e-06 
244
0
-7.68321
-0.00010275
1.72075 -5.77929e-06 3.55654e-08 -5.77929e-06 1.96907 -8.16521e-07 3.55654e-08 -8.16521e-07 1.03523e-06 
245
0
-7.71657
0.00075478
1.72777 -5.19097e-06 3.56926e-08 -5.19097e-06 1.97711 -8.16528e-07 3.56926e-08 -8.16528e-07 1.03523e-06 
246
0
-7.74941
0.000560212
1.73479 -9.94539e-06 3.58889e-08 -9.94539e-06 1.98514 -8.16535e-07 3.58889e-08 -8.16535e-07 1.03523e-06 
247
0
-7.78037
-0.00122202
1.74181 -1.35012e-05 3.60473e-08 -1.35012e-05 1.99318 -8.16542e-07 3.60473e-08 -8.16542e-07 1.03523e-06 
248
0
-7.81422
-0.000130636
1.74883 -5.87151e-06 3.60973e-08 -5.87151e-06 2.00121 -8.16549e-07 3.60973e-08 -8.16549e-07 1.03523e-06 
249
0
-7.84721
-0.000683051
1.75585 -5.09694e-06 3.62785e-08 -5.09694e-06 2.00925 -8.16554e-07 3.62785e-08 -8.16554e-07 1.03523e-06 
250
0
-7.88019
-0.000635939
1.76287 -8.19577e-07 3.64014e-08 -8.19577e-07 2.01728 -8.16561e-07 3.64014e-08 -8.16561e-07 1.03523e-06 
251
0
-7.91462
0.000989692
1.76989 3.17544e-06 3.65407e-08 3.17544e-06 2.02531 -8.16567e-07 3.65407e-08 -8.16567e-07 1.03523e-06 
252
0
-7.94612
-0.000390698
1.77691 -3.19404e-06 3.67803e-08 -3.19404e-06 2.03335 -8.16573e-07 3.67803e-08 -8.16573e-07 1.03523e-06 
253
0
-7.97947
0.000174581
1.78393 -7.38973e-07 3.68773e-08 -7.38973e-07 2.04138 -8.16579e-07 3.68773e-08 -8.16579e-07 1.03523e-06 
254
0
-8.01253
0.000463381
1.79095 -1.91236e-06 3.70479e-08 -1.91236e-06 2.04942 -8.16585e-07 3.70479e-08 -8.16585e-07 1.03523e-06 
255
0
-8.04532
0.000348385
1.79797 -4.95633e-06 3.72227e-08 -4.95633e-06 2.05745 -8.16593e-07 3.72227e-08 -8.16593e-07 1.03523e-06 
256
0
-8.07786
4.28541e-05
1.80499 -7.26606e-06 3.73781e-08 -7.26606e-06 2.06549 -8.166e-07 3.73781e-08 -8.166e-07 1.03523e-06 
257
0
-8.11048
0.000212187
1.81201 -7.59492e-06 3.75163e-08 -7.59492e-06 2.07352 -8.16609e-07 3.75163e-08 -8.16609e-07 1.03523e-06 
258
0
-8.14351
0.000247939
1.81903 -9.03195e-06 3.76743e-08 -9.03195e-06 2.08156 -8.16616e-07 3.76743e-08 -8.16616e-07 1.03523e-06 
259
0
-8.17627
-0.000250024
1.82605 -1.0709e-05 3.78322e-08 -1.0709e-05 2.08959 -8.16623e-07 3.78322e-08 -8.16623e-07 1.03523e-06 
260
0
-8.20906
-0.000959736
1.83307 -9.11157e-06 3.79588e-08 -9.11157e-06 2.09763 -8.16629e-07 3.79588e-08 -8.16629e-07 1.03523e-06 
261
0
-8.24258
-0.000238056
1.84009 -2.81385e-06 3.80606e-08 -2.81385e-06 2.10566 -8.16636e-07 3.80606e-08 -8.16636e-07 1.03523e-06 
262
0
-8.27509
-0.000444249
1.84711 -1.28324e-06 3.82329e-08 -1.28324e-06 2.1137 -8.16643e-07 3.82329e-08 -8.16643e-07 1.03523e-06 
263
0
-8.30766
-0.000973022
1.85413 1.62761e-06 3.83714e-08 1.62761e-06 2.12173 -8.16649e-07 3.83714e-08 -8.16649e-07 1.03523e-06 
264
0
-8.34125
-0.00011111
1.86115 8.08719e-06 3.8483e-08 8.08719e-06 2.12977 -8.16655e-07 3.8483e-08 -8.16655e-07 1.03523e-06 
265
0
-8.37294
-0.00117501
1.86817 8.78339e-06 3.86663e-08 8.78339e-06 2.1378 -8.16659e-07 3.86663e-08 -8.16659e-07 1.03523e-06 
266
0
-8.40622
-0.000771922
1.87519 1.66538e-05 3.87572e-08 1.66538e-05 2.14583 -8.16665e-07 3.87572e-08 -8.16665e-07 1.03523e-06 
267
0
-8.43992
-8.25596e-05
1.88221 2.18268e-05 3.89073e-08 2.18268e-05 2.15387 -8.1667e-07 3.89073e-08 -8.1667e-07 1.03523e-06 
268
0
-8.47282
0.000152516
1.88923 2.23375e-05 3.90923e-08 2.23375e-05 2.1619 -8.16674e-07 3.90923e-08 -8.16674e-07 1.03523e-06 
269
0
-8.50577
0.000166316
1.89625 2.12479e-05 3.92646e-08 2.12479e-05 2.16994 -8.16678e-07 3.92646e-08 -8.16678e-07 1.03523e-06 
270
0
-8.5387
-0.000235441
1.90327 2.00599e-05 3.94257e-08 2.00599e-05 2.17797 -8.16686e-07 3.94257e-08 -8.16686e-07 1.03523e-06 
271
0
-8.572
0.000327043
1.91029 2.16269e-05 3.95611e-08 2.16269e-05 2.18601 -8.16695e-07 3.95611e-08 -8.16695e-07 1.03523e-06 
272
0
-8.60467
0.000256203
1.91731 1.93226e-05 3.97427e-08 1.93226e-05 2.19404 -8.16704e-07 3.97427e-08 -8.16704e-07 1.03523e-06 
273
0
-8.63781
0.000178514
1.92433 1.75001e-05 3.99017e-08 1.75001e-05 2.20208 -8.1671e-07 3.99017e-08 -8.1671e-07 1.03523e-06 
274
0
-8.67079
0.000367914
1.93135 1.62105e-05 4.0057e-08 1.62105e-05 2.21011 -8.16717e-07 4.0057e-08 -8.16717e-07 1.03523e-06 
275
0
-8.70332
-0.000170486
1.93837 1.35965e-05 4.0225e-08 1.35965e-05 2.21815 -8.16724e-07 4.0225e-08 -8.16724e-07 1.03523e-06 
276
0
-8.73661
-0.000151919
1.94539 1.47388e-05 4.03542e-08 1.47388e-05 2.22618 -8.16731e-07 4.03542e-08 -8.16731e-07 1.03523e-06 
277
0
-8.76947
-3.91173e-05
1.95241 1.57552e-05 4.05034e-08 1.57552e-05 2.23422 -8.16735e-07 4.05034e-08 -8.16735e-07 1.03523e-06 
278
0
-8.80364
0.00105317
1.95943 1.59806e-05 4.06602e-08 1.59806e-05 2.24225 -8.16741e-07 4.06602e-08 -8.16741e-07 1.03523e-06 
279
0
-8.8362
0.000697486
1.96645 8.48405e-06 4.08813e-08 8.48405e-06 2.25029 -8.16748e-07 4.08813e-08 -8.16748e-07 1.03523e-06 
280
0
-8.86842
0.000244892
1.97347 3.48467e-06 4.104e-08 3.48467e-06 2.25832 -8.16755e-07 4.104e-08 -8.16755e-07 1.03523e-06 
281
0
-8.90024
-0.000797473
1.98049 1.69058e-06 4.1175e-08 1.69058e-06 2.26636 -8.16763e-07 4.1175e-08 -8.16763e-07 1.03523e-06 
282
0
-8.93396
0.000294615
1.98751 7.33956e-06 4.12634e-08 7.33956e-06 2.27439 -8.16772e-07 4.12634e-08 -8.16772e-07 1.03523e-06 
283
0
-8.96632
-0.000437683
1.99453 5.17635e-06 4.14583e-08 5.17635e-06 2.28242 -8.16781e-07 4.14583e-08 -8.16781e-07 1.03523e-06 
284
0
-9.00019
0.000744524
2.00155 8.27621e-06 4.15779e-08 8.27621e-06 2.29046 -8.16791e-07 4.15779e-08 -8.16791e-07 1.03523e-06 
285
0
-9.03324
0.00112346
2.00857 2.84848e-06 4.17895e-08 2.84848e-06 2.29849 -8.16797e-07 4.17895e-08 -8.16797e-07 1.03523e-06 
286
0
-9.06518
0.000173242
2.01559 -5.34464e-06 4.19851e-08 -5.34464e-06 2.30653 -8.16803e-07 4.19851e-08 -8.16803e-07 1.03523e-06 
287
0
-9.09805
0.000566802
2.02261 -6.65499e-06 4.21025e-08 -6.65499e-06 2.31456 -8.16811e-07 4.21025e-08 -8.16811e-07 1.03523e-06 
288
0
-9.13051
-0.000184051
2.02963 -1.08423e-05 4.22723e-08 -1.08423e-05 2.3226 -8.16819e-07 4.22723e-08 -8.16819e-07 1.03523e-06 
289
0
-9.16358
-8.51849e-05
2.03665 -9.54464e-06 4.23897e-08 -9.54464e-06 2.33063 -8.16827e-07 4.23897e-08 -8.16827e-07 1.03523e-06 
290
0
-9.1964
8.33374e-05
2.04367 -8.96898e-06 4.25377e-08 -8.96898e-06 2.33867 -8.16833e-07 4.25377e-08 -8.16833e-07 1.03523e-06 
291
0
-9.22931
1.18044e-06
2.05069 -9.63401e-06 4.26956e-08 -9.63401e-06 2.3467 -8.1684e-07 4.26956e-08 -8.1684e-07 1.03523e-06 
292
0
-9.26315
0.000734218
2.05771 -9.6932e-06 4.28439e-08 -9.6932e-06 2.35474 -8.16846e-07 4.28439e-08 -8.16846e-07 1.03523e-06 
293
0
-9.29595
0.000340059
2.06473 -1.51957e-05 4.30396e-08 -1.51957e-05 2.36277 -8.16852e-07 4.30396e-08 -8.16852e-07 1.03523e-06 
294
0
-9.3282
-0.000882575
2.07176 -1.77799e-05 4.31856e-08 -1.77799e-05 2.37081 -8.16859e-07 4.31856e-08 -8.16859e-07 1.03523e-06 
295
0
-9.36048
-0.00160025
2.07878 -1.1232e-05 4.3267e-08 -1.1232e-05 2.37884 -8.16866e-07 4.3267e-08 -8.16866e-07 1.03523e-06 
296
0
-9.39431
-0.000177815
2.0858 7.21988e-07 4.33484e-08 7.21988e-07 2.38688 -8.16871e-07 4.33484e-08 -8.16871e-07 1.03523e-06 
297
0
-9.42774
0.000371582
2.09282 2.00981e-06 4.35487e-08 2.00981e-06 2.39491 -8.16873e-07 4.35487e-08 -8.16873e-07 1.03523e-06 
298
0
-9.46027
-0.000401506
2.09984 -8.47102e-07 4.37399e-08 -8.47102e-07 2.40294 -8.16879e-07 4.37399e-08 -8.16879e-07 1.03523e-06 
299
0
-9.49285
-0.000950328
2.10686 2.14484e-06 4.38583e-08 2.14484e-06 2.41098 -8.16887e-07 4.38583e-08 -8.16887e-07 1.03523e-06 
300
0
-9.52649
-0.00018578
2.11388 9.31969e-06 4.39657e-08 9.31969e-06 2.41901 -8.16895e-07 4.39657e-08 -8.16895e-07 1.03523e-06 
301
0
-9.55922
-7.87145e-05
2.1209 1.06863e-05 4.4143e-08 1.06863e-05 2.42705 -8.16899e-07 4.4143e-08 -8.16899e-07 1.03523e-06 
302
0
-9.592
-0.000352813
2.12792 1.12381e-05 4.43028e-08 1.12381e-05 2.43508 -8.16903e-07 4.43028e-08 -8.16903e-07 1.03523e-06 
303
0
-9.62529
0.000168431
2.13494 1.38968e-05 4.44397e-08 1.38968e-05 2.44312 -8.16911e-07 4.44397e-08 -8.16911e-07 1.03523e-06 
304
0
-9.65811
-0.000194332
2.14196 1.25484e-05 4.46164e-08 1.25484e-05 2.45115 -8.16916e-07 4.46164e-08 -8.16916e-07 1.03523e-06 
305
0
-9.69095
-0.000406329
