0
0
0
-0.000897906
0.00632102 -7.44339e-05 -4.31087e-09 -7.44339e-05 0.0065425 -1.42373e-07 -4.31087e-09 -1.42373e-07 1.21851e-06 
1
0
0
0.000697812
0.0093053 -0.000180883 -4.20918e-09 -0.000180883 0.00905162 -1.84355e-07 -4.20918e-09 -1.84355e-07 1.03651e-06 
2
0
0
-0.000378073
0.0107701 -0.000255986 -3.74088e-09 -0.000255986 0.00996569 -2.08411e-07 -3.74088e-09 -2.08411e-07 1.03685e-06 
3
0
0
-0.00111162
0.0114639 -0.000297131 -3.31865e-09 -0.000297131 0.010272 -2.19324e-07 -3.31865e-09 -2.19324e-07 1.0371e-06 
4
0
0
-0.000689975
0.0117902 -0.00031757 -3.02621e-09 -0.00031757 0.0103719 -2.24985e-07 -3.02621e-09 -2.24985e-07 1.03671e-06 
5
0
0
0.000495989
0.0119436 -0.000327294 -2.825e-09 -0.000327294 0.0104043 -2.28779e-07 -2.825e-09 -2.28779e-07 1.03631e-06 
6
0
0
0.000766007
0.0120159 -0.000331818 -2.66761e-09 -0.000331818 0.0104149 -2.31866e-07 -2.66761e-09 -2.31866e-07 1.036e-06 
7
0
0
-0.000331891
0.01205 -0.000333911 -2.53765e-09 -0.000333911 0.0104184 -2.34615e-07 -2.53765e-09 -2.34615e-07 1.03576e-06 
8
0
0
-0.000298242
0.0120662 -0.000334898 -2.43123e-09 -0.000334898 0.0104197 -2.37136e-07 -2.43123e-09 -2.37136e-07 1.03558e-06 
9
0
0
-0.000249208
0.0120739 -0.000335355 -2.32953e-09 -0.000335355 0.0104202 -2.39463e-07 -2.32953e-09 -2.39463e-07 1.03545e-06 
10
0
0
-8.069e-05
0.0120777 -0.000335569 -2.23344e-09 -0.000335569 0.0104205 -2.41606e-07 -2.23344e-09 -2.41606e-07 1.03535e-06 
11
0
0
-0.000368037
0.0120795 -0.000335669 -2.14294e-09 -0.000335669 0.0104206 -2.43569e-07 -2.14294e-09 -2.43569e-07 1.03528e-06 
12
0
0
0.00107031
0.0120804 -0.000335723 -2.06187e-09 -0.000335723 0.0104207 -2.45358e-07 -2.06187e-09 -2.45358e-07 1.03523e-06 
13
0
0
0.000774417
0.0120809 -0.000335728 -1.97283e-09 -0.000335728 0.0104208 -2.46982e-07 -1.97283e-09 -2.46982e-07 1.03519e-06 
14
0
0
0.000232923
0.0120812 -0.000335739 -1.90076e-09 -0.000335739 0.0104209 -2.48449e-07 -1.90076e-09 -2.48449e-07 1.03517e-06 
15
0
0
-7.45095e-06
0.0120814 -0.000335755 -1.84057e-09 -0.000335755 0.010421 -2.4977e-07 -1.84057e-09 -2.4977e-07 1.03515e-06 
16
0
0
0.000634858
0.0120815 -0.000335768 -1.78564e-09 -0.000335768 0.010421 -2.50954e-07 -1.78564e-09 -2.50954e-07 1.03514e-06 
17
0
0
0.000562181
0.0120815 -0.000335765 -1.72875e-09 -0.000335765 0.0104211 -2.52013e-07 -1.72875e-09 -2.52013e-07 1.03514e-06 
18
0
0
-0.000573397
0.0120816 -0.000335766 -1.68118e-09 -0.000335766 0.0104211 -2.52957e-07 -1.68118e-09 -2.52957e-07 1.03514e-06 
19
0
0
0.000286771
0.0120816 -0.000335786 -1.64883e-09 -0.000335786 0.0104212 -2.53797e-07 -1.64883e-09 -2.53797e-07 1.03514e-06 
20
0
0
-0.000621788
0.0120817 -0.000335781 -1.60744e-09 -0.000335781 0.0104212 -2.54543e-07 -1.60744e-09 -2.54543e-07 1.03514e-06 
21
0
0
0.000193826
0.0120817 -0.000335794 -1.58057e-09 -0.000335794 0.0104212 -2.55203e-07 -1.58057e-09 -2.55203e-07 1.03515e-06 
22
0
0
-0.000201614
0.0120817 -0.000335787 -1.54703e-09 -0.000335787 0.0104213 -2.55788e-07 -1.54703e-09 -2.55788e-07 1.03515e-06 
23
0
0
7.61654e-05
0.0120817 -0.000335792 -1.5236e-09 -0.000335792 0.0104213 -2.56304e-07 -1.5236e-09 -2.56304e-07 1.03516e-06 
24
0
0
0.00049955
0.0120817 -0.00033579 -1.49989e-09 -0.00033579 0.0104213 -2.56759e-07 -1.49989e-09 -2.56759e-07 1.03516e-06 
25
0
0
7.70802e-05
0.0120817 -0.000335782 -1.47662e-09 -0.000335782 0.0104213 -2.5716e-07 -1.47662e-09 -2.5716e-07 1.03517e-06 
26
0
0
-0.000612707
0.0120817 -0.000335787 -1.4618e-09 -0.000335787 0.0104213 -2.57512e-07 -1.4618e-09 -2.57512e-07 1.03517e-06 
27
0
0
0.000490314
0.0120817 -0.0003358 -1.45251e-09 -0.0003358 0.0104214 -2.57821e-07 -1.45251e-09 -2.57821e-07 1.03518e-06 
28
0
0
-0.000432742
0.0120817 -0.000335788 -1.43161e-09 -0.000335788 0.0104214 -2.58092e-07 -1.43161e-09 -2.58092e-07 1.03518e-06 
29
0
0
-0.000307299
0.0120817 -0.000335798 -1.42514e-09 -0.000335798 0.0104214 -2.5833e-07 -1.42514e-09 -2.5833e-07 1.03519e-06 
30
0
0
0.000721608
0.0120817 -0.0003358 -1.41873e-09 -0.0003358 0.0104214 -2.58534e-07 -1.41873e-09 -2.58534e-07 1.03519e-06 
31
0
0
-0.000338085
0.0120817 -0.000335785 -1.40322e-09 -0.000335785 0.0104214 -2.58714e-07 -1.40322e-09 -2.58714e-07 1.03519e-06 
32
0
0
0.000286783
0.0120817 -0.000335796 -1.40282e-09 -0.000335796 0.0104214 -2.58872e-07 -1.40282e-09 -2.58872e-07 1.0352e-06 
33
0
0
-0.000266289
0.0120817 -0.00033579 -1.39313e-09 -0.00033579 0.0104214 -2.59011e-07 -1.39313e-09 -2.59011e-07 1.0352e-06 
34
0
0
-0.000456352
0.0120817 -0.000335797 -1.39128e-09 -0.000335797 0.0104214 -2.59132e-07 -1.39128e-09 -2.59132e-07 1.0352e-06 
35
0
0
-0.000204659
0.0120817 -0.000335803 -1.38891e-09 -0.000335803 0.0104214 -2.59238e-07 -1.38891e-09 -2.59238e-07 1.0352e-06 
36
0
0
-0.000658945
0.0120817 -0.000335801 -1.38281e-09 -0.000335801 0.0104214 -2.59331e-07 -1.38281e-09 -2.59331e-07 1.03521e-06 
37
0
0
0.000424871
0.0120817 -0.000335808 -1.38226e-09 -0.000335808 0.0104214 -2.59412e-07 -1.38226e-09 -2.59412e-07 1.03521e-06 
38
0
0
0.000888423
0.0120817 -0.000335793 -1.37435e-09 -0.000335793 0.0104214 -2.59485e-07 -1.37435e-09 -2.59485e-07 1.03521e-06 
39
0
0
0.000232815
0.0120817 -0.00033578 -1.36723e-09 -0.00033578 0.0104214 -2.59549e-07 -1.36723e-09 -2.59549e-07 1.03521e-06 
40
0
0
0.000515273
0.0120817 -0.000335786 -1.36901e-09 -0.000335786 0.0104214 -2.59603e-07 -1.36901e-09 -2.59603e-07 1.03521e-06 
41
0
0
-0.00016921
0.0120817 -0.000335783 -1.36527e-09 -0.000335783 0.0104214 -2.5965e-07 -1.36527e-09 -2.5965e-07 1.03521e-06 
42
0
0
3.8971e-05
0.0120817 -0.000335793 -1.36872e-09 -0.000335793 0.0104214 -2.59691e-07 -1.36872e-09 -2.59691e-07 1.03521e-06 
43
0
0
-1.05219e-05
0.0120817 -0.000335794 -1.36692e-09 -0.000335794 0.0104214 -2.59727e-07 -1.36692e-09 -2.59727e-07 1.03522e-06 
44
0
0
-0.000172211
0.0120817 -0.000335795 -1.36502e-09 -0.000335795 0.0104214 -2.59758e-07 -1.36502e-09 -2.59758e-07 1.03522e-06 
45
0
0
0.000131553
0.0120817 -0.000335798 -1.36386e-09 -0.000335798 0.0104214 -2.59786e-07 -1.36386e-09 -2.59786e-07 1.03522e-06 
46
0
0
0.000127181
0.0120817 -0.000335794 -1.36133e-09 -0.000335794 0.0104214 -2.59812e-07 -1.36133e-09 -2.59812e-07 1.03522e-06 
47
0
0
-0.000668207
0.0120817 -0.000335793 -1.36087e-09 -0.000335793 0.0104214 -2.59834e-07 -1.36087e-09 -2.59834e-07 1.03522e-06 
48
0
0
-0.000153189
0.0120817 -0.000335805 -1.36678e-09 -0.000335805 0.0104214 -2.59853e-07 -1.36678e-09 -2.59853e-07 1.03522e-06 
49
0
0
0.000142803
0.0120817 -0.000335802 -1.36317e-09 -0.000335802 0.0104214 -2.59869e-07 -1.36317e-09 -2.59869e-07 1.03522e-06 
50
0
0
0.000558837
0.0120817 -0.000335796 -1.35867e-09 -0.000335796 0.0104214 -2.59882e-07 -1.35867e-09 -2.59882e-07 1.03522e-06 
51
0
0
-0.000317167
0.0120817 -0.000335787 -1.35335e-09 -0.000335787 0.0104214 -2.59894e-07 -1.35335e-09 -2.59894e-07 1.03522e-06 
52
0
0
0.000199519
0.0120817 -0.000335797 -1.35884e-09 -0.000335797 0.0104214 -2.59904e-07 -1.35884e-09 -2.59904e-07 1.03522e-06 
53
0
0
0.000293468
0.0120817 -0.000335793 -1.3555e-09 -0.000335793 0.0104214 -2.59913e-07 -1.3555e-09 -2.59913e-07 1.03522e-06 
54
0
0
0.000431142
0.0120817 -0.00033579 -1.35148e-09 -0.00033579 0.0104214 -2.59927e-07 -1.35148e-09 -2.59927e-07 1.03522e-06 
55
0
0
0.000701812
0.0120817 -0.000335787 -1.3484e-09 -0.000335787 0.0104214 -2.59937e-07 -1.3484e-09 -2.59937e-07 1.03522e-06 
56
0
0
0.00107389
0.0120817 -0.000335781 -1.34548e-09 -0.000335781 0.0104214 -2.59945e-07 -1.34548e-09 -2.59945e-07 1.03522e-06 
57
0
0
4.86049e-06
0.0120818 -0.000335773 -1.34099e-09 -0.000335773 0.0104214 -2.59951e-07 -1.34099e-09 -2.59951e-07 1.03522e-06 
58
0
0
0.000403051
0.0120817 -0.000335787 -1.34836e-09 -0.000335787 0.0104214 -2.59955e-07 -1.34836e-09 -2.59955e-07 1.03522e-06 
59
0
0
-8.94786e-05
0.0120817 -0.000335786 -1.34719e-09 -0.000335786 0.0104214 -2.59959e-07 -1.34719e-09 -2.59959e-07 1.03522e-06 
60
0
0
6.17342e-05
0.0120817 -0.000335793 -1.35087e-09 -0.000335793 0.0104214 -2.59964e-07 -1.35087e-09 -2.59964e-07 1.03522e-06 
61
0
0
-0.000473652
0.0120817 -0.000335794 -1.35117e-09 -0.000335794 0.0104214 -2.59968e-07 -1.35117e-09 -2.59968e-07 1.03522e-06 
62
0
0
0.000255142
0.0120817 -0.000335802 -1.3562e-09 -0.000335802 0.0104214 -2.5997e-07 -1.3562e-09 -2.5997e-07 1.03522e-06 
63
0
0
0.000168027
0.0120817 -0.000335794 -1.35123e-09 -0.000335794 0.0104214 -2.59972e-07 -1.35123e-09 -2.59972e-07 1.03522e-06 
64
0
0
0.000250312
0.0120817 -0.000335792 -1.34989e-09 -0.000335792 0.0104214 -2.59974e-07 -1.34989e-09 -2.59974e-07 1.03522e-06 
65
0
0
0.00087095
0.0120817 -0.00033579 -1.34872e-09 -0.00033579 0.0104214 -2.59976e-07 -1.34872e-09 -2.59976e-07 1.03522e-06 
66
0
0
0.000347507
0.0120817 -0.00033578 -1.3436e-09 -0.00033578 0.0104214 -2.59978e-07 -1.3436e-09 -2.59978e-07 1.03522e-06 
67
0
0
-4.55217e-05
0.0120817 -0.000335784 -1.34639e-09 -0.000335784 0.0104214 -2.5998e-07 -1.34639e-09 -2.5998e-07 1.03522e-06 
68
0
0
-0.0003185
0.0120817 -0.000335792 -1.34935e-09 -0.000335792 0.0104214 -2.5998e-07 -1.34935e-09 -2.5998e-07 1.03522e-06 
69
0
0
-8.85127e-06
0.0120817 -0.000335799 -1.35159e-09 -0.000335799 0.0104214 -2.59978e-07 -1.35159e-09 -2.59978e-07 1.03522e-06 
70
0
0
-0.000518121
0.0120817 -0.000335797 -1.34998e-09 -0.000335797 0.0104214 -2.59977e-07 -1.34998e-09 -2.59977e-07 1.03522e-06 
71
0
0
-7.37246e-05
0.0120817 -0.000335804 -1.354e-09 -0.000335804 0.0104214 -2.59977e-07 -1.354e-09 -2.59977e-07 1.03522e-06 
72
0
0
0.00130232
0.0120817 -0.0003358 -1.35109e-09 -0.0003358 0.0104214 -2.59977e-07 -1.35109e-09 -2.59977e-07 1.03522e-06 
73
0
0
-8.07264e-05
0.0120817 -0.000335777 -1.33836e-09 -0.000335777 0.0104214 -2.59977e-07 -1.33836e-09 -2.59977e-07 1.03522e-06 
74
0
0
-0.000625697
0.0120817 -0.00033579 -1.34633e-09 -0.00033579 0.0104214 -2.59977e-07 -1.34633e-09 -2.59977e-07 1.03522e-06 
75
0
0
-0.000822286
0.0120817 -0.000335803 -1.35417e-09 -0.000335803 0.0104214 -2.59977e-07 -1.35417e-09 -2.59977e-07 1.03522e-06 
76
0
0
-0.00063713
0.0120817 -0.000335812 -1.35889e-09 -0.000335812 0.0104214 -2.59978e-07 -1.35889e-09 -2.59978e-07 1.03522e-06 
77
0
0
0.000521871
0.0120817 -0.000335812 -1.35835e-09 -0.000335812 0.0104214 -2.59979e-07 -1.35835e-09 -2.59979e-07 1.03522e-06 
78
0
0
-0.000146507
0.0120817 -0.000335794 -1.35042e-09 -0.000335794 0.0104214 -2.59978e-07 -1.35042e-09 -2.59978e-07 1.03522e-06 
79
0
0
-0.000250077
0.0120817 -0.000335797 -1.35475e-09 -0.000335797 0.0104214 -2.59977e-07 -1.35475e-09 -2.59977e-07 1.03522e-06 
80
0
0
0.000306579
0.0120817 -0.0003358 -1.35823e-09 -0.0003358 0.0104214 -2.59977e-07 -1.35823e-09 -2.59977e-07 1.03522e-06 
81
0
0
0.000172693
0.0120817 -0.000335793 -1.35474e-09 -0.000335793 0.0104214 -2.59977e-07 -1.35474e-09 -2.59977e-07 1.03522e-06 
82
0
0
0.000806665
0.0120817 -0.000335792 -1.35469e-09 -0.000335792 0.0104214 -2.59978e-07 -1.35469e-09 -2.59978e-07 1.03522e-06 
83
0
0
0.00066203
0.0120817 -0.000335781 -1.34917e-09 -0.000335781 0.0104214 -2.59979e-07 -1.34917e-09 -2.59979e-07 1.03522e-06 
84
0
0
-0.000443398
0.0120817 -0.00033578 -1.34925e-09 -0.00033578 0.0104214 -2.5998e-07 -1.34925e-09 -2.5998e-07 1.03522e-06 
85
0
0
0.000772488
0.0120817 -0.000335797 -1.35882e-09 -0.000335797 0.0104214 -2.59981e-07 -1.35882e-09 -2.59981e-07 1.03522e-06 
86
0
0
-0.00024939
0.0120817 -0.000335784 -1.35094e-09 -0.000335784 0.0104214 -2.59981e-07 -1.35094e-09 -2.59981e-07 1.03522e-06 
87
0
0
-0.00055214
0.0120817 -0.000335795 -1.35656e-09 -0.000335795 0.0104214 -2.59981e-07 -1.35656e-09 -2.59981e-07 1.03522e-06 
88
0
0
-0.0003199
0.0120817 -0.000335804 -1.36068e-09 -0.000335804 0.0104214 -2.59981e-07 -1.36068e-09 -2.59981e-07 1.03522e-06 
89
0
0
-0.000261729
0.0120817 -0.000335804 -1.36025e-09 -0.000335804 0.0104214 -2.59982e-07 -1.36025e-09 -2.59982e-07 1.03522e-06 
90
0
0
-0.000104623
0.0120817 -0.000335803 -1.35893e-09 -0.000335803 0.0104214 -2.59982e-07 -1.35893e-09 -2.59982e-07 1.03522e-06 
91
0
0
-1.76246e-05
0.0120817 -0.0003358 -1.35698e-09 -0.0003358 0.0104214 -2.59982e-07 -1.35698e-09 -2.59982e-07 1.03522e-06 
92
0
0
4.99318e-05
0.0120817 -0.000335798 -1.35611e-09 -0.000335798 0.0104214 -2.59982e-07 -1.35611e-09 -2.59982e-07 1.03522e-06 
93
0
0
-0.000236605
0.0120817 -0.000335796 -1.35616e-09 -0.000335796 0.0104214 -2.59982e-07 -1.35616e-09 -2.59982e-07 1.03522e-06 
94
0
0
-4.45577e-05
0.0120817 -0.000335799 -1.36504e-09 -0.000335799 0.0104214 -2.59976e-07 -1.36504e-09 -2.59976e-07 1.03522e-06 
95
0
0
0.0002665
0.0120817 -0.000335798 -1.36812e-09 -0.000335798 0.0104214 -2.59973e-07 -1.36812e-09 -2.59973e-07 1.03522e-06 
96
0
0
0.000611791
0.0120817 -0.000335792 -1.36719e-09 -0.000335792 0.0104214 -2.59971e-07 -1.36719e-09 -2.59971e-07 1.03522e-06 
97
0
0
-0.000139925
0.0120817 -0.000335785 -1.36461e-09 -0.000335785 0.0104214 -2.59969e-07 -1.36461e-09 -2.59969e-07 1.03522e-06 
98
0
0
0.000973615
0.0120817 -0.000335794 -1.3716e-09 -0.000335794 0.0104214 -2.59968e-07 -1.3716e-09 -2.59968e-07 1.03522e-06 
99
0
0
-0.000130533
0.0120817 -0.000335779 -1.36496e-09 -0.000335779 0.0104214 -2.59968e-07 -1.36496e-09 -2.59968e-07 1.03522e-06 
100
0
0
-0.000314565
0.0120817 -0.000335792 -1.37256e-09 -0.000335792 0.0104214 -2.59968e-07 -1.37256e-09 -2.59968e-07 1.03522e-06 
101
0
0
1.80346e-05
0.0120817 -0.000335799 -1.37632e-09 -0.000335799 0.0104214 -2.59969e-07 -1.37632e-09 -2.59969e-07 1.03522e-06 
102
0
0
0.00121566
0.0120817 -0.000335797 -1.3748e-09 -0.000335797 0.0104214 -2.5997e-07 -1.3748e-09 -2.5997e-07 1.03522e-06 
103
0
0
-8.27087e-05
0.0120817 -0.000335777 -1.36386e-09 -0.000335777 0.0104214 -2.5997e-07 -1.36386e-09 -2.5997e-07 1.03522e-06 
104
0
0
0.000793865
0.0120817 -0.00033579 -1.37117e-09 -0.00033579 0.0104214 -2.5997e-07 -1.37117e-09 -2.5997e-07 1.03522e-06 
105
0
0
0.000649217
0.0120817 -0.000335781 -1.36611e-09 -0.000335781 0.0104214 -2.5997e-07 -1.36611e-09 -2.5997e-07 1.03522e-06 
106
0
0
3.71716e-05
0.0120817 -0.00033578 -1.3658e-09 -0.00033578 0.0104214 -2.5997e-07 -1.3658e-09 -2.5997e-07 1.03522e-06 
107
0
0
-0.00086234
0.0120817 -0.000335789 -1.37082e-09 -0.000335789 0.0104214 -2.5997e-07 -1.37082e-09 -2.5997e-07 1.03522e-06 
108
0
0
-0.0003976
0.0120817 -0.000335807 -1.37998e-09 -0.000335807 0.0104214 -2.5997e-07 -1.37998e-09 -2.5997e-07 1.03522e-06 
109
0
0
0.000472245
0.0120817 -0.000335806 -1.3803e-09 -0.000335806 0.0104214 -2.59967e-07 -1.3803e-09 -2.59967e-07 1.03522e-06 
110
0
0
0.000647381
0.0120817 -0.000335792 -1.37406e-09 -0.000335792 0.0104214 -2.59965e-07 -1.37406e-09 -2.59965e-07 1.03522e-06 
111
0
0
0.000835486
0.0120817 -0.000335784 -1.37073e-09 -0.000335784 0.0104214 -2.59964e-07 -1.37073e-09 -2.59964e-07 1.03522e-06 
112
0
0
0.000401106
0.0120817 -0.000335778 -1.36744e-09 -0.000335778 0.0104214 -2.59964e-07 -1.36744e-09 -2.59964e-07 1.03522e-06 
113
0
0
-0.000323563
0.0120817 -0.000335783 -1.37039e-09 -0.000335783 0.0104214 -2.59963e-07 -1.37039e-09 -2.59963e-07 1.03522e-06 
114
0
0
-0.000135167
0.0120817 -0.000335796 -1.3781e-09 -0.000335796 0.0104214 -2.59963e-07 -1.3781e-09 -2.59963e-07 1.03522e-06 
115
0
0
0.00061166
0.0120817 -0.000335798 -1.37914e-09 -0.000335798 0.0104214 -2.59963e-07 -1.37914e-09 -2.59963e-07 1.03522e-06 
116
0
0
0.0001146
0.0120817 -0.000335787 -1.37219e-09 -0.000335787 0.0104214 -2.59963e-07 -1.37219e-09 -2.59963e-07 1.03522e-06 
117
0
0
8.92725e-05
0.0120817 -0.00033579 -1.37475e-09 -0.00033579 0.0104214 -2.59963e-07 -1.37475e-09 -2.59963e-07 1.03522e-06 
118
0
0
0.000183443
0.0120817 -0.000335792 -1.37768e-09 -0.000335792 0.0104214 -2.59966e-07 -1.37768e-09 -2.59966e-07 1.03522e-06 
119
0
0
0.000611315
0.0120817 -0.000335791 -1.37815e-09 -0.000335791 0.0104214 -2.59967e-07 -1.37815e-09 -2.59967e-07 1.03522e-06 
120
0
0
-0.000295499
0.0120817 -0.000335784 -1.37523e-09 -0.000335784 0.0104214 -2.59967e-07 -1.37523e-09 -2.59967e-07 1.03522e-06 
121
0
0
0.000310568
0.0120817 -0.000335796 -1.38258e-09 -0.000335796 0.0104214 -2.59968e-07 -1.38258e-09 -2.59968e-07 1.03522e-06 
122
0
0
0.000140691
0.0120817 -0.000335791 -1.37955e-09 -0.000335791 0.0104214 -2.59968e-07 -1.37955e-09 -2.59968e-07 1.03522e-06 
123
0
0
0.000661807
0.0120817 -0.000335792 -1.37944e-09 -0.000335792 0.0104214 -2.59967e-07 -1.37944e-09 -2.59967e-07 1.03522e-06 
124
0
0
-1.4727e-05
0.0120817 -0.000335784 -1.37491e-09 -0.000335784 0.0104214 -2.59967e-07 -1.37491e-09 -2.59967e-07 1.03522e-06 
125
0
0
0.000304536
0.0120817 -0.000335791 -1.37548e-09 -0.000335791 0.0104214 -2.5997e-07 -1.37548e-09 -2.5997e-07 1.03522e-06 
126
0
0
0.000789153
0.0120817 -0.000335789 -1.37126e-09 -0.000335789 0.0104214 -2.59972e-07 -1.37126e-09 -2.59972e-07 1.03522e-06 
127
0
0
0.000126254
0.0120817 -0.000335781 -1.36505e-09 -0.000335781 0.0104214 -2.59973e-07 -1.36505e-09 -2.59973e-07 1.03522e-06 
128
0
0
-0.000213139
0.0120817 -0.000335788 -1.36833e-09 -0.000335788 0.0104214 -2.59973e-07 -1.36833e-09 -2.59973e-07 1.03522e-06 
129
0
0
-0.000642159
0.0120817 -0.000335796 -1.37147e-09 -0.000335796 0.0104214 -2.59973e-07 -1.37147e-09 -2.59973e-07 1.03522e-06 
130
0
0
-9.47619e-05
0.0120817 -0.000335806 -1.37596e-09 -0.000335806 0.0104214 -2.59973e-07 -1.37596e-09 -2.59973e-07 1.03522e-06 
131
0
0
0.0010893
0.0120817 -0.000335801 -1.37358e-09 -0.000335801 0.0104214 -2.59974e-07 -1.37358e-09 -2.59974e-07 1.03522e-06 
132
0
0
-0.000117918
0.0120817 -0.00033578 -1.36292e-09 -0.00033578 0.0104214 -2.59975e-07 -1.36292e-09 -2.59975e-07 1.03522e-06 
133
0
0
-4.1696e-05
0.0120817 -0.000335792 -1.37553e-09 -0.000335792 0.0104214 -2.59974e-07 -1.37553e-09 -2.59974e-07 1.03522e-06 
134
0
0
0.000235583
0.0120817 -0.000335795 -1.38066e-09 -0.000335795 0.0104214 -2.59974e-07 -1.38066e-09 -2.59974e-07 1.03522e-06 
135
0
0
3.25554e-05
0.0120817 -0.000335792 -1.38099e-09 -0.000335792 0.0104214 -2.59973e-07 -1.38099e-09 -2.59973e-07 1.03522e-06 
136
0
0
-0.000300721
0.0120817 -0.000335794 -1.38399e-09 -0.000335794 0.0104214 -2.59973e-07 -1.38399e-09 -2.59973e-07 1.03522e-06 
137
0
0
0.000704457
0.0120817 -0.0003358 -1.38824e-09 -0.0003358 0.0104214 -2.59973e-07 -1.38824e-09 -2.59973e-07 1.03522e-06 
138
0
0
0.000172934
0.0120817 -0.000335786 -1.38117e-09 -0.000335786 0.0104214 -2.59973e-07 -1.38117e-09 -2.59973e-07 1.03522e-06 
139
0
0
-0.000717241
0.0120817 -0.000335789 -1.38375e-09 -0.000335789 0.0104214 -2.59973e-07 -1.38375e-09 -2.59973e-07 1.03522e-06 
140
0
0
-0.000775295
0.0120817 -0.000335805 -1.39334e-09 -0.000335805 0.0104214 -2.59974e-07 -1.39334e-09 -2.59974e-07 1.03522e-06 
141
0
0
-0.000612683
0.0120817 -0.000335811 -1.39706e-09 -0.000335811 0.0104214 -2.59973e-07 -1.39706e-09 -2.59973e-07 1.03522e-06 
142
0
0
0.000123638
0.0120817 -0.000335811 -1.39607e-09 -0.000335811 0.0104214 -2.59972e-07 -1.39607e-09 -2.59972e-07 1.03522e-06 
143
0
0
-0.00132795
0.0120817 -0.0003358 -1.38904e-09 -0.0003358 0.0104214 -2.5997e-07 -1.38904e-09 -2.5997e-07 1.03522e-06 
144
0
0
0.000151034
0.0120817 -0.000335818 -1.39937e-09 -0.000335818 0.0104214 -2.59969e-07 -1.39937e-09 -2.59969e-07 1.03522e-06 
145
0
0
-0.000629241
0.0120817 -0.000335802 -1.39053e-09 -0.000335802 0.0104214 -2.59969e-07 -1.39053e-09 -2.59969e-07 1.03522e-06 
146
0
0
-0.000428277
0.0120817 -0.000335808 -1.39531e-09 -0.000335808 0.0104214 -2.59969e-07 -1.39531e-09 -2.59969e-07 1.03522e-06 
147
0
0
-0.000498497
0.0120817 -0.000335807 -1.39525e-09 -0.000335807 0.0104214 -2.59969e-07 -1.39525e-09 -2.59969e-07 1.03522e-06 
148
0
0
-9.71275e-05
0.0120817 -0.000335808 -1.39579e-09 -0.000335808 0.0104214 -2.5997e-07 -1.39579e-09 -2.5997e-07 1.03522e-06 
149
0
0
-0.000934772
0.0120817 -0.000335802 -1.39085e-09 -0.000335802 0.0104214 -2.59972e-07 -1.39085e-09 -2.59972e-07 1.03522e-06 
150
0
0
-0.000242733
0.0120817 -0.000335813 -1.39643e-09 -0.000335813 0.0104214 -2.59973e-07 -1.39643e-09 -2.59973e-07 1.03522e-06 
151
0
0
-0.000392508
0.0120817 -0.000335806 -1.39188e-09 -0.000335806 0.0104214 -2.59974e-07 -1.39188e-09 -2.59974e-07 1.03522e-06 
152
0
0
0.000576535
0.0120817 -0.000335806 -1.39054e-09 -0.000335806 0.0104214 -2.59974e-07 -1.39054e-09 -2.59974e-07 1.03522e-06 
153
0
0
-0.00010819
0.0120817 -0.00033579 -1.38113e-09 -0.00033579 0.0104214 -2.59974e-07 -1.38113e-09 -2.59974e-07 1.03522e-06 
154
0
0
-0.000422864
0.0120817 -0.000335795 -1.3825e-09 -0.000335795 0.0104214 -2.59974e-07 -1.3825e-09 -2.59974e-07 1.03522e-06 
155
0
0
-0.00018861
0.0120817 -0.000335802 -1.38498e-09 -0.000335802 0.0104214 -2.59974e-07 -1.38498e-09 -2.59974e-07 1.03522e-06 
156
0
0
-0.00024151
0.0120817 -0.000335801 -1.38342e-09 -0.000335801 0.0104214 -2.59974e-07 -1.38342e-09 -2.59974e-07 1.03522e-06 
157
0
0
-0.000152379
0.0120817 -0.000335802 -1.38342e-09 -0.000335802 0.0104214 -2.59974e-07 -1.38342e-09 -2.59974e-07 1.03522e-06 
158
0
0
-0.000556461
0.0120817 -0.0003358 -1.37634e-09 -0.0003358 0.0104214 -2.59973e-07 -1.37634e-09 -2.59973e-07 1.03522e-06 
159
0
0
-0.000504347
0.0120817 -0.000335806 -1.37501e-09 -0.000335806 0.0104214 -2.59973e-07 -1.37501e-09 -2.59973e-07 1.03522e-06 
160
0
0
-0.000233666
0.0120817 -0.000335808 -1.37313e-09 -0.000335808 0.0104214 -2.59973e-07 -1.37313e-09 -2.59973e-07 1.03522e-06 
161
0
0
8.48347e-05
0.0120817 -0.000335804 -1.36822e-09 -0.000335804 0.0104214 -2.59973e-07 -1.36822e-09 -2.59973e-07 1.03522e-06 
162
0
0
-1.68948e-05
0.0120817 -0.000335797 -1.36263e-09 -0.000335797 0.0104214 -2.59972e-07 -1.36263e-09 -2.59972e-07 1.03522e-06 
163
0
0
0.000209906
0.0120817 -0.000335797 -1.36125e-09 -0.000335797 0.0104214 -2.59971e-07 -1.36125e-09 -2.59971e-07 1.03522e-06 
164
0
0
2.07015e-05
0.0120817 -0.000335793 -1.35811e-09 -0.000335793 0.0104214 -2.59971e-07 -1.35811e-09 -2.59971e-07 1.03522e-06 
165
0
0
0.00062873
0.0120817 -0.000335794 -1.35597e-09 -0.000335794 0.0104214 -2.59968e-07 -1.35597e-09 -2.59968e-07 1.03522e-06 
166
0
0
-0.000254925
0.0120817 -0.000335785 -1.3485e-09 -0.000335785 0.0104214 -2.59967e-07 -1.3485e-09 -2.59967e-07 1.03522e-06 
167
0
0
0.000183123
0.0120817 -0.000335796 -1.35351e-09 -0.000335796 0.0104214 -2.59966e-07 -1.35351e-09 -2.59966e-07 1.03522e-06 
168
0
0
-0.000775738
0.0120817 -0.000335793 -1.35162e-09 -0.000335793 0.0104214 -2.59966e-07 -1.35162e-09 -2.59966e-07 1.03522e-06 
169
0
0
-0.000492546
0.0120817 -0.000335807 -1.36024e-09 -0.000335807 0.0104214 -2.59965e-07 -1.36024e-09 -2.59965e-07 1.03522e-06 
170
0
0
0.000405089
0.0120817 -0.000335808 -1.36126e-09 -0.000335808 0.0104214 -2.59965e-07 -1.36126e-09 -2.59965e-07 1.03522e-06 
171
0
0
-0.000204066
0.0120817 -0.000335794 -1.35349e-09 -0.000335794 0.0104214 -2.59965e-07 -1.35349e-09 -2.59965e-07 1.03522e-06 
172
0
0
-0.000331955
0.0120817 -0.000335798 -1.35618e-09 -0.000335798 0.0104214 -2.59964e-07 -1.35618e-09 -2.59964e-07 1.03522e-06 
173
0
0
0.000217357
0.0120817 -0.000335802 -1.36254e-09 -0.000335802 0.0104214 -2.59963e-07 -1.36254e-09 -2.59963e-07 1.03522e-06 
174
0
0
-0.000303039
0.0120817 -0.000335795 -1.36265e-09 -0.000335795 0.0104214 -2.59963e-07 -1.36265e-09 -2.59963e-07 1.03522e-06 
175
0
0
-0.000443279
0.0120817 -0.0003358 -1.36903e-09 -0.0003358 0.0104214 -2.59963e-07 -1.36903e-09 -2.59963e-07 1.03522e-06 
176
0
0
-0.000322479
0.0120817 -0.000335804 -1.37315e-09 -0.000335804 0.0104214 -2.59963e-07 -1.37315e-09 -2.59963e-07 1.03522e-06 
177
0
0
-0.000489089
0.0120817 -0.000335804 -1.37282e-09 -0.000335804 0.0104214 -2.59964e-07 -1.37282e-09 -2.59964e-07 1.03522e-06 
178
0
0
-0.000714792
0.0120817 -0.000335807 -1.37341e-09 -0.000335807 0.0104214 -2.59964e-07 -1.37341e-09 -2.59964e-07 1.03522e-06 
179
0
0
-7.37256e-05
0.0120817 -0.000335811 -1.37532e-09 -0.000335811 0.0104214 -2.59964e-07 -1.37532e-09 -2.59964e-07 1.03522e-06 
180
0
0
-0.000244753
0.0120817 -0.000335803 -1.37028e-09 -0.000335803 0.0104214 -2.59964e-07 -1.37028e-09 -2.59964e-07 1.03522e-06 
181
0
0
0.000409461
0.0120817 -0.000335802 -1.37158e-09 -0.000335802 0.0104214 -2.5997e-07 -1.37158e-09 -2.5997e-07 1.03522e-06 
182
0
0
-4.10018e-05
0.0120817 -0.000335792 -1.36682e-09 -0.000335792 0.0104214 -2.59973e-07 -1.36682e-09 -2.59973e-07 1.03522e-06 
183
0
0
-0.000531022
0.0120817 -0.000335795 -1.36944e-09 -0.000335795 0.0104214 -2.59975e-07 -1.36944e-09 -2.59975e-07 1.03522e-06 
184
0
0
0.00109157
0.0120817 -0.000335804 -1.37464e-09 -0.000335804 0.0104214 -2.59976e-07 -1.37464e-09 -2.59976e-07 1.03522e-06 
185
0
0
0.000234117
0.0120817 -0.000335781 -1.36231e-09 -0.000335781 0.0104214 -2.59976e-07 -1.36231e-09 -2.59976e-07 1.03522e-06 
186
0
0
-0.000785394
0.0120817 -0.000335786 -1.36506e-09 -0.000335786 0.0104214 -2.59976e-07 -1.36506e-09 -2.59976e-07 1.03522e-06 
187
0
0
-0.000705444
0.0120817 -0.000335805 -1.37461e-09 -0.000335805 0.0104214 -2.59976e-07 -1.37461e-09 -2.59976e-07 1.03522e-06 
188
0
0
-0.000167276
0.0120817 -0.00033581 -1.37722e-09 -0.00033581 0.0104214 -2.59976e-07 -1.37722e-09 -2.59976e-07 1.03522e-06 
189
0
0
-0.00157087
0.0120817 -0.000335804 -1.37399e-09 -0.000335804 0.0104214 -2.59976e-07 -1.37399e-09 -2.59976e-07 1.03522e-06 
190
0
0
-0.000215081
0.0120817 -0.000335824 -1.394e-09 -0.000335824 0.0104214 -2.59974e-07 -1.394e-09 -2.59974e-07 1.03522e-06 
191
0
0
-0.00043835
0.0120817 -0.00033581 -1.39173e-09 -0.00033581 0.0104214 -2.59973e-07 -1.39173e-09 -2.59973e-07 1.03522e-06 
192
0
0
0.000295005
0.0120817 -0.000335808 -1.39489e-09 -0.000335808 0.0104214 -2.59972e-07 -1.39489e-09 -2.59972e-07 1.03522e-06 
193
0
0
-0.000468506
0.0120817 -0.000335796 -1.39081e-09 -0.000335796 0.0104214 -2.59971e-07 -1.39081e-09 -2.59971e-07 1.03522e-06 
194
0
0
-0.0009479
0.0120817 -0.000335803 -1.39701e-09 -0.000335803 0.0104214 -2.5997e-07 -1.39701e-09 -2.5997e-07 1.03522e-06 
195
0
0
-7.66754e-05
0.0120817 -0.000335813 -1.40415e-09 -0.000335813 0.0104214 -2.59969e-07 -1.40415e-09 -2.59969e-07 1.03522e-06 
196
0
0
0.000294478
0.0120817 -0.000335804 -1.39988e-09 -0.000335804 0.0104214 -2.59969e-07 -1.39988e-09 -2.59969e-07 1.03522e-06 
197
0
0
0.000326876
0.0120817 -0.000335794 -1.39635e-09 -0.000335794 0.0104214 -2.5997e-07 -1.39635e-09 -2.5997e-07 1.03522e-06 
198
0
0
0.000152485
0.0120817 -0.00033579 -1.39189e-09 -0.00033579 0.0104214 -2.59966e-07 -1.39189e-09 -2.59966e-07 1.03522e-06 
199
0
0
-0.00107557
0.0120817 -0.000335791 -1.38941e-09 -0.000335791 0.0104214 -2.59964e-07 -1.38941e-09 -2.59964e-07 1.03522e-06 
200
0
0
-0.000397099
0.0120817 -0.000335811 -1.3979e-09 -0.000335811 0.0104214 -2.59962e-07 -1.3979e-09 -2.59962e-07 1.03522e-06 
201
0
0
-0.00066759
0.0120817 -0.000335808 -1.39513e-09 -0.000335808 0.0104214 -2.59961e-07 -1.39513e-09 -2.59961e-07 1.03522e-06 
202
0
0
-6.54212e-05
0.0120817 -0.000335811 -1.39673e-09 -0.000335811 0.0104214 -2.59961e-07 -1.39673e-09 -2.59961e-07 1.03522e-06 
203
0
0
0.000351232
0.0120817 -0.000335802 -1.39138e-09 -0.000335802 0.0104214 -2.5996e-07 -1.39138e-09 -2.5996e-07 1.03522e-06 
204
0
0
0.000195238
0.0120817 -0.000335793 -1.38531e-09 -0.000335793 0.0104214 -2.59959e-07 -1.38531e-09 -2.59959e-07 1.03522e-06 
205
0
0
-0.000283505
0.0120817 -0.000335791 -1.38749e-09 -0.000335791 0.0104214 -2.5996e-07 -1.38749e-09 -2.5996e-07 1.03522e-06 
206
0
0
-0.000520867
0.0120817 -0.000335798 -1.39358e-09 -0.000335798 0.0104214 -2.59961e-07 -1.39358e-09 -2.59961e-07 1.03522e-06 
207
0
0
0.000370844
0.0120817 -0.000335805 -1.39796e-09 -0.000335805 0.0104214 -2.59961e-07 -1.39796e-09 -2.59961e-07 1.03522e-06 
208
0
0
0.000391727
0.0120817 -0.000335793 -1.39285e-09 -0.000335793 0.0104214 -2.59962e-07 -1.39285e-09 -2.59962e-07 1.03522e-06 
209
0
0
-0.000434529
0.0120817 -0.000335789 -1.39075e-09 -0.000335789 0.0104214 -2.59962e-07 -1.39075e-09 -2.59962e-07 1.03522e-06 
210
0
0
0.000383104
0.0120817 -0.0003358 -1.39606e-09 -0.0003358 0.0104214 -2.59961e-07 -1.39606e-09 -2.59961e-07 1.03522e-06 
211
0
0
0.000489445
0.0120817 -0.000335791 -1.39045e-09 -0.000335791 0.0104214 -2.59961e-07 -1.39045e-09 -2.59961e-07 1.03522e-06 
212
0
0
-0.000716892
0.0120817 -0.000335786 -1.38754e-09 -0.000335786 0.0104214 -2.59962e-07 -1.38754e-09 -2.59962e-07 1.03522e-06 
213
0
0
0.00026085
0.0120817 -0.000335803 -1.39686e-09 -0.000335803 0.0104214 -2.59962e-07 -1.39686e-09 -2.59962e-07 1.03522e-06 
214
0
0
0.000197539
0.0120817 -0.000335794 -1.3821e-09 -0.000335794 0.0104214 -2.59967e-07 -1.3821e-09 -2.59967e-07 1.03522e-06 
215
0
0
-0.000481199
0.0120817 -0.000335792 -1.37445e-09 -0.000335792 0.0104214 -2.5997e-07 -1.37445e-09 -2.5997e-07 1.03522e-06 
216
0
0
-0.000602171
0.0120817 -0.000335802 -1.37638e-09 -0.000335802 0.0104214 -2.59972e-07 -1.37638e-09 -2.59972e-07 1.03522e-06 
217
0
0
-0.00104064
0.0120817 -0.000335808 -1.37772e-09 -0.000335808 0.0104214 -2.59972e-07 -1.37772e-09 -2.59972e-07 1.03522e-06 
218
0
0
0.00041374
0.0120817 -0.000335817 -1.38177e-09 -0.000335817 0.0104214 -2.59972e-07 -1.38177e-09 -2.59972e-07 1.03522e-06 
219
0
0
-0.000416217
0.0120817 -0.000335797 -1.3696e-09 -0.000335797 0.0104214 -2.59972e-07 -1.3696e-09 -2.59972e-07 1.03522e-06 
220
0
0
0.000313274
0.0120817 -0.000335803 -1.37232e-09 -0.000335803 0.0104214 -2.59972e-07 -1.37232e-09 -2.59972e-07 1.03522e-06 
221
0
0
0.000525602
0.0120817 -0.000335793 -1.36697e-09 -0.000335793 0.0104214 -2.59972e-07 -1.36697e-09 -2.59972e-07 1.03522e-06 
222
0
0
0.000198067
0.0120817 -0.000335786 -1.36e-09 -0.000335786 0.0104214 -2.59974e-07 -1.36e-09 -2.59974e-07 1.03522e-06 
223
0
0
0.000100191
0.0120817 -0.000335789 -1.35861e-09 -0.000335789 0.0104214 -2.59975e-07 -1.35861e-09 -2.59975e-07 1.03522e-06 
224
0
0
-0.000461781
0.0120817 -0.000335792 -1.35849e-09 -0.000335792 0.0104214 -2.59975e-07 -1.35849e-09 -2.59975e-07 1.03522e-06 
225
0
0
-1.46181e-05
0.0120817 -0.000335801 -1.36299e-09 -0.000335801 0.0104214 -2.59974e-07 -1.36299e-09 -2.59974e-07 1.03522e-06 
226
0
0
-0.000134787
0.0120817 -0.000335798 -1.35995e-09 -0.000335798 0.0104214 -2.59974e-07 -1.35995e-09 -2.59974e-07 1.03522e-06 
227
0
0
0.000305698
0.0120817 -0.000335799 -1.35861e-09 -0.000335799 0.0104214 -2.59974e-07 -1.35861e-09 -2.59974e-07 1.03522e-06 
228
0
0
0.000190208
0.0120817 -0.000335792 -1.35387e-09 -0.000335792 0.0104214 -2.59975e-07 -1.35387e-09 -2.59975e-07 1.03522e-06 
229
0
0
-0.00145024
0.0120817 -0.000335791 -1.35283e-09 -0.000335791 0.0104214 -2.59975e-07 -1.35283e-09 -2.59975e-07 1.03522e-06 
230
0
0
-0.000802275
0.0120817 -0.000335817 -1.36112e-09 -0.000335817 0.0104214 -2.59975e-07 -1.36112e-09 -2.59975e-07 1.03522e-06 
231
0
0
0.000757146
0.0120817 -0.000335816 -1.35619e-09 -0.000335816 0.0104214 -2.59975e-07 -1.35619e-09 -2.59975e-07 1.03522e-06 
232
0
0
-9.51085e-05
0.0120817 -0.000335792 -1.34054e-09 -0.000335792 0.0104214 -2.59975e-07 -1.34054e-09 -2.59975e-07 1.03522e-06 
233
0
0
-0.000887389
0.0120817 -0.000335796 -1.34228e-09 -0.000335796 0.0104214 -2.59975e-07 -1.34228e-09 -2.59975e-07 1.03522e-06 
234
0
0
0.000433919
0.0120817 -0.00033581 -1.34924e-09 -0.00033581 0.0104214 -2.59974e-07 -1.34924e-09 -2.59974e-07 1.03522e-06 
235
0
0
0.000184612
0.0120817 -0.000335794 -1.3392e-09 -0.000335794 0.0104214 -2.59973e-07 -1.3392e-09 -2.59973e-07 1.03522e-06 
236
0
0
-0.000678627
0.0120817 -0.000335792 -1.33757e-09 -0.000335792 0.0104214 -2.59973e-07 -1.33757e-09 -2.59973e-07 1.03522e-06 
237
0
0
-0.000158233
0.0120817 -0.000335805 -1.3444e-09 -0.000335805 0.0104214 -2.59973e-07 -1.3444e-09 -2.59973e-07 1.03522e-06 
238
0
0
-0.000489561
0.0120817 -0.000335802 -1.34111e-09 -0.000335802 0.0104214 -2.59977e-07 -1.34111e-09 -2.59977e-07 1.03522e-06 
239
0
0
-0.00100772
0.0120817 -0.000335806 -1.34297e-09 -0.000335806 0.0104214 -2.59979e-07 -1.34297e-09 -2.59979e-07 1.03522e-06 
240
0
0
-0.000466303
0.0120817 -0.000335815 -1.34758e-09 -0.000335815 0.0104214 -2.5998e-07 -1.34758e-09 -2.5998e-07 1.03522e-06 
241
0
0
1.35877e-05
0.0120817 -0.000335811 -1.34459e-09 -0.000335811 0.0104214 -2.5998e-07 -1.34459e-09 -2.5998e-07 1.03522e-06 
242
0
0
0.000617346
0.0120817 -0.000335801 -1.33959e-09 -0.000335801 0.0104214 -2.5998e-07 -1.33959e-09 -2.5998e-07 1.03522e-06 
243
0
0
-7.98265e-05
0.0120817 -0.000335788 -1.33233e-09 -0.000335788 0.0104214 -2.59981e-07 -1.33233e-09 -2.59981e-07 1.03522e-06 
244
0
0
-0.00047385
0.0120817 -0.000335794 -1.33562e-09 -0.000335794 0.0104214 -2.59981e-07 -1.33562e-09 -2.59981e-07 1.03522e-06 
245
0
0
-0.000594899
0.0120817 -0.000335803 -1.33957e-09 -0.000335803 0.0104214 -2.59982e-07 -1.33957e-09 -2.59982e-07 1.03522e-06 
246
0
0
4.44185e-06
0.0120817 -0.000335808 -1.3433e-09 -0.000335808 0.0104214 -2.59982e-07 -1.3433e-09 -2.59982e-07 1.03522e-06 
247
0
0
-0.00083793
0.0120817 -0.0003358 -1.33951e-09 -0.0003358 0.0104214 -2.59982e-07 -1.33951e-09 -2.59982e-07 1.03522e-06 
248
0
0
-0.00115832
0.0120817 -0.000335811 -1.3456e-09 -0.000335811 0.0104214 -2.59982e-07 -1.3456e-09 -2.59982e-07 1.03522e-06 
249
0
0
-0.00160992
0.0120817 -0.00033582 -1.35064e-09 -0.00033582 0.0104214 -2.5998e-07 -1.35064e-09 -2.5998e-07 1.03522e-06 
250
0
0
0.00253715
0.0120817 -0.00033583 -1.35921e-09 -0.00033583 0.0104214 -2.59977e-07 -1.35921e-09 -2.59977e-07 1.03522e-06 
251
0
0
0.000658908
0.0120818 -0.000335769 -1.32821e-09 -0.000335769 0.0104214 -2.59978e-07 -1.32821e-09 -2.59978e-07 1.03522e-06 
252
0
0
-0.000707224
0.0120817 -0.000335775 -1.33367e-09 -0.000335775 0.0104214 -2.59983e-07 -1.33367e-09 -2.59983e-07 1.03522e-06 
253
0
0
0.00169395
0.0120817 -0.000335799 -1.34178e-09 -0.000335799 0.0104214 -2.59985e-07 -1.34178e-09 -2.59985e-07 1.03522e-06 
254
0
0
0.00226063
0.0120818 -0.00033577 -1.32235e-09 -0.00033577 0.0104214 -2.59989e-07 -1.32235e-09 -2.59989e-07 1.03522e-06 
255
0
0
0.00123982
0.0120818 -0.00033575 -1.30989e-09 -0.00033575 0.0104214 -2.59993e-07 -1.30989e-09 -2.59993e-07 1.03522e-06 
256
0
0
0.000301489
0.0120818 -0.000335759 -1.31233e-09 -0.000335759 0.0104214 -2.59997e-07 -1.31233e-09 -2.59997e-07 1.03522e-06 
257
0
0
-0.000209598
0.0120818 -0.000335777 -1.31964e-09 -0.000335777 0.0104214 -2.59999e-07 -1.31964e-09 -2.59999e-07 1.03522e-06 
258
0
0
0.000288388
0.0120817 -0.000335792 -1.32548e-09 -0.000335792 0.0104214 -2.6e-07 -1.32548e-09 -2.6e-07 1.03522e-06 
259
0
0
6.24208e-05
0.0120817 -0.00033579 -1.3232e-09 -0.00033579 0.0104214 -2.59998e-07 -1.3232e-09 -2.59998e-07 1.03522e-06 
260
0
0
2.86605e-05
0.0120817 -0.000335792 -1.32557e-09 -0.000335792 0.0104214 -2.59996e-07 -1.32557e-09 -2.59996e-07 1.03522e-06 
261
0
0
-0.00127574
0.0120817 -0.000335794 -1.326e-09 -0.000335794 0.0104214 -2.59997e-07 -1.326e-09 -2.59997e-07 1.03522e-06 
262
0
0
-0.00143283
0.0120817 -0.000335815 -1.33541e-09 -0.000335815 0.0104214 -2.59998e-07 -1.33541e-09 -2.59998e-07 1.03522e-06 
263
0
0
-0.00105028
0.0120817 -0.000335826 -1.33853e-09 -0.000335826 0.0104214 -2.59998e-07 -1.33853e-09 -2.59998e-07 1.03522e-06 
264
0
0
-0.000192346
0.0120817 -0.000335824 -1.3349e-09 -0.000335824 0.0104214 -2.59999e-07 -1.3349e-09 -2.59999e-07 1.03522e-06 
265
0
0
-0.00048647
0.0120817 -0.000335809 -1.32489e-09 -0.000335809 0.0104214 -2.59997e-07 -1.32489e-09 -2.59997e-07 1.03522e-06 
266
0
0
0.000373235
0.0120817 -0.000335809 -1.32326e-09 -0.000335809 0.0104214 -2.59995e-07 -1.32326e-09 -2.59995e-07 1.03522e-06 
267
0
0
0.00111224
0.0120817 -0.000335795 -1.31516e-09 -0.000335795 0.0104214 -2.59991e-07 -1.31516e-09 -2.59991e-07 1.03522e-06 
268
0
0
0.0016011
0.0120817 -0.000335778 -1.30656e-09 -0.000335778 0.0104214 -2.59986e-07 -1.30656e-09 -2.59986e-07 1.03522e-06 
269
0
0
0.00167939
0.0120818 -0.000335763 -1.30022e-09 -0.000335763 0.0104214 -2.59982e-07 -1.30022e-09 -2.59982e-07 1.03522e-06 
270
0
0
-0.000732764
0.0120818 -0.000335757 -1.29696e-09 -0.000335757 0.0104214 -2.5998e-07 -1.29696e-09 -2.5998e-07 1.03522e-06 
271
0
0
-8.53025e-05
0.0120817 -0.000335792 -1.31588e-09 -0.000335792 0.0104214 -2.59978e-07 -1.31588e-09 -2.59978e-07 1.03522e-06 
272
0
0
-0.000683249
0.0120817 -0.000335796 -1.31735e-09 -0.000335796 0.0104214 -2.59979e-07 -1.31735e-09 -2.59979e-07 1.03522e-06 
273
0
0
-0.00088084
0.0120817 -0.000335807 -1.32313e-09 -0.000335807 0.0104214 -2.59981e-07 -1.32313e-09 -2.59981e-07 1.03522e-06 
274
0
0
-2.62619e-05
0.0120817 -0.000335814 -1.32624e-09 -0.000335814 0.0104214 -2.59982e-07 -1.32624e-09 -2.59982e-07 1.03522e-06 
275
0
0
1.40095e-05
0.0120817 -0.000335803 -1.31904e-09 -0.000335803 0.0104214 -2.59982e-07 -1.31904e-09 -2.59982e-07 1.03522e-06 
276
0
0
-0.000554697
0.0120817 -0.000335798 -1.316e-09 -0.000335798 0.0104214 -2.59981e-07 -1.316e-09 -2.59981e-07 1.03522e-06 
277
0
0
0.000170097
0.0120817 -0.000335805 -1.31985e-09 -0.000335805 0.0104214 -2.5998e-07 -1.31985e-09 -2.5998e-07 1.03522e-06 
278
0
0
0.000384788
0.0120817 -0.000335797 -1.32504e-09 -0.000335797 0.0104214 -2.59978e-07 -1.32504e-09 -2.59978e-07 1.03522e-06 
279
0
0
0.00164265
0.0120817 -0.00033579 -1.32928e-09 -0.00033579 0.0104214 -2.59976e-07 -1.32928e-09 -2.59976e-07 1.03522e-06 
280
0
0
0.00106865
0.0120818 -0.000335767 -1.32293e-09 -0.000335767 0.0104214 -2.59978e-07 -1.32293e-09 -2.59978e-07 1.03522e-06 
281
0
0
-0.000562213
0.0120818 -0.000335768 -1.32669e-09 -0.000335768 0.0104214 -2.59982e-07 -1.32669e-09 -2.59982e-07 1.03522e-06 
282
0
0
5.29417e-05
0.0120817 -0.000335794 -1.34142e-09 -0.000335794 0.0104214 -2.59986e-07 -1.34142e-09 -2.59986e-07 1.03522e-06 
283
0
0
-0.000474368
0.0120817 -0.000335794 -1.34174e-09 -0.000335794 0.0104214 -2.59991e-07 -1.34174e-09 -2.59991e-07 1.03522e-06 
284
0
0
-6.37296e-05
0.0120817 -0.000335803 -1.34654e-09 -0.000335803 0.0104214 -2.59997e-07 -1.34654e-09 -2.59997e-07 1.03522e-06 
285
0
0
-0.000653872
0.0120817 -0.000335799 -1.34377e-09 -0.000335799 0.0104214 -2.60001e-07 -1.34377e-09 -2.60001e-07 1.03522e-06 
286
0
0
-0.000878742
0.0120817 -0.000335807 -1.35779e-09 -0.000335807 0.0104214 -2.60003e-07 -1.35779e-09 -2.60003e-07 1.03522e-06 
287
0
0
-0.000427846
0.0120817 -0.000335814 -1.36868e-09 -0.000335814 0.0104214 -2.60005e-07 -1.36868e-09 -2.60005e-07 1.03522e-06 
288
0
0
-0.000921971
0.0120817 -0.000335809 -1.37031e-09 -0.000335809 0.0104214 -2.60005e-07 -1.37031e-09 -2.60005e-07 1.03522e-06 
289
0
0
-0.00122367
0.0120817 -0.000335816 -1.37602e-09 -0.000335816 0.0104214 -2.60004e-07 -1.37602e-09 -2.60004e-07 1.03522e-06 
290
0
0
-0.000903569
0.0120817 -0.000335823 -1.3801e-09 -0.000335823 0.0104214 -2.60001e-07 -1.3801e-09 -2.60001e-07 1.03522e-06 
291
0
0
0.000711079
0.0120817 -0.00033582 -1.37799e-09 -0.00033582 0.0104214 -2.59996e-07 -1.37799e-09 -2.59996e-07 1.03522e-06 
292
0
0
0.000840493
0.0120817 -0.000335794 -1.36259e-09 -0.000335794 0.0104214 -2.5999e-07 -1.36259e-09 -2.5999e-07 1.03522e-06 
293
0
0
0.000122497
0.0120817 -0.000335782 -1.36708e-09 -0.000335782 0.0104214 -2.59986e-07 -1.36708e-09 -2.59986e-07 1.03522e-06 
294
0
0
-0.000613263
0.0120817 -0.000335788 -1.38007e-09 -0.000335788 0.0104214 -2.59983e-07 -1.38007e-09 -2.59983e-07 1.03522e-06 
295
0
0
-0.00113037
0.0120817 -0.000335803 -1.39259e-09 -0.000335803 0.0104214 -2.5998e-07 -1.39259e-09 -2.5998e-07 1.03522e-06 
296
0
0
0.000491884
0.0120817 -0.000335816 -1.40214e-09 -0.000335816 0.0104214 -2.59977e-07 -1.40214e-09 -2.59977e-07 1.03522e-06 
297
0
0
-9.10619e-05
0.0120817 -0.000335796 -1.39191e-09 -0.000335796 0.0104214 -2.59975e-07 -1.39191e-09 -2.59975e-07 1.03522e-06 
298
0
0
-0.000816992
0.0120817 -0.000335797 -1.39527e-09 -0.000335797 0.0104214 -2.59975e-07 -1.39527e-09 -2.59975e-07 1.03522e-06 
299
0
0
-0.00122924
0.0120817 -0.000335809 -1.40239e-09 -0.000335809 0.0104214 -2.59976e-07 -1.40239e-09 -2.59976e-07 1.03522e-06 
300
0
0
-0.000253574
0.0120817 -0.00033582 -1.4096e-09 -0.00033582 0.0104214 -2.59977e-07 -1.4096e-09 -2.59977e-07 1.03522e-06 
301
0
0
-0.000226587
0.0120817 -0.000335809 -1.41797e-09 -0.000335809 0.0104214 -2.59981e-07 -1.41797e-09 -2.59981e-07 1.03522e-06 
302
0
0
-0.00069832
0.0120817 -0.000335804 -1.42409e-09 -0.000335804 0.0104214 -2.59984e-07 -1.42409e-09 -2.59984e-07 1.03522e-06 
303
0
0
-0.000379313
0.0120817 -0.00033581 -1.4319e-09 -0.00033581 0.0104214 -2.59985e-07 -1.4319e-09 -2.59985e-07 1.03522e-06 
304
0
0
0.000744726
0.0120817 -0.000335807 -1.43412e-09 -0.000335807 0.0104214 -2.59985e-07 -1.43412e-09 -2.59985e-07 1.03522e-06 
305
0
0
0.000827543
0.0120817 -0.000335788 -1.42623e-09 -0.000335788 0.0104214 -2.59984e-07 -1.42623e-09 -2.59984e-07 1.03522e-06 
306
0
0
0.000332543
0.0120817 -0.00033578 -1.42427e-09 -0.00033578 0.0104214 -2.59984e-07 -1.42427e-09 -2.59984e-07 1.03522e-06 
307
0
0
0.000190564
