0
0
0
5.78335e-05
0.00800061 -2.68385e-11 1.2769e-14 -2.68385e-11 0.00900061 -9.84301e-12 1.2769e-14 -9.84301e-12 1.24978e-06 
1
0
0
-0.000797967
0.0150026 -1.7285e-09 -1.34669e-11 -1.7285e-09 0.0170026 -6.44475e-09 -1.34669e-11 -6.44475e-09 1.03722e-06 
2
0
0
-0.000726031
0.0220062 3.73476e-08 -3.7353e-11 3.73476e-08 0.0250061 -1.73337e-08 -3.7353e-11 -1.73337e-08 1.03685e-06 
3
0
0
-0.000134332
0.0290117 9.00083e-08 -5.73357e-11 9.00083e-08 0.0330113 -3.11469e-08 -5.73357e-11 -3.11469e-08 1.03711e-06 
4
0
0
3.01518e-05
0.036019 1.00267e-07 -6.59015e-11 1.00267e-07 0.0410185 -4.77378e-08 -6.59015e-11 -4.77378e-08 1.03672e-06 
5
0
0
-9.49149e-05
0.043028 9.15501e-08 -6.79381e-11 9.15501e-08 0.0490275 -6.68853e-08 -6.79381e-11 -6.68853e-08 1.03632e-06 
6
0
0
0.00029253
0.0500387 9.87333e-08 -6.43979e-11 9.87333e-08 0.0570384 -8.82433e-08 -6.43979e-11 -8.82433e-08 1.03601e-06 
7
0
-0.0534021
-0.000812432
0.0570507 3.81261e-08 -4.07993e-11 3.81261e-08 0.0650513 -1.11424e-07 -4.07993e-11 -1.11424e-07 1.03577e-06 
8
0
-0.0684705
-0.000916882
0.0640641 1.88716e-07 -3.35976e-11 1.88716e-07 0.0730661 -1.36046e-07 -3.35976e-11 -1.36046e-07 1.03559e-06 
9
0
-0.0850922
-0.000285046
0.0710785 3.8059e-07 -1.82803e-12 3.8059e-07 0.0810826 -1.61743e-07 -1.82803e-12 -1.61743e-07 1.03545e-06 
10
0
-0.103478
-0.00062028
0.0780938 4.34814e-07 6.32805e-11 4.34814e-07 0.0891008 -1.8818e-07 6.32805e-11 -1.8818e-07 1.03535e-06 
11
0
-0.123538
-0.000385924
0.0851099 5.8591e-07 1.21659e-10 5.8591e-07 0.0971206 -2.15052e-07 1.21659e-10 -2.15052e-07 1.03528e-06 
12
0
-0.145001
0.000251771
0.0921267 6.79752e-07 2.04087e-10 6.79752e-07 0.105142 -2.42087e-07 2.04087e-10 -2.42087e-07 1.03523e-06 
13
0
-0.167457
-0.000235402
0.099144 5.73411e-07 3.14959e-10 5.73411e-07 0.113165 -2.69051e-07 3.14959e-10 -2.69051e-07 1.03519e-06 
14
0
-0.190991
-0.000633334
0.106162 6.29318e-07 4.03791e-10 6.29318e-07 0.121188 -2.95741e-07 4.03791e-10 -2.95741e-07 1.03517e-06 
15
0
-0.215746
-0.000376428
0.11318 8.38644e-07 4.94986e-10 8.38644e-07 0.129214 -3.21988e-07 4.94986e-10 -3.21988e-07 1.03515e-06 
16
0
-0.240942
-0.00123428
0.120198 9.59066e-07 6.15448e-10 9.59066e-07 0.13724 -3.47652e-07 6.15448e-10 -3.47652e-07 1.03515e-06 
17
0
-0.267404
-0.000968441
0.127217 1.45285e-06 7.02795e-10 1.45285e-06 0.145267 -3.72619e-07 7.02795e-10 -3.72619e-07 1.03514e-06 
18
0
-0.294871
-0.000685826
0.134236 1.85629e-06 8.29326e-10 1.85629e-06 0.153294 -3.96803e-07 8.29326e-10 -3.96803e-07 1.03514e-06 
19
0
-0.322509
-0.000831457
0.141255 2.14812e-06 9.71131e-10 2.14812e-06 0.161323 -4.20137e-07 9.71131e-10 -4.20137e-07 1.03514e-06 
20
0
-0.351091
-0.000536698
0.148274 2.5291e-06 1.10144e-09 2.5291e-06 0.169352 -4.42576e-07 1.10144e-09 -4.42576e-07 1.03515e-06 
21
0
-0.380476
7.70885e-05
0.155293 2.77461e-06 1.25251e-09 2.77461e-06 0.177382 -4.64089e-07 1.25251e-09 -4.64089e-07 1.03515e-06 
22
0
-0.41011
2.5025e-05
0.162313 2.69363e-06 1.42847e-09 2.69363e-06 0.185412 -4.84658e-07 1.42847e-09 -4.84658e-07 1.03515e-06 
23
0
-0.44009
0.000370925
0.169332 2.63981e-06 1.58564e-09 2.63981e-06 0.193443 -5.04278e-07 1.58564e-09 -5.04278e-07 1.03516e-06 
24
0
-0.470134
6.37567e-05
0.176352 2.37595e-06 1.75949e-09 2.37595e-06 0.201475 -5.22953e-07 1.75949e-09 -5.22953e-07 1.03517e-06 
25
0
-0.500995
0.000660704
0.183371 2.29485e-06 1.90899e-09 2.29485e-06 0.209506 -5.40694e-07 1.90899e-09 -5.40694e-07 1.03517e-06 
26
0
-0.531842
0.000731785
0.190391 1.82135e-06 2.09818e-09 1.82135e-06 0.217538 -5.57518e-07 2.09818e-09 -5.57518e-07 1.03518e-06 
27
0
-0.562367
1.36743e-05
0.197411 1.28221e-06 2.27475e-09 1.28221e-06 0.22557 -5.73449e-07 2.27475e-09 -5.73449e-07 1.03518e-06 
28
0
-0.593612
-0.000547408
0.20443 1.22958e-06 2.40894e-09 1.22958e-06 0.233603 -5.88517e-07 2.40894e-09 -5.88517e-07 1.03519e-06 
29
0
-0.625862
0.000174078
0.21145 1.58538e-06 2.53794e-09 1.58538e-06 0.241636 -6.02747e-07 2.53794e-09 -6.02747e-07 1.03519e-06 
30
0
-0.657396
0.000248775
0.21847 1.41011e-06 2.72853e-09 1.41011e-06 0.249669 -6.16174e-07 2.72853e-09 -6.16174e-07 1.03519e-06 
31
0
-0.688726
-0.000400851
0.22549 1.17178e-06 2.90188e-09 1.17178e-06 0.257702 -6.28828e-07 2.90188e-09 -6.28828e-07 1.0352e-06 
32
0
-0.72068
-0.000333073
0.23251 1.45e-06 3.03427e-09 1.45e-06 0.265735 -6.40743e-07 3.03427e-09 -6.40743e-07 1.0352e-06 
33
0
-0.75194
-0.00132029
0.23953 1.6818e-06 3.19117e-09 1.6818e-06 0.273769 -6.51953e-07 3.19117e-09 -6.51953e-07 1.0352e-06 
34
0
-0.78513
-3.5189e-05
0.24655 2.7669e-06 3.29442e-09 2.7669e-06 0.281802 -6.62491e-07 3.29442e-09 -6.62491e-07 1.03521e-06 
35
0
-0.816618
-0.00104555
0.253569 2.75259e-06 3.50391e-09 2.75259e-06 0.289836 -6.72394e-07 3.50391e-09 -6.72394e-07 1.03521e-06 
36
0
-0.849803
-0.00016535
0.260589 3.65511e-06 3.61861e-09 3.65511e-06 0.29787 -6.81691e-07 3.61861e-09 -6.81691e-07 1.03521e-06 
37
0
-0.881751
-0.000290423
0.267609 3.76354e-06 3.81181e-09 3.76354e-06 0.305903 -6.90415e-07 3.81181e-09 -6.90415e-07 1.03521e-06 
38
0
-0.913776
-0.00123964
0.274629 3.99575e-06 3.9706e-09 3.99575e-06 0.313937 -6.98597e-07 3.9706e-09 -6.98597e-07 1.03521e-06 
39
0
-0.946464
-0.0001079
0.281649 5.16804e-06 4.0771e-09 5.16804e-06 0.321971 -7.06265e-07 4.0771e-09 -7.06265e-07 1.03522e-06 
40
0
-0.978631
-0.000878247
0.288669 5.2307e-06 4.27761e-09 5.2307e-06 0.330005 -7.1345e-07 4.27761e-09 -7.1345e-07 1.03522e-06 
41
0
-1.01127
-0.000236482
0.295689 6.09212e-06 4.40331e-09 6.09212e-06 0.33804 -7.2018e-07 4.40331e-09 -7.2018e-07 1.03522e-06 
42
0
-1.04377
-0.000358335
0.302709 6.29618e-06 4.58471e-09 6.29618e-06 0.346074 -7.26484e-07 4.58471e-09 -7.26484e-07 1.03522e-06 
43
0
-1.07664
-9.703e-05
0.309729 6.63824e-06 4.74164e-09 6.63824e-06 0.354108 -7.32384e-07 4.74164e-09 -7.32384e-07 1.03522e-06 
44
0
-1.10939
0.0005206
0.316749 6.69937e-06 4.91495e-09 6.69937e-06 0.362142 -7.37904e-07 4.91495e-09 -7.37904e-07 1.03522e-06 
45
0
-1.14201
-0.000205927
0.323769 6.06191e-06 5.11353e-09 6.06191e-06 0.370177 -7.43068e-07 5.11353e-09 -7.43068e-07 1.03522e-06 
46
0
-1.17458
-0.000686815
0.330789 6.25412e-06 5.24935e-09 6.25412e-06 0.378211 -7.47898e-07 5.24935e-09 -7.47898e-07 1.03522e-06 
47
0
-1.20771
-0.000109783
0.337809 7.0216e-06 5.37716e-09 7.0216e-06 0.386245 -7.52412e-07 5.37716e-09 -7.52412e-07 1.03522e-06 
48
0
-1.24093
0.000252672
0.344829 7.10767e-06 5.55777e-09 7.10767e-06 0.39428 -7.56633e-07 5.55777e-09 -7.56633e-07 1.03522e-06 
49
0
-1.27296
-0.000338139
0.351849 6.74835e-06 5.74372e-09 6.74835e-06 0.402314 -7.60577e-07 5.74372e-09 -7.60577e-07 1.03522e-06 
50
0
-1.30632
0.000414616
0.358869 7.12798e-06 5.87715e-09 7.12798e-06 0.410349 -7.64261e-07 5.87715e-09 -7.64261e-07 1.03522e-06 
51
0
-1.33869
-4.92668e-07
0.365889 6.54729e-06 6.07334e-09 6.54729e-06 0.418383 -7.67706e-07 6.07334e-09 -7.67706e-07 1.03522e-06 
52
0
-1.37116
-0.000441906
0.372909 6.50084e-06 6.2211e-09 6.50084e-06 0.426418 -7.7092e-07 6.2211e-09 -7.7092e-07 1.03522e-06 
53
0
-1.40451
-0.000204013
0.379929 7.04485e-06 6.35298e-09 7.04485e-06 0.434452 -7.73922e-07 6.35298e-09 -7.73922e-07 1.03522e-06 
54
0
-1.43736
-0.000787225
0.386949 7.27573e-06 6.5173e-09 7.27573e-06 0.442487 -7.76724e-07 6.5173e-09 -7.76724e-07 1.03522e-06 
55
0
-1.4705
-0.000688687
0.393969 8.32155e-06 6.64218e-09 8.32155e-06 0.450521 -7.79341e-07 6.64218e-09 -7.79341e-07 1.03522e-06 
56
0
-1.50365
-0.000316378
0.400989 9.24797e-06 6.7914e-09 9.24797e-06 0.458556 -7.81784e-07 6.7914e-09 -7.81784e-07 1.03522e-06 
57
0
-1.53627
-0.000441513
0.408009 9.656e-06 6.96184e-09 9.656e-06 0.46659 -7.84062e-07 6.96184e-09 -7.84062e-07 1.03523e-06 
58
0
-1.56967
-0.000309337
0.415029 1.02553e-05 7.11101e-09 1.02553e-05 0.474625 -7.8619e-07 7.11101e-09 -7.8619e-07 1.03523e-06 
59
0
-1.60229
-0.00032008
0.422049 1.06689e-05 7.27232e-09 1.06689e-05 0.482659 -7.88174e-07 7.27232e-09 -7.88174e-07 1.03523e-06 
60
0
-1.63529
-5.75818e-06
0.429069 1.11065e-05 7.42633e-09 1.11065e-05 0.490694 -7.90028e-07 7.42633e-09 -7.90028e-07 1.03523e-06 
61
0
-1.66918
0.00115084
0.436089 1.1068e-05 7.59873e-09 1.1068e-05 0.498728 -7.91759e-07 7.59873e-09 -7.91759e-07 1.03523e-06 
62
0
-1.70149
0.000789058
0.443109 9.21831e-06 7.83e-09 9.21831e-06 0.506763 -7.93373e-07 7.83e-09 -7.93373e-07 1.03523e-06 
63
0
-1.73404
0.000697095
0.450129 7.91518e-06 7.99512e-09 7.91518e-06 0.514798 -7.94879e-07 7.99512e-09 -7.94879e-07 1.03523e-06 
64
0
-1.76651
0.00027641
0.457149 6.74069e-06 8.15897e-09 6.74069e-06 0.522832 -7.96282e-07 8.15897e-09 -7.96282e-07 1.03523e-06 
65
0
-1.79973
0.000442363
0.464169 6.23929e-06 8.30141e-09 6.23929e-06 0.530867 -7.97591e-07 8.30141e-09 -7.97591e-07 1.03523e-06 
66
0
-1.83265
0.000415281
0.471189 5.45412e-06 8.46983e-09 5.45412e-06 0.538901 -7.98812e-07 8.46983e-09 -7.98812e-07 1.03523e-06 
67
0
-1.86479
0.000335483
0.478209 4.70356e-06 8.63248e-09 4.70356e-06 0.546936 -7.99951e-07 8.63248e-09 -7.99951e-07 1.03523e-06 
68
0
-1.89781
0.000700075
0.485229 4.07954e-06 8.7871e-09 4.07954e-06 0.554971 -8.01011e-07 8.7871e-09 -8.01011e-07 1.03523e-06 
69
0
-1.93059
0.00076023
0.492249 2.8113e-06 8.96753e-09 2.8113e-06 0.563005 -8.02e-07 8.96753e-09 -8.02e-07 1.03523e-06 
70
0
-1.96361
0.00130469
0.499269 1.41887e-06 9.13902e-09 1.41887e-06 0.57104 -8.02924e-07 9.13902e-09 -8.02924e-07 1.03523e-06 
71
0
-1.99584
0.000501876
0.506289 -9.69798e-07 9.33773e-09 -9.69798e-07 0.579075 -8.03783e-07 9.33773e-09 -8.03783e-07 1.03523e-06 
72
0
-2.02833
-1.22241e-05
0.513309 -1.9307e-06 9.4684e-09 -1.9307e-06 0.587109 -8.04584e-07 9.4684e-09 -8.04584e-07 1.03523e-06 
73
0
-2.06142
0.000547727
0.520329 -1.95584e-06 9.59229e-09 -1.95584e-06 0.595144 -8.05332e-07 9.59229e-09 -8.05332e-07 1.03523e-06 
74
0
-2.09424
-0.000289769
0.527349 -3.02803e-06 9.77085e-09 -3.02803e-06 0.603178 -8.06028e-07 9.77085e-09 -8.06028e-07 1.03523e-06 
75
0
-2.12724
6.05656e-05
0.534369 -2.52642e-06 9.88602e-09 -2.52642e-06 0.611213 -8.06678e-07 9.88602e-09 -8.06678e-07 1.03523e-06 
76
0
-2.15967
-0.000363058
0.541389 -2.69054e-06 1.00463e-08 -2.69054e-06 0.619248 -8.07285e-07 1.00463e-08 -8.07285e-07 1.03523e-06 
77
0
-2.19311
3.33276e-05
0.548409 -2.03161e-06 1.0173e-08 -2.03161e-06 0.627282 -8.07852e-07 1.0173e-08 -8.07852e-07 1.03523e-06 
78
0
-2.22569
-0.000725079
0.555429 -2.14511e-06 1.03388e-08 -2.14511e-06 0.635317 -8.0838e-07 1.03388e-08 -8.0838e-07 1.03523e-06 
79
0
-2.25826
-0.00042374
0.562449 -7.44741e-07 1.04478e-08 -7.44741e-07 0.643352 -8.08873e-07 1.04478e-08 -8.08873e-07 1.03523e-06 
80
0
-2.29168
9.52158e-05
0.569469 6.451e-08 1.05965e-08 6.451e-08 0.651386 -8.09331e-07 1.05965e-08 -8.09331e-07 1.03523e-06 
81
0
-2.32384
-0.000511208
0.576489 -1.783e-07 1.07729e-08 -1.783e-07 0.659421 -8.09759e-07 1.07729e-08 -8.09759e-07 1.03523e-06 
82
0
-2.35682
-0.000879411
0.583509 8.33806e-07 1.08924e-08 8.33806e-07 0.667456 -8.10159e-07 1.08924e-08 -8.10159e-07 1.03523e-06 
83
0
-2.39005
-0.00015567
0.590529 2.63161e-06 1.10103e-08 2.63161e-06 0.67549 -8.10531e-07 1.10103e-08 -8.10531e-07 1.03523e-06 
84
0
-2.42325
0.000230779
0.597549 2.91443e-06 1.11862e-08 2.91443e-06 0.683525 -8.10877e-07 1.11862e-08 -8.10877e-07 1.03523e-06 
85
0
-2.45593
3.42744e-05
0.604569 2.37056e-06 1.1364e-08 2.37056e-06 0.69156 -8.11201e-07 1.1364e-08 -8.11201e-07 1.03523e-06 
86
0
-2.48821
-0.000649
0.611589 2.24821e-06 1.15123e-08 2.24821e-06 0.699594 -8.11505e-07 1.15123e-08 -8.11505e-07 1.03523e-06 
87
0
-2.52064
-0.00101652
0.618609 3.62829e-06 1.16231e-08 3.62829e-06 0.707629 -8.11788e-07 1.16231e-08 -8.11788e-07 1.03523e-06 
88
0
-2.55489
0.000902742
0.625629 5.84276e-06 1.17361e-08 5.84276e-06 0.715664 -8.1205e-07 1.17361e-08 -8.1205e-07 1.03523e-06 
89
0
-2.58699
-9.44248e-05
0.632649 3.76292e-06 1.19827e-08 3.76292e-06 0.723698 -8.12294e-07 1.19827e-08 -8.12294e-07 1.03523e-06 
90
0
-2.61934
-0.000745691
0.639669 3.93003e-06 1.21054e-08 3.93003e-06 0.731733 -8.12523e-07 1.21054e-08 -8.12523e-07 1.03523e-06 
91
0
-2.65275
-0.000420301
0.646689 5.5985e-06 1.22125e-08 5.5985e-06 0.739768 -8.12738e-07 1.22125e-08 -8.12738e-07 1.03523e-06 
92
0
-2.6853
-0.00102004
0.653709 6.52867e-06 1.23675e-08 6.52867e-06 0.747802 -8.12937e-07 1.23675e-08 -8.12937e-07 1.03523e-06 
93
0
-2.71904
-0.000405615
0.660729 8.88033e-06 1.24796e-08 8.88033e-06 0.755837 -8.13123e-07 1.24796e-08 -8.13123e-07 1.03523e-06 
94
0
-2.75216
-0.000253358
0.667749 9.79689e-06 1.26501e-08 9.79689e-06 0.763872 -8.13298e-07 1.26501e-08 -8.13298e-07 1.03523e-06 
95
0
-2.7855
6.25965e-05
0.674769 1.03579e-05 1.28113e-08 1.03579e-05 0.771906 -8.13462e-07 1.28113e-08 -8.13462e-07 1.03523e-06 
96
0
-2.81808
-0.000465011
0.681789 1.0158e-05 1.29836e-08 1.0158e-05 0.779941 -8.13615e-07 1.29836e-08 -8.13615e-07 1.03523e-06 
97
0
-2.85152
-0.000551217
0.688809 1.12512e-05 1.31112e-08 1.12512e-05 0.787976 -8.13757e-07 1.31112e-08 -8.13757e-07 1.03523e-06 
98
0
-2.88457
-0.000560387
0.695829 1.25699e-05 1.32519e-08 1.25699e-05 0.79601 -8.13888e-07 1.32519e-08 -8.13888e-07 1.03523e-06 
99
0
-2.91798
-8.91713e-05
0.702849 1.39255e-05 1.33968e-08 1.39255e-05 0.804045 -8.14013e-07 1.33968e-08 -8.14013e-07 1.03523e-06 
100
0
-2.9509
-0.000569974
0.709869 1.41032e-05 1.35714e-08 1.41032e-05 0.81208 -8.14129e-07 1.35714e-08 -8.14129e-07 1.03523e-06 
101
0
-2.98416
0.000152878
0.716889 1.55118e-05 1.37018e-08 1.55118e-05 0.820114 -8.14238e-07 1.37018e-08 -8.14238e-07 1.03523e-06 
102
0
-3.01743
0.000365284
0.723909 1.50694e-05 1.38879e-08 1.50694e-05 0.828149 -8.14339e-07 1.38879e-08 -8.14339e-07 1.03523e-06 
103
0
-3.04959
-0.000141249
0.730929 1.40695e-05 1.40652e-08 1.40695e-05 0.836184 -8.14434e-07 1.40652e-08 -8.14434e-07 1.03523e-06 
104
0
-3.08343
0.000539026
0.737949 1.43933e-05 1.41981e-08 1.43933e-05 0.844218 -8.14522e-07 1.41981e-08 -8.14522e-07 1.03523e-06 
105
0
-3.11667
0.00110363
0.744969 1.29133e-05 1.43904e-08 1.29133e-05 0.852253 -8.14605e-07 1.43904e-08 -8.14605e-07 1.03523e-06 
106
0
-3.14866
-0.000151198
0.751989 9.90538e-06 1.45938e-08 9.90538e-06 0.860288 -8.14682e-07 1.45938e-08 -8.14682e-07 1.03523e-06 
107
0
-3.18127
8.66965e-05
0.759009 1.02669e-05 1.46976e-08 1.02669e-05 0.868322 -8.14756e-07 1.46976e-08 -8.14756e-07 1.03523e-06 
108
0
-3.21459
-0.00034206
0.766029 9.98199e-06 1.4853e-08 9.98199e-06 0.876357 -8.14824e-07 1.4853e-08 -8.14824e-07 1.03523e-06 
109
0
-3.24795
-8.1328e-05
0.773049 1.08775e-05 1.49855e-08 1.08775e-05 0.884392 -8.14887e-07 1.49855e-08 -8.14887e-07 1.03523e-06 
110
0
-3.28026
-0.000259175
0.780069 1.10559e-05 1.51472e-08 1.10559e-05 0.892426 -8.14947e-07 1.51472e-08 -8.14947e-07 1.03523e-06 
111
0
-3.31333
0.00044094
0.787089 1.1736e-05 1.52885e-08 1.1736e-05 0.900461 -8.15003e-07 1.52885e-08 -8.15003e-07 1.03523e-06 
112
0
-3.34567
-0.000353993
0.794109 1.04382e-05 1.54771e-08 1.04382e-05 0.908496 -8.15057e-07 1.54771e-08 -8.15057e-07 1.03523e-06 
113
0
-3.37869
-0.000531016
0.801129 1.14026e-05 1.55955e-08 1.14026e-05 0.91653 -8.15107e-07 1.55955e-08 -8.15107e-07 1.03523e-06 
114
0
-3.41192
-0.00037637
0.808149 1.28866e-05 1.5728e-08 1.28866e-05 0.924565 -8.15153e-07 1.5728e-08 -8.15153e-07 1.03523e-06 
115
0
-3.44532
0.000311047
0.815169 1.3934e-05 1.58803e-08 1.3934e-05 0.9326 -8.15198e-07 1.58803e-08 -8.15198e-07 1.03523e-06 
116
0
-3.47799
-0.000456343
0.822189 1.29728e-05 1.60697e-08 1.29728e-05 0.940634 -8.1524e-07 1.60697e-08 -8.1524e-07 1.03523e-06 
117
0
-3.51083
-0.000343753
0.829209 1.42761e-05 1.61896e-08 1.42761e-05 0.948669 -8.15279e-07 1.61896e-08 -8.15279e-07 1.03523e-06 
118
0
-3.54452
0.000445215
0.836229 1.52546e-05 1.63371e-08 1.52546e-05 0.956704 -8.15315e-07 1.63371e-08 -8.15315e-07 1.03523e-06 
119
0
-3.57752
8.34709e-05
0.843249 1.38657e-05 1.65333e-08 1.38657e-05 0.964738 -8.1535e-07 1.65333e-08 -8.1535e-07 1.03523e-06 
120
0
-3.61037
7.15365e-05
0.850269 1.35641e-05 1.66809e-08 1.35641e-05 0.972773 -8.15385e-07 1.66809e-08 -8.15385e-07 1.03523e-06 
121
0
-3.64331
0.000302401
0.857289 1.3297e-05 1.6834e-08 1.3297e-05 0.980808 -8.15418e-07 1.6834e-08 -8.15418e-07 1.03523e-06 
122
0
-3.67639
0.000377386
0.864309 1.23151e-05 1.70019e-08 1.23151e-05 0.988842 -8.15448e-07 1.70019e-08 -8.15448e-07 1.03523e-06 
123
0
-3.70953
0.000345131
0.871329 1.10921e-05 1.71673e-08 1.10921e-05 0.996877 -8.15477e-07 1.71673e-08 -8.15477e-07 1.03523e-06 
124
0
-3.74259
0.000173524
0.878349 9.96074e-06 1.73272e-08 9.96074e-06 1.00491 -8.15504e-07 1.73272e-08 -8.15504e-07 1.03523e-06 
125
0
-3.77552
-8.18646e-06
0.885369 9.36361e-06 1.7477e-08 9.36361e-06 1.01295 -8.15527e-07 1.7477e-08 -8.15527e-07 1.03523e-06 
126
0
-3.80777
-0.000240538
0.892389 9.34161e-06 1.76212e-08 9.34161e-06 1.02098 -8.15549e-07 1.76212e-08 -8.15549e-07 1.03523e-06 
127
0
-3.84091
-0.000165027
0.899409 1.00668e-05 1.77559e-08 1.00668e-05 1.02902 -8.15573e-07 1.77559e-08 -8.15573e-07 1.03523e-06 
128
0
-3.87321
-0.000991269
0.906429 1.05534e-05 1.79068e-08 1.05534e-05 1.03705 -8.15593e-07 1.79068e-08 -8.15593e-07 1.03523e-06 
129
0
-3.90738
4.08703e-05
0.913449 1.37423e-05 1.80067e-08 1.37423e-05 1.04508 -8.15615e-07 1.80067e-08 -8.15615e-07 1.03523e-06 
130
0
-3.93989
-0.000258222
0.920469 1.35596e-05 1.81998e-08 1.35596e-05 1.05312 -8.15634e-07 1.81998e-08 -8.15634e-07 1.03523e-06 
131
0
-3.97316
0.000187806
0.927489 1.43678e-05 1.83417e-08 1.43678e-05 1.06115 -8.15651e-07 1.83417e-08 -8.15651e-07 1.03523e-06 
132
0
-4.00585
5.17202e-05
0.934509 1.3692e-05 1.85161e-08 1.3692e-05 1.06919 -8.15667e-07 1.85161e-08 -8.15667e-07 1.03523e-06 
133
0
-4.0384
-0.00022312
0.941529 1.34697e-05 1.86671e-08 1.34697e-05 1.07722 -8.15682e-07 1.86671e-08 -8.15682e-07 1.03523e-06 
134
0
-4.07172
-0.00036788
0.948549 1.41785e-05 1.88034e-08 1.41785e-05 1.08526 -8.15696e-07 1.88034e-08 -8.15696e-07 1.03523e-06 
135
0
-4.10556
0.00068764
0.955569 1.53876e-05 1.89436e-08 1.53876e-05 1.09329 -8.15711e-07 1.89436e-08 -8.15711e-07 1.03523e-06 
136
0
-4.13773
-0.000280578
0.962589 1.29718e-05 1.91534e-08 1.29718e-05 1.10133 -8.15726e-07 1.91534e-08 -8.15726e-07 1.03523e-06 
137
0
-4.17056
-0.000268237
0.969609 1.38968e-05 1.92681e-08 1.38968e-05 1.10936 -8.15739e-07 1.92681e-08 -8.15739e-07 1.03523e-06 
138
0
-4.20345
-0.000453777
0.976629 1.47857e-05 1.94107e-08 1.47857e-05 1.1174 -8.15749e-07 1.94107e-08 -8.15749e-07 1.03523e-06 
139
0
-4.23728
0.000346446
0.983649 1.63344e-05 1.95472e-08 1.63344e-05 1.12543 -8.15762e-07 1.95472e-08 -8.15762e-07 1.03523e-06 
140
0
-4.26992
-2.56161e-06
0.990669 1.50582e-05 1.97404e-08 1.50582e-05 1.13347 -8.15774e-07 1.97404e-08 -8.15774e-07 1.03523e-06 
141
0
-4.30331
0.000400183
0.997689 1.50191e-05 1.98847e-08 1.50191e-05 1.1415 -8.15785e-07 1.98847e-08 -8.15785e-07 1.03523e-06 
142
0
-4.33614
-5.07815e-05
1.00471 1.35321e-05 2.00613e-08 1.35321e-05 1.14954 -8.15798e-07 2.00613e-08 -8.15798e-07 1.03523e-06 
143
0
-4.36874
-0.00041241
1.01173 1.36677e-05 2.01981e-08 1.36677e-05 1.15757 -8.15812e-07 2.01981e-08 -8.15812e-07 1.03523e-06 
144
0
-4.40143
-0.000209109
1.01875 1.51231e-05 2.03253e-08 1.51231e-05 1.16561 -8.15824e-07 2.03253e-08 -8.15824e-07 1.03523e-06 
145
0
-4.43464
8.58054e-05
1.02577 1.58426e-05 2.04784e-08 1.58426e-05 1.17364 -8.15837e-07 2.04784e-08 -8.15837e-07 1.03523e-06 
146
0
-4.46738
-0.000179588
1.03279 1.54771e-05 2.06464e-08 1.54771e-05 1.18167 -8.15846e-07 2.06464e-08 -8.15846e-07 1.03523e-06 
147
0
-4.50151
0.000945356
1.03981 1.60972e-05 2.07874e-08 1.60972e-05 1.18971 -8.15856e-07 2.07874e-08 -8.15856e-07 1.03523e-06 
148
0
-4.53443
0.000527178
1.04683 1.25062e-05 2.10052e-08 1.25062e-05 1.19774 -8.15865e-07 2.10052e-08 -8.15865e-07 1.03523e-06 
149
0
-4.56768
7.5312e-05
1.05385 1.04689e-05 2.11593e-08 1.04689e-05 1.20578 -8.15874e-07 2.11593e-08 -8.15874e-07 1.03523e-06 
150
0
-4.6003
-0.000575605
1.06087 1.01345e-05 2.12951e-08 1.01345e-05 1.21381 -8.15885e-07 2.12951e-08 -8.15885e-07 1.03523e-06 
151
0
-4.63329
-0.000339163
1.06789 1.22871e-05 2.14067e-08 1.22871e-05 1.22185 -8.15893e-07 2.14067e-08 -8.15893e-07 1.03523e-06 
152
0
-4.6667
-3.15639e-05
1.07491 1.35442e-05 2.1557e-08 1.35442e-05 1.22988 -8.15903e-07 2.1557e-08 -8.15903e-07 1.03523e-06 
153
0
-4.69943
-7.16325e-05
1.08193 1.36181e-05 2.17235e-08 1.36181e-05 1.23792 -8.15913e-07 2.17235e-08 -8.15913e-07 1.03523e-06 
154
0
-4.73269
0.000491398
1.08895 1.38491e-05 2.18748e-08 1.38491e-05 1.24595 -8.15923e-07 2.18748e-08 -8.15923e-07 1.03523e-06 
155
0
-4.7655
0.000317486
1.09597 1.18719e-05 2.20597e-08 1.18719e-05 1.25399 -8.15932e-07 2.20597e-08 -8.15932e-07 1.03523e-06 
156
0
-4.79818
-0.000517078
1.10299 1.05693e-05 2.22146e-08 1.05693e-05 1.26202 -8.1594e-07 2.22146e-08 -8.1594e-07 1.03523e-06 
157
0
-4.83078
-0.0015938
1.11001 1.25767e-05 2.2323e-08 1.25767e-05 1.27006 -8.15948e-07 2.2323e-08 -8.15948e-07 1.03523e-06 
158
0
-4.86477
-9.83574e-06
1.11703 1.89054e-05 2.23968e-08 1.89054e-05 1.27809 -8.15954e-07 2.23968e-08 -8.15954e-07 1.03523e-06 
159
0
-4.89819
0.000411093
1.12405 1.88965e-05 2.26072e-08 1.88965e-05 1.28613 -8.15959e-07 2.26072e-08 -8.15959e-07 1.03523e-06 
160
0
-4.93092
0.000469113
1.13107 1.71824e-05 2.27965e-08 1.71824e-05 1.29416 -8.15966e-07 2.27965e-08 -8.15966e-07 1.03523e-06 
161
0
-4.96455
0.000732617
1.13809 1.52212e-05 2.29648e-08 1.52212e-05 1.30219 -8.15977e-07 2.29648e-08 -8.15977e-07 1.03523e-06 
162
0
-4.99694
0.000238433
1.14511 1.21671e-05 2.31454e-08 1.21671e-05 1.31023 -8.15986e-07 2.31454e-08 -8.15986e-07 1.03523e-06 
163
0
-5.02976
-5.85364e-05
1.15213 1.11344e-05 2.32832e-08 1.11344e-05 1.31826 -8.15994e-07 2.32832e-08 -8.15994e-07 1.03523e-06 
164
0
-5.06268
-0.000549997
1.15915 1.13291e-05 2.34189e-08 1.13291e-05 1.3263 -8.16001e-07 2.34189e-08 -8.16001e-07 1.03523e-06 
165
0
-5.09681
0.000703288
1.16617 1.35789e-05 2.35389e-08 1.35789e-05 1.33433 -8.16009e-07 2.35389e-08 -8.16009e-07 1.03523e-06 
166
0
-5.12857
-0.000695224
1.17319 1.05737e-05 2.37539e-08 1.05737e-05 1.34237 -8.16017e-07 2.37539e-08 -8.16017e-07 1.03523e-06 
167
0
-5.16208
-6.06886e-05
1.18021 1.34656e-05 2.38425e-08 1.34656e-05 1.3504 -8.16025e-07 2.38425e-08 -8.16025e-07 1.03523e-06 
168
0
-5.19463
-0.000307627
1.18723 1.36753e-05 2.40119e-08 1.36753e-05 1.35844 -8.16031e-07 2.40119e-08 -8.16031e-07 1.03523e-06 
169
0
-5.22771
-0.000132848
1.19425 1.49435e-05 2.41507e-08 1.49435e-05 1.36647 -8.16041e-07 2.41507e-08 -8.16041e-07 1.03523e-06 
170
0
-5.26094
0.000357428
1.20127 1.54669e-05 2.43068e-08 1.54669e-05 1.37451 -8.16049e-07 2.43068e-08 -8.16049e-07 1.03523e-06 
171
0
-5.2935
-0.00013511
1.20829 1.38704e-05 2.44874e-08 1.38704e-05 1.38254 -8.16054e-07 2.44874e-08 -8.16054e-07 1.03523e-06 
172
0
-5.32736
0.000971583
1.21531 1.44104e-05 2.46204e-08 1.44104e-05 1.39058 -8.16061e-07 2.46204e-08 -8.16061e-07 1.03523e-06 
173
0
-5.36023
0.000829115
1.22233 1.01046e-05 2.48347e-08 1.01046e-05 1.39861 -8.16068e-07 2.48347e-08 -8.16068e-07 1.03523e-06 
174
0
-5.39221
-0.000364026
1.22935 6.40211e-06 2.50036e-08 6.40211e-06 1.40665 -8.16076e-07 2.50036e-08 -8.16076e-07 1.03523e-06 
175
0
-5.42553
0.000162786
1.23637 7.96704e-06 2.50982e-08 7.96704e-06 1.41468 -8.16084e-07 2.50982e-08 -8.16084e-07 1.03523e-06 
176
0
-5.45744
-0.00054724
1.24339 7.19276e-06 2.52659e-08 7.19276e-06 1.42271 -8.1609e-07 2.52659e-08 -8.1609e-07 1.03523e-06 
177
0
-5.49038
0.000127544
1.25041 9.59748e-06 2.53776e-08 9.59748e-06 1.43075 -8.16097e-07 2.53776e-08 -8.16097e-07 1.03523e-06 
178
0
-5.52293
-0.000348945
1.25743 8.97379e-06 2.55527e-08 8.97379e-06 1.43878 -8.16104e-07 2.55527e-08 -8.16104e-07 1.03523e-06 
179
0
-5.55654
0.0005677
1.26445 1.05072e-05 2.56814e-08 1.05072e-05 1.44682 -8.16113e-07 2.56814e-08 -8.16113e-07 1.03523e-06 
180
0
-5.58885
9.36528e-05
1.27147 7.87024e-06 2.58792e-08 7.87024e-06 1.45485 -8.16121e-07 2.58792e-08 -8.16121e-07 1.03523e-06 
181
0
-5.6219
0.000518712
1.27849 7.39221e-06 2.60176e-08 7.39221e-06 1.46289 -8.16128e-07 2.60176e-08 -8.16128e-07 1.03523e-06 
182
0
-5.65464
-8.83834e-06
1.28551 4.95226e-06 2.6193e-08 4.95226e-06 1.47092 -8.16134e-07 2.6193e-08 -8.16134e-07 1.03523e-06 
183
0
-5.68759
-1.7111e-05
1.29253 4.94453e-06 2.63251e-08 4.94453e-06 1.47896 -8.16139e-07 2.63251e-08 -8.16139e-07 1.03523e-06 
184
0
-5.72068
0.000328109
1.29955 4.97556e-06 2.64723e-08 4.97556e-06 1.48699 -8.16146e-07 2.64723e-08 -8.16146e-07 1.03523e-06 
185
0
-5.75308
1.69776e-05
1.30657 3.38928e-06 2.66428e-08 3.38928e-06 1.49503 -8.16153e-07 2.66428e-08 -8.16153e-07 1.03523e-06 
186
0
-5.78567
-0.000383704
1.31359 3.26055e-06 2.67821e-08 3.26055e-06 1.50306 -8.1616e-07 2.67821e-08 -8.1616e-07 1.03523e-06 
187
0
-5.81901
2.02315e-05
1.32061 5.02931e-06 2.69068e-08 5.02931e-06 1.5111 -8.16168e-07 2.69068e-08 -8.16168e-07 1.03523e-06 
188
0
-5.85154
5.19058e-05
1.32763 4.88418e-06 2.70723e-08 4.88418e-06 1.51913 -8.16173e-07 2.70723e-08 -8.16173e-07 1.03523e-06 
189
0
-5.88462
0.000477904
1.33465 4.58689e-06 2.72265e-08 4.58689e-06 1.52717 -8.16178e-07 2.72265e-08 -8.16178e-07 1.03523e-06 
190
0
-5.91714
-0.00026768
1.34167 2.23798e-06 2.7404e-08 2.23798e-06 1.5352 -8.16183e-07 2.7404e-08 -8.16183e-07 1.03523e-06 
191
0
-5.95047
0.000156583
1.34869 3.48429e-06 2.75224e-08 3.48429e-06 1.54323 -8.1619e-07 2.75224e-08 -8.1619e-07 1.03523e-06 
192
0
-5.98289
-0.000223475
1.35571 2.6739e-06 2.76897e-08 2.6739e-06 1.55127 -8.16196e-07 2.76897e-08 -8.16196e-07 1.03523e-06 
193
0
-6.01648
0.000377876
1.36273 3.71763e-06 2.7822e-08 3.71763e-06 1.5593 -8.16201e-07 2.7822e-08 -8.16201e-07 1.03523e-06 
194
0
-6.04825
-0.000752143
1.36975 1.81175e-06 2.80038e-08 1.81175e-06 1.56734 -8.16206e-07 2.80038e-08 -8.16206e-07 1.03523e-06 
195
0
-6.08176
-0.000185003
1.37677 5.47829e-06 2.80964e-08 5.47829e-06 1.57537 -8.16214e-07 2.80964e-08 -8.16214e-07 1.03523e-06 
196
0
-6.11421
-0.000622722
1.38379 6.34795e-06 2.82612e-08 6.34795e-06 1.58341 -8.16219e-07 2.82612e-08 -8.16219e-07 1.03523e-06 
197
0
-6.14747
8.45026e-07
1.39081 9.40674e-06 2.83854e-08 9.40674e-06 1.59144 -8.16225e-07 2.83854e-08 -8.16225e-07 1.03523e-06 
198
0
-6.17919
-0.0014167
1.39783 9.35359e-06 2.85605e-08 9.35359e-06 1.59948 -8.1623e-07 2.85605e-08 -8.1623e-07 1.03523e-06 
199
0
-6.21349
8.68357e-05
1.40485 1.64465e-05 2.86308e-08 1.64465e-05 1.60751 -8.16235e-07 2.86308e-08 -8.16235e-07 1.03523e-06 
200
0
-6.24638
0.000426782
1.41187 1.59576e-05 2.884e-08 1.59576e-05 1.61555 -8.1624e-07 2.884e-08 -8.1624e-07 1.03523e-06 
201
0
-6.27914
0.000492881
1.41889 1.37356e-05 2.90238e-08 1.37356e-05 1.62358 -8.16246e-07 2.90238e-08 -8.16246e-07 1.03523e-06 
202
0
-6.31106
-0.00030524
1.42591 1.11644e-05 2.9192e-08 1.11644e-05 1.63162 -8.16252e-07 2.9192e-08 -8.16252e-07 1.03523e-06 
203
0
-6.34423
-0.000586664
1.43293 1.26853e-05 2.93051e-08 1.26853e-05 1.63965 -8.16261e-07 2.93051e-08 -8.16261e-07 1.03523e-06 
204
0
-6.37752
0.000131223
1.43995 1.56682e-05 2.94315e-08 1.56682e-05 1.64769 -8.16265e-07 2.94315e-08 -8.16265e-07 1.03523e-06 
205
0
-6.41014
-0.000562539
1.44697 1.49377e-05 2.96139e-08 1.49377e-05 1.65572 -8.16271e-07 2.96139e-08 -8.16271e-07 1.03523e-06 
206
0
-6.44384
0.000251627
1.45399 1.78245e-05 2.97333e-08 1.78245e-05 1.66375 -8.16279e-07 2.97333e-08 -8.16279e-07 1.03523e-06 
207
0
-6.47586
-0.000714623
1.46101 1.64559e-05 2.99222e-08 1.64559e-05 1.67179 -8.16285e-07 2.99222e-08 -8.16285e-07 1.03523e-06 
208
0
-6.50892
-0.000813533
1.46803 2.01726e-05 3.00267e-08 2.01726e-05 1.67982 -8.16293e-07 3.00267e-08 -8.16293e-07 1.03523e-06 
209
0
-6.54156
-0.000989651
1.47505 2.44312e-05 3.01562e-08 2.44312e-05 1.68786 -8.16298e-07 3.01562e-08 -8.16298e-07 1.03523e-06 
210
0
-6.57558
2.53393e-05
1.48207 2.96473e-05 3.02828e-08 2.96473e-05 1.69589 -8.16305e-07 3.02828e-08 -8.16305e-07 1.03523e-06 
211
0
-6.6084
7.22644e-05
1.48909 2.94628e-05 3.04807e-08 2.94628e-05 1.70393 -8.16311e-07 3.04807e-08 -8.16311e-07 1.03523e-06 
212
0
-6.6412
-2.63943e-05
1.49611 2.90256e-05 3.0646e-08 2.90256e-05 1.71196 -8.16319e-07 3.0646e-08 -8.16319e-07 1.03523e-06 
213
0
-6.6733
-0.000881312
1.50313 2.9119e-05 3.0798e-08 2.9119e-05 1.72 -8.16326e-07 3.0798e-08 -8.16326e-07 1.03523e-06 
214
0
-6.70687
0.000627164
1.51015 3.38481e-05 3.08998e-08 3.38481e-05 1.72803 -8.16332e-07 3.08998e-08 -8.16332e-07 1.03523e-06 
215
0
-6.73947
0.000295674
1.51717 3.03828e-05 3.11218e-08 3.03828e-05 1.73607 -8.16338e-07 3.11218e-08 -8.16338e-07 1.03523e-06 
216
0
-6.77178
-0.000547022
1.52419 2.87157e-05 3.12778e-08 2.87157e-05 1.7441 -8.16344e-07 3.12778e-08 -8.16344e-07 1.03523e-06 
217
0
-6.80543
0.000831518
1.53121 3.1674e-05 3.13865e-08 3.1674e-05 1.75214 -8.16351e-07 3.13865e-08 -8.16351e-07 1.03523e-06 
218
0
-6.83733
-3.55104e-05
1.53823 2.70323e-05 3.16071e-08 2.70323e-05 1.76017 -8.16357e-07 3.16071e-08 -8.16357e-07 1.03523e-06 
219
0
-6.87091
0.000795357
1.54525 2.71802e-05 3.17318e-08 2.71802e-05 1.76821 -8.16363e-07 3.17318e-08 -8.16363e-07 1.03523e-06 
220
0
-6.90288
-0.000395428
1.55227 2.26978e-05 3.19306e-08 2.26978e-05 1.77624 -8.16371e-07 3.19306e-08 -8.16371e-07 1.03523e-06 
221
0
-6.9371
0.000748507
1.55929 2.48628e-05 3.20319e-08 2.48628e-05 1.78427 -8.16378e-07 3.20319e-08 -8.16378e-07 1.03523e-06 
222
0
-6.96948
0.00034283
1.56631 2.06035e-05 3.22412e-08 2.06035e-05 1.79231 -8.16384e-07 3.22412e-08 -8.16384e-07 1.03523e-06 
223
0
-7.00168
1.38589e-05
1.57333 1.86173e-05 3.23899e-08 1.86173e-05 1.80034 -8.16391e-07 3.23899e-08 -8.16391e-07 1.03523e-06 
224
0
-7.03545
0.000840384
1.58035 1.84895e-05 3.25252e-08 1.84895e-05 1.80838 -8.16397e-07 3.25252e-08 -8.16397e-07 1.03523e-06 
225
0
-7.06707
0.000232626
1.58737 1.36495e-05 3.27257e-08 1.36495e-05 1.81641 -8.16402e-07 3.27257e-08 -8.16402e-07 1.03523e-06 
226
0
-7.10036
0.000341566
1.59439 1.22682e-05 3.28586e-08 1.22682e-05 1.82445 -8.16409e-07 3.28586e-08 -8.16409e-07 1.03523e-06 
227
0
-7.13367
0.000361596
1.60141 1.02544e-05 3.30181e-08 1.02544e-05 1.83248 -8.16417e-07 3.30181e-08 -8.16417e-07 1.03523e-06 
228
0
-7.16649
-0.000659837
1.60843 8.11625e-06 3.31786e-08 8.11625e-06 1.84052 -8.16424e-07 3.31786e-08 -8.16424e-07 1.03523e-06 
229
0
-7.19948
-0.000551151
1.61545 1.18954e-05 3.32777e-08 1.18954e-05 1.84855 -8.16432e-07 3.32777e-08 -8.16432e-07 1.03523e-06 
230
0
-7.2321
-0.000374421
1.62247 1.50579e-05 3.34163e-08 1.50579e-05 1.85659 -8.16439e-07 3.34163e-08 -8.16439e-07 1.03523e-06 
231
0
-7.26513
1.62357e-06
1.62949 1.72e-05 3.35663e-08 1.72e-05 1.86462 -8.16444e-07 3.35663e-08 -8.16444e-07 1.03523e-06 
232
0
-7.29826
0.000266222
1.63651 1.71411e-05 3.37343e-08 1.71411e-05 1.87266 -8.16449e-07 3.37343e-08 -8.16449e-07 1.03523e-06 
233
0
-7.33117
3.09586e-05
1.64353 1.552e-05 3.39051e-08 1.552e-05 1.88069 -8.16455e-07 3.39051e-08 -8.16455e-07 1.03523e-06 
234
0
-7.36488
0.000864907
1.65055 1.52871e-05 3.40508e-08 1.52871e-05 1.88873 -8.16459e-07 3.40508e-08 -8.16459e-07 1.03523e-06 
235
0
-7.39715
-0.000179319
1.65757 1.00877e-05 3.42531e-08 1.00877e-05 1.89676 -8.16466e-07 3.42531e-08 -8.16466e-07 1.03523e-06 
236
0
-7.43014
0.000273867
1.66459 1.11106e-05 3.43638e-08 1.11106e-05 1.90479 -8.16474e-07 3.43638e-08 -8.16474e-07 1.03523e-06 
237
0
-7.4626
-0.0005247
1.67161 9.4165e-06 3.45316e-08 9.4165e-06 1.91283 -8.16481e-07 3.45316e-08 -8.16481e-07 1.03523e-06 
238
0
-7.49614
1.04115e-05
1.67863 1.25312e-05 3.46422e-08 1.25312e-05 1.92086 -8.16488e-07 3.46422e-08 -8.16488e-07 1.03523e-06 
239
0
-7.52861
-0.000970907
1.68565 1.24187e-05 3.48118e-08 1.24187e-05 1.9289 -8.16494e-07 3.48118e-08 -8.16494e-07 1.03523e-06 
240
0
-7.56181
-0.000696924
1.69267 1.82735e-05 3.49085e-08 1.82735e-05 1.93693 -8.165e-07 3.49085e-08 -8.165e-07 1.03523e-06 
241
0
-7.59578
0.000474096
1.69969 2.24797e-05 3.50533e-08 2.24797e-05 1.94497 -8.16505e-07 3.50533e-08 -8.16505e-07 1.03523e-06 
242
0
-7.62864
7.27029e-05
1.70671 1.95231e-05 3.52654e-08 1.95231e-05 1.953 -8.16511e-07 3.52654e-08 -8.16511e-07 1.03523e-06 
243
0
-7.66125
-0.000406634
1.71373 1.90259e-05 3.54123e-08 1.90259e-05 1.96104 -8.16516e-07 3.54123e-08 -8.16516e-07 1.03523e-06 
244
0
-7.69379
-0.000795728
1.72075 2.14904e-05 3.55363e-08 2.14904e-05 1.96907 -8.16521e-07 3.55363e-08 -8.16521e-07 1.03523e-06 
245
0
-7.72784
0.000640742
1.72777 2.63807e-05 3.56541e-08 2.63807e-05 1.97711 -8.16527e-07 3.56541e-08 -8.16527e-07 1.03523e-06 
246
0
-7.76046
0.000243007
1.73479 2.23371e-05 3.58761e-08 2.23371e-05 1.98514 -8.16532e-07 3.58761e-08 -8.16532e-07 1.03523e-06 
247
0
-7.79335
0.000249915
1.74181 2.07666e-05 3.60268e-08 2.07666e-05 1.99318 -8.16539e-07 3.60268e-08 -8.16539e-07 1.03523e-06 
248
0
-7.82703
0.000673206
1.74883 1.91465e-05 3.61832e-08 1.91465e-05 2.00121 -8.16546e-07 3.61832e-08 -8.16546e-07 1.03523e-06 
249
0
-7.85927
-0.000230476
1.75585 1.48493e-05 3.63675e-08 1.48493e-05 2.00925 -8.16557e-07 3.63675e-08 -8.16557e-07 1.03523e-06 
250
0
-7.89203
2.22389e-05
1.76287 1.62597e-05 3.64808e-08 1.62597e-05 2.01728 -8.16565e-07 3.64808e-08 -8.16565e-07 1.03523e-06 
251
0
-7.92428
-0.000429078
1.76989 1.60686e-05 3.66365e-08 1.60686e-05 2.02531 -8.16571e-07 3.66365e-08 -8.16571e-07 1.03523e-06 
252
0
-7.95745
-0.000131279
1.77691 1.87588e-05 3.6761e-08 1.87588e-05 2.03335 -8.16578e-07 3.6761e-08 -8.16578e-07 1.03523e-06 
253
0
-7.99129
0.000471001
1.78393 1.95507e-05 3.692e-08 1.95507e-05 2.04138 -8.16585e-07 3.692e-08 -8.16585e-07 1.03523e-06 
254
0
-8.02389
-0.000139651
1.79095 1.64695e-05 3.71099e-08 1.64695e-05 2.04942 -8.16591e-07 3.71099e-08 -8.16591e-07 1.03523e-06 
255
0
-8.05665
-0.000730167
1.79797 1.73222e-05 3.72394e-08 1.73222e-05 2.05745 -8.16599e-07 3.72394e-08 -8.16599e-07 1.03523e-06 
256
0
-8.08994
0.00024371
1.80499 2.2009e-05 3.7351e-08 2.2009e-05 2.06549 -8.16604e-07 3.7351e-08 -8.16604e-07 1.03523e-06 
257
0
-8.12344
0.000641662
1.81201 2.03721e-05 3.75429e-08 2.03721e-05 2.07352 -8.16609e-07 3.75429e-08 -8.16609e-07 1.03523e-06 
258
0
-8.15593
-0.000151729
1.81903 1.61273e-05 3.77311e-08 1.61273e-05 2.08156 -8.16616e-07 3.77311e-08 -8.16616e-07 1.03523e-06 
259
0
-8.18921
0.000407776
1.82605 1.70733e-05 3.7852e-08 1.70733e-05 2.08959 -8.16626e-07 3.7852e-08 -8.16626e-07 1.03523e-06 
260
0
-8.22154
3.13447e-05
1.83307 1.43368e-05 3.80299e-08 1.43368e-05 2.09763 -8.16633e-07 3.80299e-08 -8.16633e-07 1.03523e-06 
261
0
-8.25434
-0.00055403
1.84009 1.40797e-05 3.81685e-08 1.40797e-05 2.10566 -8.16639e-07 3.81685e-08 -8.16639e-07 1.03523e-06 
262
0
-8.28744
-0.000230452
1.84711 1.77082e-05 3.82844e-08 1.77082e-05 2.1137 -8.16644e-07 3.82844e-08 -8.16644e-07 1.03523e-06 
263
0
-8.32084
0.000659921
1.85413 1.91941e-05 3.84412e-08 1.91941e-05 2.12173 -8.16649e-07 3.84412e-08 -8.16649e-07 1.03523e-06 
264
0
-8.35272
-3.81691e-05
1.86115 1.47294e-05 3.86437e-08 1.47294e-05 2.12977 -8.16654e-07 3.86437e-08 -8.16654e-07 1.03523e-06 
265
0
-8.38638
0.000335035
1.86817 1.49358e-05 3.87702e-08 1.49358e-05 2.1378 -8.16661e-07 3.87702e-08 -8.16661e-07 1.03523e-06 
266
0
-8.41872
-0.000515495
1.87519 1.26275e-05 3.89415e-08 1.26275e-05 2.14583 -8.16669e-07 3.89415e-08 -8.16669e-07 1.03523e-06 
267
0
-8.45095
-0.00103832
1.88221 1.60654e-05 3.90505e-08 1.60654e-05 2.15387 -8.16676e-07 3.90505e-08 -8.16676e-07 1.03523e-06 
268
0
-8.4852
0.000293022
1.88923 2.30671e-05 3.91545e-08 2.30671e-05 2.1619 -8.16683e-07 3.91545e-08 -8.16683e-07 1.03523e-06 
269
0
-8.5185
9.85418e-05
1.89625 2.10196e-05 3.93647e-08 2.10196e-05 2.16994 -8.16686e-07 3.93647e-08 -8.16686e-07 1.03523e-06 
270
0
-8.55172
0.000435646
1.90327 2.02954e-05 3.95221e-08 2.02954e-05 2.17797 -8.16691e-07 3.95221e-08 -8.16691e-07 1.03523e-06 
271
0
-8.58488
0.000521772
1.91029 1.72535e-05 3.96975e-08 1.72535e-05 2.18601 -8.16698e-07 3.96975e-08 -8.16698e-07 1.03523e-06 
272
0
-8.61739
-0.000114707
1.91731 1.3607e-05 3.98663e-08 1.3607e-05 2.19404 -8.16705e-07 3.98663e-08 -8.16705e-07 1.03523e-06 
273
0
-8.65081
-6.89778e-05
1.92433 1.43505e-05 3.99908e-08 1.43505e-05 2.20208 -8.16711e-07 3.99908e-08 -8.16711e-07 1.03523e-06 
274
0
-8.68416
-6.84396e-05
1.93135 1.47794e-05 4.01409e-08 1.47794e-05 2.21011 -8.16717e-07 4.01409e-08 -8.16717e-07 1.03523e-06 
275
0
-8.71649
-0.000507568
1.93837 1.52062e-05 4.02931e-08 1.52062e-05 2.21815 -8.16724e-07 4.02931e-08 -8.16724e-07 1.03523e-06 
276
0
-8.7503
0.000596438
1.94539 1.87062e-05 4.04165e-08 1.87062e-05 2.22618 -8.16732e-07 4.04165e-08 -8.16732e-07 1.03523e-06 
277
0
-8.78313
-1.82784e-05
1.95241 1.44693e-05 4.06229e-08 1.44693e-05 2.23422 -8.16737e-07 4.06229e-08 -8.16737e-07 1.03523e-06 
278
0
-8.81614
-9.33624e-05
1.95943 1.45479e-05 4.07578e-08 1.45479e-05 2.24225 -8.16745e-07 4.07578e-08 -8.16745e-07 1.03523e-06 
279
0
-8.84985
0.000938824
1.96645 1.51578e-05 4.09025e-08 1.51578e-05 2.25029 -8.16754e-07 4.09025e-08 -8.16754e-07 1.03523e-06 
280
0
-8.88262
0.000844885
1.97347 8.4459e-06 4.1114e-08 8.4459e-06 2.25832 -8.1676e-07 4.1114e-08 -8.1676e-07 1.03523e-06 
281
0
-8.91476
-5.00086e-05
1.98049 2.37913e-06 4.1284e-08 2.37913e-06 2.26636 -8.16768e-07 4.1284e-08 -8.16768e-07 1.03523e-06 
282
0
-8.94801
0.000524566
1.98751 2.6863e-06 4.13964e-08 2.6863e-06 2.27439 -8.16775e-07 4.13964e-08 -8.16775e-07 1.03523e-06 
283
0
-8.98006
-0.000266561
1.99453 -1.12611e-06 4.15738e-08 -1.12611e-06 2.28242 -8.16781e-07 4.15738e-08 -8.16781e-07 1.03523e-06 
284
0
-9.01348
-4.02139e-05
2.00155 7.42134e-07 4.16878e-08 7.42134e-07 2.29046 -8.16788e-07 4.16878e-08 -8.16788e-07 1.03523e-06 
285
0
-9.04639
-0.000223298
2.00857 9.82267e-07 4.18429e-08 9.82267e-07 2.29849 -8.16797e-07 4.18429e-08 -8.16797e-07 1.03523e-06 
286
0
-9.07885
-0.000678803
2.01559 2.5504e-06 4.19829e-08 2.5504e-06 2.30653 -8.16805e-07 4.19829e-08 -8.16805e-07 1.03523e-06 
287
0
-9.11293
-0.000161659
2.02261 7.43722e-06 4.21004e-08 7.43722e-06 2.31456 -8.16812e-07 4.21004e-08 -8.16812e-07 1.03523e-06 
288
0
-9.14676
0.000860968
2.02963 8.56673e-06 4.22698e-08 8.56673e-06 2.3226 -8.16818e-07 4.22698e-08 -8.16818e-07 1.03523e-06 
289
0
-9.17924
0.000528859
2.03665 2.21051e-06 4.24841e-08 2.21051e-06 2.33063 -8.16825e-07 4.24841e-08 -8.16825e-07 1.03523e-06 
290
0
-9.21139
-0.000126574
2.04367 -1.72672e-06 4.26383e-08 -1.72672e-06 2.33867 -8.16833e-07 4.26383e-08 -8.16833e-07 1.03523e-06 
291
0
-9.24451
0.000301656
2.05069 -8.43678e-07 4.27568e-08 -8.43678e-07 2.3467 -8.16841e-07 4.27568e-08 -8.16841e-07 1.03523e-06 
292
0
-9.27712
-0.000352262
2.05771 -3.12645e-06 4.29253e-08 -3.12645e-06 2.35474 -8.16849e-07 4.29253e-08 -8.16849e-07 1.03523e-06 
293
0
-9.31051
0.00016391
2.06473 -5.61183e-07 4.30447e-08 -5.61183e-07 2.36277 -8.16855e-07 4.30447e-08 -8.16855e-07 1.03523e-06 
294
0
-9.34285
-0.000355294
2.07176 -1.83297e-06 4.32161e-08 -1.83297e-06 2.37081 -8.16861e-07 4.32161e-08 -8.16861e-07 1.03523e-06 
295
0
-9.37671
0.000489406
2.07878 7.72794e-07 4.33408e-08 7.72794e-07 2.37884 -8.16868e-07 4.33408e-08 -8.16868e-07 1.03523e-06 
296
0
-9.40884
-0.000265178
2.0858 -2.94912e-06 4.3534e-08 -2.94912e-06 2.38688 -8.16873e-07 4.3534e-08 -8.16873e-07 1.03523e-06 
297
0
-9.44178
-0.000262035
2.09282 -1.00366e-06 4.36531e-08 -1.00366e-06 2.39491 -8.16881e-07 4.36531e-08 -8.16881e-07 1.03523e-06 
298
0
-9.47557
0.000888319
2.09984 9.24742e-07 4.37947e-08 9.24742e-07 2.40294 -8.16888e-07 4.37947e-08 -8.16888e-07 1.03523e-06 
299
0
-9.50721
-0.000780553
2.10686 -5.85734e-06 4.40097e-08 -5.85734e-06 2.41098 -8.16895e-07 4.40097e-08 -8.16895e-07 1.03523e-06 
300
0
-9.53958
-0.00122383
2.11388 2.66997e-08 4.40842e-08 2.66997e-08 2.41901 -8.16902e-07 4.40842e-08 -8.16902e-07 1.03523e-06 
301
0
-9.57397
0.000467607
2.1209 9.31203e-06 4.41826e-08 9.31203e-06 2.42705 -8.16908e-07 4.41826e-08 -8.16908e-07 1.03523e-06 
302
0
-9.60585
-0.00037088
2.12792 5.68234e-06 4.44097e-08 5.68234e-06 2.43508 -8.16913e-07 4.44097e-08 -8.16913e-07 1.03523e-06 
303
0
-9.63889
0.00024203
2.13494 8.47974e-06 4.45295e-08 8.47974e-06 2.44312 -8.16921e-07 4.45295e-08 -8.16921e-07 1.03523e-06 
304
0
-9.67183
0.000314291
2.14196 6.5643e-06 4.47062e-08 6.5643e-06 2.45115 -8.16925e-07 4.47062e-08 -8.16925e-07 1.03523e-06 
305
0
-9.7054
0.000834437
2.14898 4.08414e-06 4.48705e-08 4.08414e-06 2.45919 -8.16932e-07 4.48705e-08 -8.16932e-07 1.03523e-06 
306
0
-9.73768
0.000634679
2.156 -2.43791e-06 4.50617e-08 -2.43791e-06 2.46722 -8.16939e-07 4.50617e-08 -8.16939e-07 1.03523e-06 
307
0
-9.77032
