0
0
0
0.000750607
0.00632102 -7.44339e-05 -4.31087e-09 -7.44339e-05 0.0065425 -1.42373e-07 -4.31087e-09 -1.42373e-07 1.21851e-06 
1
0
0
0.000285063
0.0093053 -0.000180887 -4.19554e-09 -0.000180887 0.00905162 -1.84361e-07 -4.19554e-09 -1.84361e-07 1.03651e-06 
2
0
0
-0.000687105
0.0107701 -0.000255989 -3.72209e-09 -0.000255989 0.00996569 -2.08421e-07 -3.72209e-09 -2.08421e-07 1.03685e-06 
3
0
0
-0.000180985
0.0114639 -0.000297135 -3.29194e-09 -0.000297135 0.010272 -2.19339e-07 -3.29194e-09 -2.19339e-07 1.0371e-06 
4
0
0
-0.000468781
0.0117902 -0.000317561 -2.98714e-09 -0.000317561 0.0103719 -2.24999e-07 -2.98714e-09 -2.24999e-07 1.03671e-06 
5
0
0
0.000150276
0.0119437 -0.000327287 -2.77906e-09 -0.000327287 0.0104043 -2.28791e-07 -2.77906e-09 -2.28791e-07 1.03631e-06 
6
0
0
-0.000379863
0.0120159 -0.000331821 -2.61939e-09 -0.000331821 0.0104149 -2.31875e-07 -2.61939e-09 -2.31875e-07 1.036e-06 
7
0
0
0.000851783
0.01205 -0.00033393 -2.49383e-09 -0.00033393 0.0104185 -2.34622e-07 -2.49383e-09 -2.34622e-07 1.03576e-06 
8
0
0
1.16597e-05
0.0120662 -0.000334886 -2.37363e-09 -0.000334886 0.0104197 -2.37144e-07 -2.37363e-09 -2.37144e-07 1.03558e-06 
9
0
0
-0.000584652
0.0120739 -0.000335346 -2.27325e-09 -0.000335346 0.0104202 -2.39473e-07 -2.27325e-09 -2.39473e-07 1.03545e-06 
10
0
0
-0.00129356
0.0120777 -0.000335571 -2.18175e-09 -0.000335571 0.0104205 -2.41617e-07 -2.18175e-09 -2.41617e-07 1.03535e-06 
11
0
0
0.000241345
0.0120795 -0.000335689 -2.10265e-09 -0.000335689 0.0104206 -2.43583e-07 -2.10265e-09 -2.43583e-07 1.03528e-06 
12
0
0
0.00053219
0.0120804 -0.000335721 -2.01411e-09 -0.000335721 0.0104207 -2.45373e-07 -2.01411e-09 -2.45373e-07 1.03523e-06 
13
0
0
0.00024044
0.0120809 -0.000335736 -1.93558e-09 -0.000335736 0.0104208 -2.46996e-07 -1.93558e-09 -2.46996e-07 1.03519e-06 
14
0
0
0.00170487
0.0120812 -0.000335751 -1.86728e-09 -0.000335751 0.0104209 -2.48461e-07 -1.86728e-09 -2.48461e-07 1.03517e-06 
15
0
0
0.00103655
0.0120814 -0.000335737 -1.7925e-09 -0.000335737 0.010421 -2.4978e-07 -1.7925e-09 -2.4978e-07 1.03515e-06 
16
0
0
0.00201703
0.0120815 -0.000335744 -1.73755e-09 -0.000335744 0.010421 -2.50963e-07 -1.73755e-09 -2.50963e-07 1.03514e-06 
17
0
0
0.000459012
0.0120816 -0.000335734 -1.67969e-09 -0.000335734 0.0104211 -2.52023e-07 -1.67969e-09 -2.52023e-07 1.03514e-06 
18
0
0
0.000643985
0.0120816 -0.000335756 -1.64411e-09 -0.000335756 0.0104211 -2.52968e-07 -1.64411e-09 -2.52968e-07 1.03514e-06 
19
0
0
0.000438167
0.0120816 -0.000335763 -1.6126e-09 -0.000335763 0.0104212 -2.5381e-07 -1.6126e-09 -2.5381e-07 1.03514e-06 
20
0
0
-0.00146388
0.0120817 -0.00033577 -1.58401e-09 -0.00033577 0.0104212 -2.54558e-07 -1.58401e-09 -2.54558e-07 1.03514e-06 
21
0
0
-0.00258522
0.0120817 -0.000335804 -1.57152e-09 -0.000335804 0.0104212 -2.55219e-07 -1.57152e-09 -2.55219e-07 1.03515e-06 
22
0
0
-0.00105327
0.0120817 -0.000335835 -1.55778e-09 -0.000335835 0.0104213 -2.55797e-07 -1.55778e-09 -2.55797e-07 1.03515e-06 
23
0
0
0.000309589
0.0120817 -0.000335823 -1.52691e-09 -0.000335823 0.0104213 -2.56305e-07 -1.52691e-09 -2.56305e-07 1.03516e-06 
24
0
0
0.000105772
0.0120817 -0.000335798 -1.49422e-09 -0.000335798 0.0104213 -2.5675e-07 -1.49422e-09 -2.5675e-07 1.03516e-06 
25
0
0
0.00190065
0.0120817 -0.000335792 -1.47473e-09 -0.000335792 0.0104213 -2.57144e-07 -1.47473e-09 -2.57144e-07 1.03517e-06 
26
0
0
0.000923677
0.0120817 -0.000335762 -1.44143e-09 -0.000335762 0.0104213 -2.57494e-07 -1.44143e-09 -2.57494e-07 1.03517e-06 
27
0
0
4.89689e-06
0.0120817 -0.000335766 -1.432e-09 -0.000335766 0.0104213 -2.57804e-07 -1.432e-09 -2.57804e-07 1.03518e-06 
28
0
0
-0.00127359
0.0120817 -0.000335782 -1.42925e-09 -0.000335782 0.0104214 -2.58082e-07 -1.42925e-09 -2.58082e-07 1.03518e-06 
29
0
0
-0.000104632
0.0120817 -0.000335809 -1.43111e-09 -0.000335809 0.0104214 -2.58327e-07 -1.43111e-09 -2.58327e-07 1.03519e-06 
30
0
0
-0.000159956
0.0120817 -0.000335801 -1.4134e-09 -0.000335801 0.0104214 -2.58541e-07 -1.4134e-09 -2.58541e-07 1.03519e-06 
31
0
0
-0.00144989
0.0120817 -0.000335799 -1.40098e-09 -0.000335799 0.0104214 -2.58726e-07 -1.40098e-09 -2.58726e-07 1.03519e-06 
32
0
0
-0.00246221
0.0120817 -0.000335819 -1.40326e-09 -0.000335819 0.0104214 -2.58886e-07 -1.40326e-09 -2.58886e-07 1.0352e-06 
33
0
0
-0.00206359
0.0120817 -0.000335843 -1.40793e-09 -0.000335843 0.0104214 -2.59023e-07 -1.40793e-09 -2.59023e-07 1.0352e-06 
34
0
0
-0.000615755
0.0120817 -0.000335846 -1.40107e-09 -0.000335846 0.0104214 -2.5914e-07 -1.40107e-09 -2.5914e-07 1.0352e-06 
35
0
0
-0.00209151
0.0120817 -0.000335824 -1.38282e-09 -0.000335824 0.0104214 -2.59237e-07 -1.38282e-09 -2.59237e-07 1.0352e-06 
36
0
0
-0.000997698
0.0120817 -0.000335839 -1.38719e-09 -0.000335839 0.0104214 -2.59321e-07 -1.38719e-09 -2.59321e-07 1.03521e-06 
37
0
0
0.00212784
0.0120817 -0.000335827 -1.37712e-09 -0.000335827 0.0104214 -2.59392e-07 -1.37712e-09 -2.59392e-07 1.03521e-06 
38
0
0
0.00376657
0.0120817 -0.000335774 -1.34551e-09 -0.000335774 0.0104214 -2.59456e-07 -1.34551e-09 -2.59456e-07 1.03521e-06 
39
0
0
0.00296965
0.0120818 -0.000335727 -1.3227e-09 -0.000335727 0.0104214 -2.59516e-07 -1.3227e-09 -2.59516e-07 1.03521e-06 
40
0
0
-0.00128497
0.0120818 -0.000335722 -1.32356e-09 -0.000335722 0.0104214 -2.59574e-07 -1.32356e-09 -2.59574e-07 1.03521e-06 
41
0
0
-0.00304346
0.0120817 -0.000335788 -1.35882e-09 -0.000335788 0.0104214 -2.5963e-07 -1.35882e-09 -2.5963e-07 1.03521e-06 
42
0
0
0.00033777
0.0120817 -0.000335841 -1.37974e-09 -0.000335841 0.0104214 -2.59677e-07 -1.37974e-09 -2.59677e-07 1.03521e-06 
43
0
0
0.000127769
0.0120817 -0.000335807 -1.34713e-09 -0.000335807 0.0104214 -2.5972e-07 -1.34713e-09 -2.5972e-07 1.03522e-06 
44
0
0
-0.00212624
0.0120817 -0.000335798 -1.33169e-09 -0.000335798 0.0104214 -2.59757e-07 -1.33169e-09 -2.59757e-07 1.03522e-06 
45
0
0
-0.00520326
0.0120817 -0.00033583 -1.33799e-09 -0.00033583 0.0104214 -2.59796e-07 -1.33799e-09 -2.59796e-07 1.03522e-06 
46
0
0
-0.00405682
0.0120817 -0.000335891 -1.36522e-09 -0.000335891 0.0104215 -2.59829e-07 -1.36522e-09 -2.59829e-07 1.03522e-06 
47
0
0
0.0030859
0.0120817 -0.000335896 -1.36707e-09 -0.000335896 0.0104215 -2.59851e-07 -1.36707e-09 -2.59851e-07 1.03522e-06 
48
0
0
0.00460459
0.0120817 -0.000335785 -1.30828e-09 -0.000335785 0.0104214 -2.59865e-07 -1.30828e-09 -2.59865e-07 1.03522e-06 
49
0
0
0.00231854
0.0120818 -0.000335718 -1.27152e-09 -0.000335718 0.0104214 -2.59868e-07 -1.27152e-09 -2.59868e-07 1.03522e-06 
50
0
0
0.00154828
0.0120818 -0.000335729 -1.2787e-09 -0.000335729 0.0104214 -2.59865e-07 -1.2787e-09 -2.59865e-07 1.03522e-06 
51
0
0
0.0033031
0.0120818 -0.000335746 -1.2995e-09 -0.000335746 0.0104214 -2.59867e-07 -1.2995e-09 -2.59867e-07 1.03522e-06 
52
0
0
0.00297432
0.0120818 -0.000335724 -1.29509e-09 -0.000335724 0.0104214 -2.59873e-07 -1.29509e-09 -2.59873e-07 1.03522e-06 
53
0
0
0.00138797
0.0120818 -0.000335721 -1.29554e-09 -0.000335721 0.0104214 -2.59882e-07 -1.29554e-09 -2.59882e-07 1.03522e-06 
54
0
0
-0.00149592
0.0120818 -0.000335745 -1.3106e-09 -0.000335745 0.0104214 -2.59891e-07 -1.3106e-09 -2.59891e-07 1.03522e-06 
55
0
0
-0.000725868
0.0120817 -0.0003358 -1.34727e-09 -0.0003358 0.0104214 -2.59902e-07 -1.34727e-09 -2.59902e-07 1.03522e-06 
56
0
0
-0.000582677
0.0120817 -0.000335809 -1.35568e-09 -0.000335809 0.0104214 -2.59916e-07 -1.35568e-09 -2.59916e-07 1.03522e-06 
57
0
0
-0.000834098
0.0120817 -0.00033581 -1.35431e-09 -0.00033581 0.0104214 -2.59929e-07 -1.35431e-09 -2.59929e-07 1.03522e-06 
58
0
0
-0.000497054
0.0120817 -0.000335814 -1.35173e-09 -0.000335814 0.0104214 -2.59935e-07 -1.35173e-09 -2.59935e-07 1.03522e-06 
59
0
0
0.000851761
0.0120817 -0.000335811 -1.34793e-09 -0.000335811 0.0104214 -2.59935e-07 -1.34793e-09 -2.59935e-07 1.03522e-06 
60
0
0
-0.000257019
0.0120817 -0.000335788 -1.33729e-09 -0.000335788 0.0104214 -2.59937e-07 -1.33729e-09 -2.59937e-07 1.03522e-06 
61
0
0
0.000458458
0.0120817 -0.000335797 -1.34154e-09 -0.000335797 0.0104214 -2.59939e-07 -1.34154e-09 -2.59939e-07 1.03522e-06 
62
0
0
0.000990579
0.0120817 -0.000335789 -1.33341e-09 -0.000335789 0.0104214 -2.5994e-07 -1.33341e-09 -2.5994e-07 1.03522e-06 
63
0
0
0.000297151
0.0120817 -0.000335777 -1.3257e-09 -0.000335777 0.0104214 -2.5994e-07 -1.3257e-09 -2.5994e-07 1.03522e-06 
64
0
0
-0.00051298
0.0120817 -0.000335784 -1.3297e-09 -0.000335784 0.0104214 -2.59941e-07 -1.3297e-09 -2.59941e-07 1.03522e-06 
65
0
0
0.000219007
0.0120817 -0.000335799 -1.33855e-09 -0.000335799 0.0104214 -2.59942e-07 -1.33855e-09 -2.59942e-07 1.03522e-06 
66
0
0
-0.000713762
0.0120817 -0.000335794 -1.33414e-09 -0.000335794 0.0104214 -2.59946e-07 -1.33414e-09 -2.59946e-07 1.03522e-06 
67
0
0
0.000506711
0.0120817 -0.000335806 -1.32686e-09 -0.000335806 0.0104214 -2.59945e-07 -1.32686e-09 -2.59945e-07 1.03522e-06 
68
0
0
0.000534677
0.0120817 -0.000335792 -1.30882e-09 -0.000335792 0.0104214 -2.59944e-07 -1.30882e-09 -2.59944e-07 1.03522e-06 
69
0
0
0.000578559
0.0120817 -0.000335786 -1.30076e-09 -0.000335786 0.0104214 -2.59943e-07 -1.30076e-09 -2.59943e-07 1.03522e-06 
70
0
0
-0.000914866
0.0120817 -0.000335783 -1.29659e-09 -0.000335783 0.0104214 -2.59943e-07 -1.29659e-09 -2.59943e-07 1.03522e-06 
71
0
0
-0.000986338
0.0120817 -0.000335805 -1.30648e-09 -0.000335805 0.0104214 -2.59943e-07 -1.30648e-09 -2.59943e-07 1.03522e-06 
72
0
0
-0.000855033
0.0120817 -0.000335815 -1.30944e-09 -0.000335815 0.0104214 -2.59944e-07 -1.30944e-09 -2.59944e-07 1.03522e-06 
73
0
0
0.000128236
0.0120817 -0.000335817 -1.30934e-09 -0.000335817 0.0104214 -2.59946e-07 -1.30934e-09 -2.59946e-07 1.03522e-06 
74
0
0
0.00136582
0.0120817 -0.000335802 -1.30071e-09 -0.000335802 0.0104214 -2.59947e-07 -1.30071e-09 -2.59947e-07 1.03522e-06 
75
0
0
0.000725097
0.0120817 -0.000335776 -1.29354e-09 -0.000335776 0.0104214 -2.59948e-07 -1.29354e-09 -2.59948e-07 1.03522e-06 
76
0
0
-0.000164571
0.0120817 -0.000335777 -1.29847e-09 -0.000335777 0.0104214 -2.59948e-07 -1.29847e-09 -2.59948e-07 1.03522e-06 
77
0
0
-0.000541227
0.0120817 -0.000335791 -1.3084e-09 -0.000335791 0.0104214 -2.59948e-07 -1.3084e-09 -2.59948e-07 1.03522e-06 
78
0
0
0.000326567
0.0120817 -0.000335803 -1.31529e-09 -0.000335803 0.0104214 -2.59949e-07 -1.31529e-09 -2.59949e-07 1.03522e-06 
79
0
0
0.000174235
0.0120817 -0.000335793 -1.31068e-09 -0.000335793 0.0104214 -2.5995e-07 -1.31068e-09 -2.5995e-07 1.03522e-06 
80
0
0
7.9446e-05
0.0120817 -0.000335792 -1.31075e-09 -0.000335792 0.0104214 -2.59951e-07 -1.31075e-09 -2.59951e-07 1.03522e-06 
81
0
0
0.000192973
0.0120817 -0.000335793 -1.31214e-09 -0.000335793 0.0104214 -2.59951e-07 -1.31214e-09 -2.59951e-07 1.03522e-06 
82
0
0
0.000123632
0.0120817 -0.000335792 -1.31209e-09 -0.000335792 0.0104214 -2.5995e-07 -1.31209e-09 -2.5995e-07 1.03522e-06 
83
0
0
-0.00133387
0.0120817 -0.000335792 -1.31195e-09 -0.000335792 0.0104214 -2.5995e-07 -1.31195e-09 -2.5995e-07 1.03522e-06 
84
0
0
-0.000982097
0.0120817 -0.000335815 -1.32426e-09 -0.000335815 0.0104214 -2.59951e-07 -1.32426e-09 -2.59951e-07 1.03522e-06 
85
0
0
-0.00087005
0.0120817 -0.000335819 -1.32484e-09 -0.000335819 0.0104214 -2.59953e-07 -1.32484e-09 -2.59953e-07 1.03522e-06 
86
0
0
-0.000503397
0.0120817 -0.000335818 -1.3237e-09 -0.000335818 0.0104214 -2.59955e-07 -1.3237e-09 -2.59955e-07 1.03522e-06 
87
0
0
-0.000272939
0.0120817 -0.000335812 -1.3197e-09 -0.000335812 0.0104214 -2.59956e-07 -1.3197e-09 -2.59956e-07 1.03522e-06 
88
0
0
-0.000602718
0.0120817 -0.000335806 -1.31575e-09 -0.000335806 0.0104214 -2.59956e-07 -1.31575e-09 -2.59956e-07 1.03522e-06 
89
0
0
-0.00100226
0.0120817 -0.000335809 -1.31627e-09 -0.000335809 0.0104214 -2.59956e-07 -1.31627e-09 -2.59956e-07 1.03522e-06 
90
0
0
-0.000667884
0.0120817 -0.000335817 -1.32005e-09 -0.000335817 0.0104214 -2.59955e-07 -1.32005e-09 -2.59955e-07 1.03522e-06 
91
0
0
-0.000559886
0.0120817 -0.000335814 -1.32559e-09 -0.000335814 0.0104214 -2.59949e-07 -1.32559e-09 -2.59949e-07 1.03522e-06 
92
0
0
2.11927e-05
0.0120817 -0.000335812 -1.3293e-09 -0.000335812 0.0104214 -2.59945e-07 -1.3293e-09 -2.59945e-07 1.03522e-06 
93
0
0
-2.66957e-05
0.0120817 -0.000335801 -1.32669e-09 -0.000335801 0.0104214 -2.59944e-07 -1.32669e-09 -2.59944e-07 1.03522e-06 
94
0
0
0.000202413
0.0120817 -0.000335798 -1.32662e-09 -0.000335798 0.0104214 -2.59943e-07 -1.32662e-09 -2.59943e-07 1.03522e-06 
95
0
0
-0.000139833
0.0120817 -0.000335793 -1.32471e-09 -0.000335793 0.0104214 -2.59943e-07 -1.32471e-09 -2.59943e-07 1.03522e-06 
96
0
0
-0.000269851
0.0120817 -0.000335797 -1.32654e-09 -0.000335797 0.0104214 -2.59943e-07 -1.32654e-09 -2.59943e-07 1.03522e-06 
97
0
0
-0.000539997
0.0120817 -0.0003358 -1.32715e-09 -0.0003358 0.0104214 -2.59944e-07 -1.32715e-09 -2.59944e-07 1.03522e-06 
98
0
0
6.44708e-05
0.0120817 -0.000335806 -1.32854e-09 -0.000335806 0.0104214 -2.59944e-07 -1.32854e-09 -2.59944e-07 1.03522e-06 
99
0
0
0.00105304
0.0120817 -0.000335799 -1.33002e-09 -0.000335799 0.0104214 -2.59944e-07 -1.33002e-09 -2.59944e-07 1.03522e-06 
100
0
0
0.000751028
0.0120817 -0.00033578 -1.32469e-09 -0.00033578 0.0104214 -2.59943e-07 -1.32469e-09 -2.59943e-07 1.03522e-06 
101
0
0
7.47887e-05
0.0120817 -0.000335778 -1.32726e-09 -0.000335778 0.0104214 -2.59943e-07 -1.32726e-09 -2.59943e-07 1.03522e-06 
102
0
0
2.5561e-05
0.0120817 -0.000335788 -1.33495e-09 -0.000335788 0.0104214 -2.59942e-07 -1.33495e-09 -2.59942e-07 1.03522e-06 
103
0
0
0.000188579
0.0120817 -0.000335792 -1.33824e-09 -0.000335792 0.0104214 -2.59942e-07 -1.33824e-09 -2.59942e-07 1.03522e-06 
104
0
0
-0.000341222
0.0120817 -0.000335791 -1.33786e-09 -0.000335791 0.0104214 -2.59943e-07 -1.33786e-09 -2.59943e-07 1.03522e-06 
105
0
0
6.63891e-05
0.0120817 -0.000335799 -1.34241e-09 -0.000335799 0.0104214 -2.59944e-07 -1.34241e-09 -2.59944e-07 1.03522e-06 
106
0
0
-9.45925e-06
0.0120817 -0.000335796 -1.34058e-09 -0.000335796 0.0104214 -2.59944e-07 -1.34058e-09 -2.59944e-07 1.03522e-06 
107
0
0
0.000415552
0.0120817 -0.000335796 -1.33709e-09 -0.000335796 0.0104214 -2.59946e-07 -1.33709e-09 -2.59946e-07 1.03522e-06 
108
0
0
-0.000318656
0.0120817 -0.000335789 -1.3309e-09 -0.000335789 0.0104214 -2.59948e-07 -1.3309e-09 -2.59948e-07 1.03522e-06 
109
0
0
-0.000220505
0.0120817 -0.000335798 -1.33484e-09 -0.000335798 0.0104214 -2.59949e-07 -1.33484e-09 -2.59949e-07 1.03522e-06 
110
0
0
-9.4497e-05
0.0120817 -0.0003358 -1.335e-09 -0.0003358 0.0104214 -2.59951e-07 -1.335e-09 -2.59951e-07 1.03522e-06 
111
0
0
0.000258232
0.0120817 -0.000335799 -1.33273e-09 -0.000335799 0.0104214 -2.59951e-07 -1.33273e-09 -2.59951e-07 1.03522e-06 
112
0
0
0.00141885
0.0120817 -0.000335793 -1.32809e-09 -0.000335793 0.0104214 -2.59951e-07 -1.32809e-09 -2.59951e-07 1.03522e-06 
113
0
0
0.00018711
0.0120818 -0.000335772 -1.31632e-09 -0.000335772 0.0104214 -2.5995e-07 -1.31632e-09 -2.5995e-07 1.03522e-06 
114
0
0
-0.000751388
0.0120817 -0.000335784 -1.32301e-09 -0.000335784 0.0104214 -2.5995e-07 -1.32301e-09 -2.5995e-07 1.03522e-06 
115
0
0
0.00019041
0.0120817 -0.000335803 -1.33267e-09 -0.000335803 0.0104214 -2.59949e-07 -1.33267e-09 -2.59949e-07 1.03522e-06 
116
0
0
-0.000553148
0.0120817 -0.000335795 -1.32714e-09 -0.000335795 0.0104214 -2.5995e-07 -1.32714e-09 -2.5995e-07 1.03522e-06 
117
0
0
0.000213588
0.0120817 -0.000335804 -1.33077e-09 -0.000335804 0.0104214 -2.59949e-07 -1.33077e-09 -2.59949e-07 1.03522e-06 
118
0
0
-1.65391e-05
0.0120817 -0.000335796 -1.32443e-09 -0.000335796 0.0104214 -2.59949e-07 -1.32443e-09 -2.59949e-07 1.03522e-06 
119
0
0
-0.000180092
0.0120817 -0.000335796 -1.32368e-09 -0.000335796 0.0104214 -2.59948e-07 -1.32368e-09 -2.59948e-07 1.03522e-06 
120
0
0
0.00057343
0.0120817 -0.000335799 -1.324e-09 -0.000335799 0.0104214 -2.59947e-07 -1.324e-09 -2.59947e-07 1.03522e-06 
121
0
0
-7.40862e-05
0.0120817 -0.000335788 -1.31642e-09 -0.000335788 0.0104214 -2.59947e-07 -1.31642e-09 -2.59947e-07 1.03522e-06 
122
0
0
-0.000235979
0.0120817 -0.000335794 -1.31873e-09 -0.000335794 0.0104214 -2.59948e-07 -1.31873e-09 -2.59948e-07 1.03522e-06 
123
0
0
0.000127887
0.0120817 -0.000335799 -1.32124e-09 -0.000335799 0.0104214 -2.59946e-07 -1.32124e-09 -2.59946e-07 1.03522e-06 
124
0
0
0.00123756
0.0120817 -0.000335795 -1.31926e-09 -0.000335795 0.0104214 -2.59945e-07 -1.31926e-09 -2.59945e-07 1.03522e-06 
125
0
0
0.00036578
0.0120817 -0.000335776 -1.30901e-09 -0.000335776 0.0104214 -2.59944e-07 -1.30901e-09 -2.59944e-07 1.03522e-06 
126
0
0
-0.000664397
0.0120817 -0.000335782 -1.3123e-09 -0.000335782 0.0104214 -2.59943e-07 -1.3123e-09 -2.59943e-07 1.03522e-06 
127
0
0
0.000870165
0.0120817 -0.000335801 -1.3214e-09 -0.000335801 0.0104214 -2.59942e-07 -1.3214e-09 -2.59942e-07 1.03522e-06 
128
0
0
0.000999456
0.0120817 -0.000335784 -1.31037e-09 -0.000335784 0.0104214 -2.59942e-07 -1.31037e-09 -2.59942e-07 1.03522e-06 
129
0
0
0.000115079
0.0120817 -0.000335775 -1.30524e-09 -0.000335775 0.0104214 -2.59942e-07 -1.30524e-09 -2.59942e-07 1.03522e-06 
130
0
0
0.000494817
0.0120817 -0.000335786 -1.31069e-09 -0.000335786 0.0104214 -2.59943e-07 -1.31069e-09 -2.59943e-07 1.03522e-06 
131
0
0
0.00109911
0.0120817 -0.000335784 -1.30627e-09 -0.000335784 0.0104214 -2.59942e-07 -1.30627e-09 -2.59942e-07 1.03522e-06 
132
0
0
0.000896585
0.0120818 -0.000335774 -1.29839e-09 -0.000335774 0.0104214 -2.59942e-07 -1.29839e-09 -2.59942e-07 1.03522e-06 
133
0
0
0.00060009
0.0120818 -0.000335773 -1.29632e-09 -0.000335773 0.0104214 -2.59942e-07 -1.29632e-09 -2.59942e-07 1.03522e-06 
134
0
0
0.000666673
0.0120817 -0.000335778 -1.29731e-09 -0.000335778 0.0104214 -2.59941e-07 -1.29731e-09 -2.59941e-07 1.03522e-06 
135
0
0
-3.82653e-05
0.0120817 -0.000335778 -1.29678e-09 -0.000335778 0.0104214 -2.59941e-07 -1.29678e-09 -2.59941e-07 1.03522e-06 
136
0
0
0.000406648
0.0120817 -0.00033579 -1.30165e-09 -0.00033579 0.0104214 -2.59941e-07 -1.30165e-09 -2.59941e-07 1.03522e-06 
137
0
0
-0.000738058
0.0120817 -0.000335787 -1.29901e-09 -0.000335787 0.0104214 -2.59941e-07 -1.29901e-09 -2.59941e-07 1.03522e-06 
138
0
0
-0.000991538
0.0120817 -0.000335804 -1.30669e-09 -0.000335804 0.0104214 -2.59942e-07 -1.30669e-09 -2.59942e-07 1.03522e-06 
139
0
0
-2.16061e-05
0.0120817 -0.000335815 -1.3127e-09 -0.000335815 0.0104214 -2.59941e-07 -1.3127e-09 -2.59941e-07 1.03522e-06 
140
0
0
-6.11921e-06
0.0120817 -0.000335803 -1.30691e-09 -0.000335803 0.0104214 -2.59938e-07 -1.30691e-09 -2.59938e-07 1.03522e-06 
141
0
0
-7.56413e-05
0.0120817 -0.000335799 -1.30542e-09 -0.000335799 0.0104214 -2.59935e-07 -1.30542e-09 -2.59935e-07 1.03522e-06 
142
0
0
0.000552026
0.0120817 -0.000335798 -1.30563e-09 -0.000335798 0.0104214 -2.59933e-07 -1.30563e-09 -2.59933e-07 1.03522e-06 
143
0
0
-0.000328854
0.0120817 -0.000335788 -1.30014e-09 -0.000335788 0.0104214 -2.59933e-07 -1.30014e-09 -2.59933e-07 1.03522e-06 
144
0
0
4.51074e-05
0.0120817 -0.000335798 -1.30508e-09 -0.000335798 0.0104214 -2.59935e-07 -1.30508e-09 -2.59935e-07 1.03522e-06 
145
0
0
-0.000672464
0.0120817 -0.000335796 -1.30273e-09 -0.000335796 0.0104214 -2.59937e-07 -1.30273e-09 -2.59937e-07 1.03522e-06 
146
0
0
-8.32485e-05
0.0120817 -0.000335806 -1.30788e-09 -0.000335806 0.0104214 -2.59938e-07 -1.30788e-09 -2.59938e-07 1.03522e-06 
147
0
0
0.000945214
0.0120817 -0.000335801 -1.30216e-09 -0.000335801 0.0104214 -2.59938e-07 -1.30216e-09 -2.59938e-07 1.03522e-06 
148
0
0
-0.000158821
0.0120817 -0.000335783 -1.29086e-09 -0.000335783 0.0104214 -2.59937e-07 -1.29086e-09 -2.59937e-07 1.03522e-06 
149
0
0
8.62763e-05
0.0120817 -0.000335793 -1.29476e-09 -0.000335793 0.0104214 -2.59935e-07 -1.29476e-09 -2.59935e-07 1.03522e-06 
150
0
0
0.00070635
0.0120817 -0.000335793 -1.29319e-09 -0.000335793 0.0104214 -2.59933e-07 -1.29319e-09 -2.59933e-07 1.03522e-06 
151
0
0
-0.000545758
0.0120817 -0.000335784 -1.28555e-09 -0.000335784 0.0104214 -2.59934e-07 -1.28555e-09 -2.59934e-07 1.03522e-06 
152
0
0
0.000161628
0.0120817 -0.0003358 -1.29378e-09 -0.0003358 0.0104214 -2.59932e-07 -1.29378e-09 -2.59932e-07 1.03522e-06 
153
0
0
0.000291694
0.0120817 -0.000335795 -1.28931e-09 -0.000335795 0.0104214 -2.59934e-07 -1.28931e-09 -2.59934e-07 1.03522e-06 
154
0
0
-0.000156427
0.0120817 -0.000335791 -1.28633e-09 -0.000335791 0.0104214 -2.59934e-07 -1.28633e-09 -2.59934e-07 1.03522e-06 
155
0
0
-0.00148605
0.0120817 -0.000335796 -1.28821e-09 -0.000335796 0.0104214 -2.59934e-07 -1.28821e-09 -2.59934e-07 1.03522e-06 
156
0
0
-0.000915853
0.0120817 -0.000335819 -1.29067e-09 -0.000335819 0.0104214 -2.59935e-07 -1.29067e-09 -2.59935e-07 1.03522e-06 
157
0
0
-0.000336142
0.0120817 -0.000335819 -1.2834e-09 -0.000335819 0.0104214 -2.59937e-07 -1.2834e-09 -2.59937e-07 1.03522e-06 
158
0
0
-0.00148666
0.0120817 -0.00033581 -1.27399e-09 -0.00033581 0.0104214 -2.59938e-07 -1.27399e-09 -2.59938e-07 1.03522e-06 
159
0
0
0.000421995
0.0120817 -0.000335825 -1.27932e-09 -0.000335825 0.0104214 -2.59938e-07 -1.27932e-09 -2.59938e-07 1.03522e-06 
160
0
0
0.000233662
0.0120817 -0.0003358 -1.26304e-09 -0.0003358 0.0104214 -2.5994e-07 -1.26304e-09 -2.5994e-07 1.03522e-06 
161
0
0
0.000210504
0.0120817 -0.000335794 -1.25844e-09 -0.000335794 0.0104214 -2.5994e-07 -1.25844e-09 -2.5994e-07 1.03522e-06 
162
0
0
-0.000111836
0.0120817 -0.000335792 -1.25641e-09 -0.000335792 0.0104214 -2.59938e-07 -1.25641e-09 -2.59938e-07 1.03522e-06 
163
0
0
0.00140904
0.0120817 -0.000335796 -1.27645e-09 -0.000335796 0.0104214 -2.5993e-07 -1.27645e-09 -2.5993e-07 1.03522e-06 
164
0
0
0.000498741
0.0120817 -0.000335773 -1.27621e-09 -0.000335773 0.0104214 -2.59923e-07 -1.27621e-09 -2.59923e-07 1.03522e-06 
165
0
0
-0.00107207
0.0120817 -0.000335779 -1.28743e-09 -0.000335779 0.0104214 -2.59919e-07 -1.28743e-09 -2.59919e-07 1.03522e-06 
166
0
0
-0.000576878
0.0120817 -0.000335806 -1.30581e-09 -0.000335806 0.0104214 -2.5992e-07 -1.30581e-09 -2.5992e-07 1.03522e-06 
167
0
0
-0.0012125
0.0120817 -0.000335809 -1.3082e-09 -0.000335809 0.0104214 -2.59923e-07 -1.3082e-09 -2.59923e-07 1.03522e-06 
168
0
0
-0.000121961
0.0120817 -0.00033582 -1.31297e-09 -0.00033582 0.0104214 -2.59925e-07 -1.31297e-09 -2.59925e-07 1.03522e-06 
169
0
0
0.000822793
0.0120817 -0.000335807 -1.30414e-09 -0.000335807 0.0104214 -2.59923e-07 -1.30414e-09 -2.59923e-07 1.03522e-06 
170
0
0
-0.000137003
0.0120817 -0.000335787 -1.29493e-09 -0.000335787 0.0104214 -2.59923e-07 -1.29493e-09 -2.59923e-07 1.03522e-06 
171
0
0
-0.000874354
0.0120817 -0.000335794 -1.30582e-09 -0.000335794 0.0104214 -2.59922e-07 -1.30582e-09 -2.59922e-07 1.03522e-06 
172
0
0
0.000360829
0.0120817 -0.000335809 -1.31638e-09 -0.000335809 0.0104214 -2.5992e-07 -1.31638e-09 -2.5992e-07 1.03522e-06 
173
0
0
0.000357887
0.0120817 -0.000335795 -1.30928e-09 -0.000335795 0.0104214 -2.5992e-07 -1.30928e-09 -2.5992e-07 1.03522e-06 
174
0
0
0.000263607
0.0120817 -0.00033579 -1.30664e-09 -0.00033579 0.0104214 -2.59918e-07 -1.30664e-09 -2.59918e-07 1.03522e-06 
175
0
0
0.00120653
0.0120817 -0.000335789 -1.30711e-09 -0.000335789 0.0104214 -2.59916e-07 -1.30711e-09 -2.59916e-07 1.03522e-06 
176
0
0
0.00139719
0.0120817 -0.000335774 -1.30001e-09 -0.000335774 0.0104214 -2.59913e-07 -1.30001e-09 -2.59913e-07 1.03522e-06 
177
0
0
0.000151008
0.0120818 -0.000335765 -1.29665e-09 -0.000335765 0.0104214 -2.59912e-07 -1.29665e-09 -2.59912e-07 1.03522e-06 
178
0
0
-0.000199909
0.0120817 -0.000335782 -1.3062e-09 -0.000335782 0.0104214 -2.59912e-07 -1.3062e-09 -2.59912e-07 1.03522e-06 
179
0
0
0.000184744
0.0120817 -0.000335794 -1.31821e-09 -0.000335794 0.0104214 -2.59915e-07 -1.31821e-09 -2.59915e-07 1.03522e-06 
180
0
0
-0.000324795
0.0120817 -0.000335792 -1.32004e-09 -0.000335792 0.0104214 -2.59917e-07 -1.32004e-09 -2.59917e-07 1.03522e-06 
181
0
0
-0.000576322
0.0120817 -0.000335799 -1.3255e-09 -0.000335799 0.0104214 -2.59919e-07 -1.3255e-09 -2.59919e-07 1.03522e-06 
182
0
0
-0.00126105
0.0120817 -0.000335806 -1.32937e-09 -0.000335806 0.0104214 -2.5992e-07 -1.32937e-09 -2.5992e-07 1.03522e-06 
183
0
0
0.000146569
0.0120817 -0.00033582 -1.33633e-09 -0.00033582 0.0104214 -2.59922e-07 -1.33633e-09 -2.59922e-07 1.03522e-06 
184
0
0
0.000584407
0.0120817 -0.000335802 -1.3267e-09 -0.000335802 0.0104214 -2.59923e-07 -1.3267e-09 -2.59923e-07 1.03522e-06 
185
0
0
0.000899429
0.0120817 -0.000335789 -1.31989e-09 -0.000335789 0.0104214 -2.59923e-07 -1.31989e-09 -2.59923e-07 1.03522e-06 
186
0
0
0.000578974
0.0120817 -0.000335779 -1.31407e-09 -0.000335779 0.0104214 -2.59922e-07 -1.31407e-09 -2.59922e-07 1.03522e-06 
187
0
0
-0.000991732
0.0120817 -0.00033578 -1.32056e-09 -0.00033578 0.0104214 -2.59921e-07 -1.32056e-09 -2.59921e-07 1.03522e-06 
188
0
0
-0.00021105
0.0120817 -0.000335805 -1.33852e-09 -0.000335805 0.0104214 -2.5992e-07 -1.33852e-09 -2.5992e-07 1.03522e-06 
189
0
0
0.000599126
0.0120817 -0.000335803 -1.33868e-09 -0.000335803 0.0104214 -2.59919e-07 -1.33868e-09 -2.59919e-07 1.03522e-06 
190
0
0
0.000271259
0.0120817 -0.000335789 -1.33178e-09 -0.000335789 0.0104214 -2.59918e-07 -1.33178e-09 -2.59918e-07 1.03522e-06 
191
0
0
0.000426895
0.0120817 -0.000335789 -1.33277e-09 -0.000335789 0.0104214 -2.59918e-07 -1.33277e-09 -2.59918e-07 1.03522e-06 
192
0
0
-0.000762374
0.0120817 -0.000335786 -1.33198e-09 -0.000335786 0.0104214 -2.59919e-07 -1.33198e-09 -2.59919e-07 1.03522e-06 
193
0
0
0.000535646
0.0120817 -0.000335804 -1.34179e-09 -0.000335804 0.0104214 -2.59919e-07 -1.34179e-09 -2.59919e-07 1.03522e-06 
194
0
0
0.000583527
0.0120817 -0.00033579 -1.33323e-09 -0.00033579 0.0104214 -2.59919e-07 -1.33323e-09 -2.59919e-07 1.03522e-06 
195
0
0
0.000181549
0.0120817 -0.000335784 -1.33192e-09 -0.000335784 0.0104214 -2.5992e-07 -1.33192e-09 -2.5992e-07 1.03522e-06 
196
0
0
0.00034702
0.0120817 -0.000335788 -1.33406e-09 -0.000335788 0.0104214 -2.5992e-07 -1.33406e-09 -2.5992e-07 1.03522e-06 
197
0
0
-0.000157801
0.0120817 -0.000335787 -1.33329e-09 -0.000335787 0.0104214 -2.59919e-07 -1.33329e-09 -2.59919e-07 1.03522e-06 
198
0
0
-0.000288891
0.0120817 -0.000335795 -1.33756e-09 -0.000335795 0.0104214 -2.59919e-07 -1.33756e-09 -2.59919e-07 1.03522e-06 
199
0
0
-0.000445604
0.0120817 -0.0003358 -1.3394e-09 -0.0003358 0.0104214 -2.59919e-07 -1.3394e-09 -2.59919e-07 1.03522e-06 
200
0
0
9.32822e-05
0.0120817 -0.000335804 -1.34109e-09 -0.000335804 0.0104214 -2.59919e-07 -1.34109e-09 -2.59919e-07 1.03522e-06 
201
0
0
0.000370476
0.0120817 -0.000335798 -1.33751e-09 -0.000335798 0.0104214 -2.59918e-07 -1.33751e-09 -2.59918e-07 1.03522e-06 
202
0
0
9.89864e-07
0.0120817 -0.00033579 -1.33391e-09 -0.00033579 0.0104214 -2.59919e-07 -1.33391e-09 -2.59919e-07 1.03522e-06 
203
0
0
-0.00126967
0.0120817 -0.000335794 -1.34596e-09 -0.000335794 0.0104214 -2.59919e-07 -1.34596e-09 -2.59919e-07 1.03522e-06 
204
0
0
-0.000303417
0.0120817 -0.000335815 -1.36459e-09 -0.000335815 0.0104214 -2.59919e-07 -1.36459e-09 -2.59919e-07 1.03522e-06 
205
0
0
0.000908216
0.0120817 -0.000335808 -1.3637e-09 -0.000335808 0.0104214 -2.59918e-07 -1.3637e-09 -2.59918e-07 1.03522e-06 
206
0
0
0.000122922
0.0120817 -0.000335786 -1.35379e-09 -0.000335786 0.0104214 -2.59918e-07 -1.35379e-09 -2.59918e-07 1.03522e-06 
207
0
0
0.000127941
0.0120817 -0.00033579 -1.35817e-09 -0.00033579 0.0104214 -2.59918e-07 -1.35817e-09 -2.59918e-07 1.03522e-06 
208
0
0
-9.26228e-06
0.0120817 -0.000335791 -1.35969e-09 -0.000335791 0.0104214 -2.59919e-07 -1.35969e-09 -2.59919e-07 1.03522e-06 
209
0
0
-0.00090611
0.0120817 -0.000335794 -1.3606e-09 -0.000335794 0.0104214 -2.5992e-07 -1.3606e-09 -2.5992e-07 1.03522e-06 
210
0
0
0.000130818
0.0120817 -0.000335809 -1.36804e-09 -0.000335809 0.0104214 -2.5992e-07 -1.36804e-09 -2.5992e-07 1.03522e-06 
211
0
0
-0.000657597
0.0120817 -0.000335799 -1.35928e-09 -0.000335799 0.0104214 -2.59919e-07 -1.35928e-09 -2.59919e-07 1.03522e-06 
212
0
0
0.000246891
0.0120817 -0.000335807 -1.36274e-09 -0.000335807 0.0104214 -2.59918e-07 -1.36274e-09 -2.59918e-07 1.03522e-06 
213
0
0
0.000272916
0.0120817 -0.000335796 -1.35462e-09 -0.000335796 0.0104214 -2.59918e-07 -1.35462e-09 -2.59918e-07 1.03522e-06 
214
0
0
0.000716403
0.0120817 -0.000335792 -1.35053e-09 -0.000335792 0.0104214 -2.59917e-07 -1.35053e-09 -2.59917e-07 1.03522e-06 
215
0
0
-0.000455665
0.0120817 -0.000335783 -1.34443e-09 -0.000335783 0.0104214 -2.59917e-07 -1.34443e-09 -2.59917e-07 1.03522e-06 
216
0
0
0.000195047
0.0120817 -0.000335798 -1.35172e-09 -0.000335798 0.0104214 -2.59917e-07 -1.35172e-09 -2.59917e-07 1.03522e-06 
217
0
0
5.06337e-05
0.0120817 -0.000335793 -1.34724e-09 -0.000335793 0.0104214 -2.59917e-07 -1.34724e-09 -2.59917e-07 1.03522e-06 
218
0
0
0.000364963
0.0120817 -0.000335794 -1.34634e-09 -0.000335794 0.0104214 -2.59918e-07 -1.34634e-09 -2.59918e-07 1.03522e-06 
219
0
0
4.32963e-06
0.0120817 -0.000335789 -1.33566e-09 -0.000335789 0.0104214 -2.59921e-07 -1.33566e-09 -2.59921e-07 1.03522e-06 
220
0
0
-0.000374067
0.0120817 -0.000335793 -1.33232e-09 -0.000335793 0.0104214 -2.59921e-07 -1.33232e-09 -2.59921e-07 1.03522e-06 
221
0
0
0.000294436
0.0120817 -0.000335801 -1.33252e-09 -0.000335801 0.0104214 -2.59922e-07 -1.33252e-09 -2.59922e-07 1.03522e-06 
222
0
0
-0.000652022
0.0120817 -0.000335793 -1.32432e-09 -0.000335793 0.0104214 -2.59921e-07 -1.32432e-09 -2.59921e-07 1.03522e-06 
223
0
0
-3.62115e-05
0.0120817 -0.000335805 -1.3285e-09 -0.000335805 0.0104214 -2.59921e-07 -1.3285e-09 -2.59921e-07 1.03522e-06 
224
0
0
-0.000871902
0.0120817 -0.0003358 -1.32482e-09 -0.0003358 0.0104214 -2.59922e-07 -1.32482e-09 -2.59922e-07 1.03522e-06 
225
0
0
-0.000431934
0.0120817 -0.000335811 -1.33129e-09 -0.000335811 0.0104214 -2.59923e-07 -1.33129e-09 -2.59923e-07 1.03522e-06 
226
0
0
0.00044491
0.0120817 -0.000335808 -1.32879e-09 -0.000335808 0.0104214 -2.59922e-07 -1.32879e-09 -2.59922e-07 1.03522e-06 
227
0
0
-0.000147981
0.0120817 -0.000335793 -1.32201e-09 -0.000335793 0.0104214 -2.59925e-07 -1.32201e-09 -2.59925e-07 1.03522e-06 
228
0
0
-0.000874225
0.0120817 -0.000335797 -1.3245e-09 -0.000335797 0.0104214 -2.59926e-07 -1.3245e-09 -2.59926e-07 1.03522e-06 
229
0
0
0.000511678
0.0120817 -0.00033581 -1.33086e-09 -0.00033581 0.0104214 -2.59926e-07 -1.33086e-09 -2.59926e-07 1.03522e-06 
230
0
0
-5.74586e-05
0.0120817 -0.000335793 -1.32116e-09 -0.000335793 0.0104214 -2.59926e-07 -1.32116e-09 -2.59926e-07 1.03522e-06 
231
0
0
-0.000434995
0.0120817 -0.000335796 -1.32175e-09 -0.000335796 0.0104214 -2.59927e-07 -1.32175e-09 -2.59927e-07 1.03522e-06 
232
0
0
-0.00058599
0.0120817 -0.000335803 -1.32587e-09 -0.000335803 0.0104214 -2.59928e-07 -1.32587e-09 -2.59928e-07 1.03522e-06 
233
0
0
-0.000723961
0.0120817 -0.000335808 -1.32834e-09 -0.000335808 0.0104214 -2.59929e-07 -1.32834e-09 -2.59929e-07 1.03522e-06 
234
0
0
-0.000330608
0.0120817 -0.000335812 -1.32957e-09 -0.000335812 0.0104214 -2.59928e-07 -1.32957e-09 -2.59928e-07 1.03522e-06 
235
0
0
0.000297724
0.0120817 -0.000335807 -1.32541e-09 -0.000335807 0.0104214 -2.59927e-07 -1.32541e-09 -2.59927e-07 1.03522e-06 
236
0
0
-0.000112268
0.0120817 -0.000335795 -1.31619e-09 -0.000335795 0.0104214 -2.59922e-07 -1.31619e-09 -2.59922e-07 1.03522e-06 
237
0
0
-0.000434543
0.0120817 -0.000335797 -1.3156e-09 -0.000335797 0.0104214 -2.59919e-07 -1.3156e-09 -2.59919e-07 1.03522e-06 
238
0
0
0.000315037
0.0120817 -0.000335803 -1.31679e-09 -0.000335803 0.0104214 -2.59917e-07 -1.31679e-09 -2.59917e-07 1.03522e-06 
239
0
0
-0.000103961
0.0120817 -0.000335794 -1.30908e-09 -0.000335794 0.0104214 -2.59917e-07 -1.30908e-09 -2.59917e-07 1.03522e-06 
240
0
0
-0.00117066
0.0120817 -0.000335797 -1.30943e-09 -0.000335797 0.0104214 -2.59916e-07 -1.30943e-09 -2.59916e-07 1.03522e-06 
241
0
0
0.000109295
0.0120817 -0.000335815 -1.31817e-09 -0.000335815 0.0104214 -2.59917e-07 -1.31817e-09 -2.59917e-07 1.03522e-06 
242
0
0
0.000199987
0.0120817 -0.000335801 -1.30943e-09 -0.000335801 0.0104214 -2.59919e-07 -1.30943e-09 -2.59919e-07 1.03522e-06 
243
0
0
-9.25786e-05
0.0120817 -0.000335795 -1.30571e-09 -0.000335795 0.0104214 -2.59917e-07 -1.30571e-09 -2.59917e-07 1.03522e-06 
244
0
0
0.00102929
0.0120817 -0.000335797 -1.30511e-09 -0.000335797 0.0104214 -2.59915e-07 -1.30511e-09 -2.59915e-07 1.03522e-06 
245
0
0
0.000295275
0.0120817 -0.00033578 -1.29616e-09 -0.00033578 0.0104214 -2.5991e-07 -1.29616e-09 -2.5991e-07 1.03522e-06 
246
0
0
-0.00154349
0.0120817 -0.000335785 -1.299e-09 -0.000335785 0.0104214 -2.59909e-07 -1.299e-09 -2.59909e-07 1.03522e-06 
247
0
0
-0.00104464
0.0120817 -0.000335816 -1.3141e-09 -0.000335816 0.0104214 -2.5991e-07 -1.3141e-09 -2.5991e-07 1.03522e-06 
248
0
0
-0.000166237
0.0120817 -0.00033582 -1.31506e-09 -0.00033582 0.0104214 -2.59912e-07 -1.31506e-09 -2.59912e-07 1.03522e-06 
249
0
0
-0.000532564
0.0120817 -0.000335808 -1.30776e-09 -0.000335808 0.0104214 -2.59916e-07 -1.30776e-09 -2.59916e-07 1.03522e-06 
250
0
0
0.000165561
0.0120817 -0.000335809 -1.30685e-09 -0.000335809 0.0104214 -2.59914e-07 -1.30685e-09 -2.59914e-07 1.03522e-06 
251
0
0
0.000838539
0.0120817 -0.000335798 -1.30316e-09 -0.000335798 0.0104214 -2.59917e-07 -1.30316e-09 -2.59917e-07 1.03522e-06 
252
0
0
5.38721e-05
0.0120817 -0.000335783 -1.29704e-09 -0.000335783 0.0104214 -2.59919e-07 -1.29704e-09 -2.59919e-07 1.03522e-06 
253
0
0
0.000119288
0.0120817 -0.00033579 -1.30254e-09 -0.00033579 0.0104214 -2.5992e-07 -1.30254e-09 -2.5992e-07 1.03522e-06 
254
0
0
-0.000246994
0.0120817 -0.000335792 -1.30353e-09 -0.000335792 0.0104214 -2.59921e-07 -1.30353e-09 -2.59921e-07 1.03522e-06 
255
0
0
-0.000373888
0.0120817 -0.000335798 -1.30566e-09 -0.000335798 0.0104214 -2.59921e-07 -1.30566e-09 -2.59921e-07 1.03522e-06 
256
0
0
0.00018524
0.0120817 -0.000335803 -1.30707e-09 -0.000335803 0.0104214 -2.5992e-07 -1.30707e-09 -2.5992e-07 1.03522e-06 
257
0
0
0.000177094
0.0120817 -0.000335795 -1.30265e-09 -0.000335795 0.0104214 -2.59919e-07 -1.30265e-09 -2.59919e-07 1.03522e-06 
258
0
0
1.23516e-05
0.0120817 -0.000335793 -1.30117e-09 -0.000335793 0.0104214 -2.59919e-07 -1.30117e-09 -2.59919e-07 1.03522e-06 
259
0
0
7.71893e-05
0.0120817 -0.000335794 -1.30343e-09 -0.000335794 0.0104214 -2.59919e-07 -1.30343e-09 -2.59919e-07 1.03522e-06 
260
0
0
0.000107449
0.0120817 -0.000335794 -1.30415e-09 -0.000335794 0.0104214 -2.5992e-07 -1.30415e-09 -2.5992e-07 1.03522e-06 
261
0
0
-0.000330462
0.0120817 -0.000335793 -1.30407e-09 -0.000335793 0.0104214 -2.5992e-07 -1.30407e-09 -2.5992e-07 1.03522e-06 
262
0
0
2.59846e-05
0.0120817 -0.0003358 -1.30769e-09 -0.0003358 0.0104214 -2.59921e-07 -1.30769e-09 -2.59921e-07 1.03522e-06 
263
0
0
-2.5017e-05
0.0120817 -0.000335797 -1.30549e-09 -0.000335797 0.0104214 -2.59922e-07 -1.30549e-09 -2.59922e-07 1.03522e-06 
264
0
0
0.000866645
0.0120817 -0.000335797 -1.30435e-09 -0.000335797 0.0104214 -2.59921e-07 -1.30435e-09 -2.59921e-07 1.03522e-06 
265
0
0
0.000116882
0.0120817 -0.000335782 -1.2956e-09 -0.000335782 0.0104214 -2.59921e-07 -1.2956e-09 -2.59921e-07 1.03522e-06 
266
0
0
0.000477369
0.0120817 -0.000335789 -1.29778e-09 -0.000335789 0.0104214 -2.59921e-07 -1.29778e-09 -2.59921e-07 1.03522e-06 
267
0
0
3.78948e-05
0.0120817 -0.000335785 -1.29332e-09 -0.000335785 0.0104214 -2.59922e-07 -1.29332e-09 -2.59922e-07 1.03522e-06 
268
0
0
-0.000130611
0.0120817 -0.000335791 -1.29517e-09 -0.000335791 0.0104214 -2.59923e-07 -1.29517e-09 -2.59923e-07 1.03522e-06 
269
0
0
-0.000415123
0.0120817 -0.000335796 -1.29703e-09 -0.000335796 0.0104214 -2.59924e-07 -1.29703e-09 -2.59924e-07 1.03522e-06 
270
0
0
-0.000367788
0.0120817 -0.000335802 -1.29973e-09 -0.000335802 0.0104214 -2.59926e-07 -1.29973e-09 -2.59926e-07 1.03522e-06 
271
0
0
-0.00055533
0.0120817 -0.000335804 -1.30048e-09 -0.000335804 0.0104214 -2.59931e-07 -1.30048e-09 -2.59931e-07 1.03522e-06 
272
0
0
-0.000645844
0.0120817 -0.000335808 -1.29982e-09 -0.000335808 0.0104214 -2.59938e-07 -1.29982e-09 -2.59938e-07 1.03522e-06 
273
0
0
0.000838687
0.0120817 -0.000335811 -1.29971e-09 -0.000335811 0.0104214 -2.59937e-07 -1.29971e-09 -2.59937e-07 1.03522e-06 
274
0
0
0.0013203
0.0120817 -0.000335788 -1.28626e-09 -0.000335788 0.0104214 -2.59927e-07 -1.28626e-09 -2.59927e-07 1.03522e-06 
275
0
0
-0.000564
0.0120818 -0.000335772 -1.28023e-09 -0.000335772 0.0104214 -2.59922e-07 -1.28023e-09 -2.59922e-07 1.03522e-06 
276
0
0
-0.00128534
0.0120817 -0.000335796 -1.29456e-09 -0.000335796 0.0104214 -2.5992e-07 -1.29456e-09 -2.5992e-07 1.03522e-06 
277
0
0
0.000120064
0.0120817 -0.000335816 -1.30289e-09 -0.000335816 0.0104214 -2.59923e-07 -1.30289e-09 -2.59923e-07 1.03522e-06 
278
0
0
0.00128813
0.0120817 -0.000335802 -1.2944e-09 -0.000335802 0.0104214 -2.59924e-07 -1.2944e-09 -2.59924e-07 1.03522e-06 
279
0
0
-0.000653813
0.0120817 -0.000335777 -1.28116e-09 -0.000335777 0.0104214 -2.59928e-07 -1.28116e-09 -2.59928e-07 1.03522e-06 
280
0
0
-0.000384013
0.0120817 -0.000335799 -1.29217e-09 -0.000335799 0.0104214 -2.59932e-07 -1.29217e-09 -2.59932e-07 1.03522e-06 
281
0
0
-0.00122445
0.0120817 -0.000335803 -1.29337e-09 -0.000335803 0.0104214 -2.59936e-07 -1.29337e-09 -2.59936e-07 1.03522e-06 
282
0
0
-0.000379428
0.0120817 -0.000335818 -1.30021e-09 -0.000335818 0.0104214 -2.59939e-07 -1.30021e-09 -2.59939e-07 1.03522e-06 
283
0
0
0.000151561
0.0120817 -0.00033581 -1.29967e-09 -0.00033581 0.0104214 -2.5994e-07 -1.29967e-09 -2.5994e-07 1.03522e-06 
284
0
0
-0.000873273
0.0120817 -0.000335799 -1.29549e-09 -0.000335799 0.0104214 -2.5994e-07 -1.29549e-09 -2.5994e-07 1.03522e-06 
285
0
0
0.000658452
0.0120817 -0.000335811 -1.3027e-09 -0.000335811 0.0104214 -2.59939e-07 -1.3027e-09 -2.59939e-07 1.03522e-06 
286
0
0
0.000833443
0.0120817 -0.000335791 -1.29249e-09 -0.000335791 0.0104214 -2.59939e-07 -1.29249e-09 -2.59939e-07 1.03522e-06 
287
0
0
-0.0003718
0.0120817 -0.000335781 -1.28777e-09 -0.000335781 0.0104214 -2.5994e-07 -1.28777e-09 -2.5994e-07 1.03522e-06 
288
0
0
-0.000187887
0.0120817 -0.000335796 -1.29613e-09 -0.000335796 0.0104214 -2.59939e-07 -1.29613e-09 -2.59939e-07 1.03522e-06 
289
0
0
0.000462839
0.0120817 -0.000335799 -1.29731e-09 -0.000335799 0.0104214 -2.59939e-07 -1.29731e-09 -2.59939e-07 1.03522e-06 
290
0
0
-0.00054332
0.0120817 -0.00033579 -1.29214e-09 -0.00033579 0.0104214 -2.5994e-07 -1.29214e-09 -2.5994e-07 1.03522e-06 
291
0
0
-0.000263323
0.0120817 -0.000335802 -1.30287e-09 -0.000335802 0.0104214 -2.59939e-07 -1.30287e-09 -2.59939e-07 1.03522e-06 
292
0
0
0.000270267
0.0120817 -0.000335802 -1.30504e-09 -0.000335802 0.0104214 -2.59938e-07 -1.30504e-09 -2.59938e-07 1.03522e-06 
293
0
0
-0.000549867
0.0120817 -0.000335794 -1.30177e-09 -0.000335794 0.0104214 -2.59938e-07 -1.30177e-09 -2.59938e-07 1.03522e-06 
294
0
0
0.000341722
0.0120817 -0.000335804 -1.30746e-09 -0.000335804 0.0104214 -2.59938e-07 -1.30746e-09 -2.59938e-07 1.03522e-06 
295
0
0
4.64344e-05
0.0120817 -0.000335793 -1.30195e-09 -0.000335793 0.0104214 -2.59939e-07 -1.30195e-09 -2.59939e-07 1.03522e-06 
296
0
0
0.000272946
0.0120817 -0.000335794 -1.30232e-09 -0.000335794 0.0104214 -2.5994e-07 -1.30232e-09 -2.5994e-07 1.03522e-06 
297
0
0
4.19276e-05
0.0120817 -0.000335791 -1.29969e-09 -0.000335791 0.0104214 -2.59941e-07 -1.29969e-09 -2.59941e-07 1.03522e-06 
298
0
0
0.000362499
0.0120817 -0.000335793 -1.30013e-09 -0.000335793 0.0104214 -2.59941e-07 -1.30013e-09 -2.59941e-07 1.03522e-06 
299
0
0
-0.000235063
0.0120817 -0.000335789 -1.30452e-09 -0.000335789 0.0104214 -2.5994e-07 -1.30452e-09 -2.5994e-07 1.03522e-06 
300
0
0
0.000509381
0.0120817 -0.000335797 -1.3139e-09 -0.000335797 0.0104214 -2.5994e-07 -1.3139e-09 -2.5994e-07 1.03522e-06 
301
0
0
0.000831848
0.0120817 -0.000335788 -1.31283e-09 -0.000335788 0.0104214 -2.59937e-07 -1.31283e-09 -2.59937e-07 1.03522e-06 
302
0
0
-0.000822043
0.0120817 -0.00033578 -1.31191e-09 -0.00033578 0.0104214 -2.59936e-07 -1.31191e-09 -2.59936e-07 1.03522e-06 
303
0
0
0.000318289
0.0120817 -0.000335803 -1.3269e-09 -0.000335803 0.0104214 -2.59938e-07 -1.3269e-09 -2.59938e-07 1.03522e-06 
304
0
0
0.000192383
0.0120817 -0.000335793 -1.32111e-09 -0.000335793 0.0104214 -2.5994e-07 -1.32111e-09 -2.5994e-07 1.03522e-06 
305
0
0
-0.000784923
0.0120817 -0.000335792 -1.3188e-09 -0.000335792 0.0104214 -2.59943e-07 -1.3188e-09 -2.59943e-07 1.03522e-06 
306
0
0
0.000700228
0.0120817 -0.000335807 -1.3248e-09 -0.000335807 0.0104214 -2.59943e-07 -1.3248e-09 -2.59943e-07 1.03522e-06 
307
0
0
0.000671289
