0
0
0
-0.0017512
0.00800061 -2.68385e-11 1.2769e-14 -2.68385e-11 0.00900061 -9.84301e-12 1.2769e-14 -9.84301e-12 1.24978e-06 
1
0
0
-0.000304939
0.0150026 4.3499e-08 -1.84966e-11 4.3499e-08 0.0170026 -6.44477e-09 -1.84966e-11 -6.44477e-09 1.03722e-06 
2
0
0
-0.000129332
0.0220062 5.7926e-08 -3.53401e-11 5.7926e-08 0.0250061 -1.73333e-08 -3.53401e-11 -1.73333e-08 1.03685e-06 
3
0
0
0.000678856
0.0290117 6.58382e-08 -5.08059e-11 6.58382e-08 0.0330113 -3.11459e-08 -5.08059e-11 -3.11459e-08 1.03711e-06 
4
0
0
0.000664652
0.036019 -5.21787e-09 -5.395e-11 -5.21787e-09 0.0410185 -4.77363e-08 -5.395e-11 -4.77363e-08 1.03672e-06 
5
0
0
-0.000351521
0.043028 -9.32532e-08 -5.44064e-11 -9.32532e-08 0.0490275 -6.6884e-08 -5.44064e-11 -6.6884e-08 1.03632e-06 
6
0
0
0.000242421
0.0500387 -4.75997e-08 -6.25777e-11 -4.75997e-08 0.0570384 -8.82415e-08 -6.25777e-11 -8.82415e-08 1.03601e-06 
7
0
-0.0537057
-8.51224e-05
0.0570507 -9.94591e-08 -3.82543e-11 -9.94591e-08 0.0650513 -1.11423e-07 -3.82543e-11 -1.11423e-07 1.03577e-06 
8
0
-0.068665
0.000374098
0.0640641 -9.43919e-08 -1.38097e-11 -9.43919e-08 0.0730661 -1.36044e-07 -1.38097e-11 -1.36044e-07 1.03559e-06 
9
0
-0.0850533
-0.000738804
0.0710785 -1.93166e-07 3.8006e-11 -1.93166e-07 0.0810826 -1.61741e-07 3.8006e-11 -1.61741e-07 1.03545e-06 
10
0
-0.103509
7.55036e-05
0.0780938 -2.55464e-08 6.56531e-11 -2.55464e-08 0.0891008 -1.88177e-07 6.56531e-11 -1.88177e-07 1.03535e-06 
11
0
-0.123
-0.000595035
0.0851099 -6.60602e-08 1.48268e-10 -6.60602e-08 0.0971206 -2.1505e-07 1.48268e-10 -2.1505e-07 1.03528e-06 
12
0
-0.143869
-0.000948786
0.0921267 9.04471e-08 2.08626e-10 9.04471e-08 0.105142 -2.42087e-07 2.08626e-10 -2.42087e-07 1.03523e-06 
13
0
-0.166547
0.000283845
0.099144 3.7473e-07 2.78937e-10 3.7473e-07 0.113165 -2.69051e-07 2.78937e-10 -2.69051e-07 1.03519e-06 
14
0
-0.189811
-0.00028685
0.106162 2.48555e-07 4.1369e-10 2.48555e-07 0.121188 -2.9574e-07 4.1369e-10 -2.9574e-07 1.03517e-06 
15
0
-0.214447
-7.78423e-05
0.11318 3.27618e-07 5.09035e-10 3.27618e-07 0.129214 -3.21988e-07 5.09035e-10 -3.21988e-07 1.03515e-06 
16
0
-0.239635
-0.000515256
0.120198 3.28232e-07 6.30156e-10 3.28232e-07 0.13724 -3.47652e-07 6.30156e-10 -3.47652e-07 1.03515e-06 
17
0
-0.265736
-0.000701462
0.127217 5.15489e-07 7.36246e-10 5.15489e-07 0.145267 -3.72621e-07 7.36246e-10 -3.72621e-07 1.03514e-06 
18
0
-0.29268
-0.00019169
0.134236 7.98253e-07 8.51363e-10 7.98253e-07 0.153294 -3.96805e-07 8.51363e-10 -3.96805e-07 1.03514e-06 
19
0
-0.319992
-0.000714491
0.141255 8.54393e-07 1.00048e-09 8.54393e-07 0.161323 -4.20142e-07 1.00048e-09 -4.20142e-07 1.03514e-06 
20
0
-0.348466
-0.000295243
0.148274 1.17646e-06 1.11805e-09 1.17646e-06 0.169352 -4.42582e-07 1.11805e-09 -4.42582e-07 1.03515e-06 
21
0
-0.377289
-0.000102181
0.155293 1.29448e-06 1.27239e-09 1.29448e-06 0.177382 -4.64096e-07 1.27239e-09 -4.64096e-07 1.03515e-06 
22
0
-0.406641
-0.000493071
0.162313 1.31231e-06 1.42908e-09 1.31231e-06 0.185412 -4.84667e-07 1.42908e-09 -4.84667e-07 1.03515e-06 
23
0
-0.436409
0.000383674
0.169332 1.55756e-06 1.56363e-09 1.55756e-06 0.193443 -5.04287e-07 1.56363e-09 -5.04287e-07 1.03516e-06 
24
0
-0.465706
-0.000816213
0.176352 1.28589e-06 1.75208e-09 1.28589e-06 0.201475 -5.22964e-07 1.75208e-09 -5.22964e-07 1.03517e-06 
25
0
-0.496478
1.28052e-06
0.183371 1.75748e-06 1.85789e-09 1.75748e-06 0.209506 -5.40708e-07 1.85789e-09 -5.40708e-07 1.03517e-06 
26
0
-0.526624
-0.000411435
0.190391 1.71488e-06 2.04038e-09 1.71488e-06 0.217538 -5.57536e-07 2.04038e-09 -5.57536e-07 1.03518e-06 
27
0
-0.557625
6.70238e-05
0.197411 1.9518e-06 2.18203e-09 1.9518e-06 0.22557 -5.73472e-07 2.18203e-09 -5.73472e-07 1.03518e-06 
28
0
-0.588456
-0.000879501
0.20443 1.86173e-06 2.35966e-09 1.86173e-06 0.233603 -5.8854e-07 2.35966e-09 -5.8854e-07 1.03519e-06 
29
0
-0.619967
-0.000376418
0.21145 2.4599e-06 2.47619e-09 2.4599e-06 0.241636 -6.0277e-07 2.47619e-09 -6.0277e-07 1.03519e-06 
30
0
-0.651307
0.000126541
0.21847 2.70025e-06 2.64741e-09 2.70025e-06 0.249669 -6.16198e-07 2.64741e-09 -6.16198e-07 1.03519e-06 
31
0
-0.682399
-0.000206799
0.22549 2.55744e-06 2.83317e-09 2.55744e-06 0.257702 -6.28852e-07 2.83317e-09 -6.28852e-07 1.0352e-06 
32
0
-0.713664
-0.000468513
0.23251 2.67953e-06 2.98275e-09 2.67953e-06 0.265735 -6.40767e-07 2.98275e-09 -6.40767e-07 1.0352e-06 
33
0
-0.744588
-0.000834066
0.23953 3.02398e-06 3.12599e-09 3.02398e-06 0.273769 -6.5198e-07 3.12599e-09 -6.5198e-07 1.0352e-06 
34
0
-0.777495
5.23553e-05
0.24655 3.69297e-06 3.25766e-09 3.69297e-06 0.281802 -6.62521e-07 3.25766e-09 -6.62521e-07 1.03521e-06 
35
0
-0.809615
-0.000206555
0.253569 3.60159e-06 3.45671e-09 3.60159e-06 0.289836 -6.72423e-07 3.45671e-09 -6.72423e-07 1.03521e-06 
36
0
-0.841697
-0.000140631
0.260589 3.74343e-06 3.61408e-09 3.74343e-06 0.29787 -6.81719e-07 3.61408e-09 -6.81719e-07 1.03521e-06 
37
0
-0.873689
-0.000426707
0.267609 3.82885e-06 3.77771e-09 3.82885e-06 0.305903 -6.90443e-07 3.77771e-09 -6.90443e-07 1.03521e-06 
38
0
-0.904488
-0.00169819
0.274629 4.19155e-06 3.9235e-09 4.19155e-06 0.313937 -6.98626e-07 3.9235e-09 -6.98626e-07 1.03521e-06 
39
0
-0.938015
0.000107665
0.281649 5.81452e-06 4.00391e-09 5.81452e-06 0.321971 -7.06298e-07 4.00391e-09 -7.06298e-07 1.03522e-06 
40
0
-0.969365
-0.000795208
0.288669 5.65988e-06 4.23434e-09 5.65988e-06 0.330005 -7.13487e-07 4.23434e-09 -7.13487e-07 1.03522e-06 
41
0
-1.00182
0.000473229
0.295689 6.4355e-06 4.358e-09 6.4355e-06 0.33804 -7.20219e-07 4.358e-09 -7.20219e-07 1.03522e-06 
42
0
-1.03382
-0.000234711
0.302709 5.88811e-06 4.57411e-09 5.88811e-06 0.346074 -7.26524e-07 4.57411e-09 -7.26524e-07 1.03522e-06 
43
0
-1.06677
0.000462573
0.309729 6.09614e-06 4.71248e-09 6.09614e-06 0.354108 -7.32424e-07 4.71248e-09 -7.32424e-07 1.03522e-06 
44
0
-1.09899
-0.000145201
0.316749 5.53634e-06 4.90851e-09 5.53634e-06 0.362142 -7.37945e-07 4.90851e-09 -7.37945e-07 1.03522e-06 
45
0
-1.1321
0.000263845
0.323769 5.65447e-06 5.04836e-09 5.65447e-06 0.370177 -7.43111e-07 5.04836e-09 -7.43111e-07 1.03522e-06 
46
0
-1.16376
-0.000930018
0.330789 5.30159e-06 5.22951e-09 5.30159e-06 0.378211 -7.47943e-07 5.22951e-09 -7.47943e-07 1.03522e-06 
47
0
-1.19772
0.00067457
0.337809 6.35739e-06 5.32809e-09 6.35739e-06 0.386245 -7.52458e-07 5.32809e-09 -7.52458e-07 1.03522e-06 
48
0
-1.22922
-0.000523694
0.344829 5.4936e-06 5.5605e-09 5.4936e-06 0.39428 -7.56676e-07 5.5605e-09 -7.56676e-07 1.03522e-06 
49
0
-1.26184
-0.00061536
0.351849 6.09409e-06 5.67182e-09 6.09409e-06 0.402314 -7.60621e-07 5.67182e-09 -7.60621e-07 1.03522e-06 
50
0
-1.29424
-0.000259253
0.358869 6.82345e-06 5.81129e-09 6.82345e-06 0.410349 -7.64308e-07 5.81129e-09 -7.64308e-07 1.03522e-06 
51
0
-1.32698
0.000528426
0.365889 7.11004e-06 5.97837e-09 7.11004e-06 0.418383 -7.67753e-07 5.97837e-09 -7.67753e-07 1.03522e-06 
52
0
-1.35918
0.000218348
0.372909 6.36941e-06 6.18067e-09 6.36941e-06 0.426418 -7.70969e-07 6.18067e-09 -7.70969e-07 1.03522e-06 
53
0
-1.39134
-0.00092143
0.379929 6.03015e-06 6.33597e-09 6.03015e-06 0.434452 -7.73973e-07 6.33597e-09 -7.73973e-07 1.03522e-06 
54
0
-1.42441
4.63532e-05
0.386949 7.23896e-06 6.43128e-09 7.23896e-06 0.442487 -7.76777e-07 6.43128e-09 -7.76777e-07 1.03522e-06 
55
0
-1.45652
-0.000481413
0.393969 7.12734e-06 6.6221e-09 7.12734e-06 0.450521 -7.79393e-07 6.6221e-09 -7.79393e-07 1.03522e-06 
56
0
-1.48907
-0.000298127
0.400989 7.7607e-06 6.75499e-09 7.7607e-06 0.458556 -7.81834e-07 6.75499e-09 -7.81834e-07 1.03522e-06 
57
0
-1.52138
-0.000885998
0.408009 8.14244e-06 6.91201e-09 8.14244e-06 0.46659 -7.84115e-07 6.91201e-09 -7.84115e-07 1.03523e-06 
58
0
-1.55427
-0.000912413
0.415029 9.3927e-06 7.03117e-09 9.3927e-06 0.474625 -7.86245e-07 7.03117e-09 -7.86245e-07 1.03523e-06 
59
0
-1.58808
0.000362241
0.422049 1.07048e-05 7.16947e-09 1.07048e-05 0.482659 -7.88232e-07 7.16947e-09 -7.88232e-07 1.03523e-06 
60
0
-1.6207
0.00014788
0.429069 1.01085e-05 7.38823e-09 1.01085e-05 0.490694 -7.90085e-07 7.38823e-09 -7.90085e-07 1.03523e-06 
61
0
-1.65323
0.000158072
0.436089 9.83322e-06 7.55014e-09 9.83322e-06 0.498728 -7.91814e-07 7.55014e-09 -7.91814e-07 1.03523e-06 
62
0
-1.68586
0.000344613
0.443109 9.53824e-06 7.71102e-09 9.53824e-06 0.506763 -7.93428e-07 7.71102e-09 -7.93428e-07 1.03523e-06 
63
0
-1.71914
0.000751069
0.450129 8.94236e-06 7.88192e-09 8.94236e-06 0.514798 -7.94934e-07 7.88192e-09 -7.94934e-07 1.03523e-06 
64
0
-1.75096
-0.000232853
0.457149 7.68058e-06 8.07193e-09 7.68058e-06 0.522832 -7.96337e-07 8.07193e-09 -7.96337e-07 1.03523e-06 
65
0
-1.78428
0.000354959
0.464169 8.01545e-06 8.18562e-09 8.01545e-06 0.530867 -7.97645e-07 8.18562e-09 -7.97645e-07 1.03523e-06 
66
0
-1.81644
-0.000228156
0.471189 7.37601e-06 8.36676e-09 7.37601e-06 0.538901 -7.98865e-07 8.36676e-09 -7.98865e-07 1.03523e-06 
67
0
-1.84851
-0.00049537
0.478209 7.71469e-06 8.49653e-09 7.71469e-06 0.546936 -8.00003e-07 8.49653e-09 -8.00003e-07 1.03523e-06 
68
0
-1.88245
0.00078754
0.485229 8.51826e-06 8.62621e-09 8.51826e-06 0.554971 -8.01064e-07 8.62621e-09 -8.01064e-07 1.03523e-06 
69
0
-1.91556
0.00184197
0.492249 7.0975e-06 8.84778e-09 7.0975e-06 0.563005 -8.02054e-07 8.84778e-09 -8.02054e-07 1.03523e-06 
70
0
-1.94663
-0.000469548
0.499269 3.79155e-06 9.08743e-09 3.79155e-06 0.57104 -8.02978e-07 9.08743e-09 -8.02978e-07 1.03523e-06 
71
0
-1.97954
0.000186536
0.506289 4.58646e-06 9.14466e-09 4.58646e-06 0.579075 -8.03839e-07 9.14466e-09 -8.03839e-07 1.03523e-06 
72
0
-2.01244
0.000623883
0.513309 4.19935e-06 9.31228e-09 4.19935e-06 0.587109 -8.04643e-07 9.31228e-09 -8.04643e-07 1.03523e-06 
73
0
-2.04498
0.000192578
0.520329 3.00058e-06 9.49603e-09 3.00058e-06 0.595144 -8.05392e-07 9.49603e-09 -8.05392e-07 1.03523e-06 
74
0
-2.07749
-0.0003422
0.527349 2.59269e-06 9.63761e-09 2.59269e-06 0.603178 -8.0609e-07 9.63761e-09 -8.0609e-07 1.03523e-06 
75
0
-2.11041
-0.000456476
0.534369 3.19371e-06 9.75915e-09 3.19371e-06 0.611213 -8.06742e-07 9.75915e-09 -8.06742e-07 1.03523e-06 
76
0
-2.1433
-0.000338821
0.541389 4.02292e-06 9.89488e-09 4.02292e-06 0.619248 -8.0735e-07 9.89488e-09 -8.0735e-07 1.03523e-06 
77
0
-2.17587
-0.000209337
0.548409 4.63468e-06 1.00446e-08 4.63468e-06 0.627282 -8.07917e-07 1.00446e-08 -8.07917e-07 1.03523e-06 
78
0
-2.20821
-0.000238269
0.555429 4.9997e-06 1.01982e-08 4.9997e-06 0.635317 -8.08446e-07 1.01982e-08 -8.08446e-07 1.03523e-06 
79
0
-2.24235
0.000973403
0.562449 5.42781e-06 1.03444e-08 5.42781e-06 0.643352 -8.0894e-07 1.03444e-08 -8.0894e-07 1.03523e-06 
80
0
-2.27468
0.000140151
0.569469 3.41121e-06 1.05672e-08 3.41121e-06 0.651386 -8.094e-07 1.05672e-08 -8.094e-07 1.03523e-06 
81
0
-2.30736
0.000436809
0.576489 3.07642e-06 1.06967e-08 3.07642e-06 0.659421 -8.09827e-07 1.06967e-08 -8.09827e-07 1.03523e-06 
82
0
-2.33977
0.000193223
0.583509 2.12298e-06 1.08633e-08 2.12298e-06 0.667456 -8.10229e-07 1.08633e-08 -8.10229e-07 1.03523e-06 
83
0
-2.37212
0.000320197
0.590529 1.66966e-06 1.10085e-08 1.66966e-06 0.67549 -8.10602e-07 1.10085e-08 -8.10602e-07 1.03523e-06 
84
0
-2.40424
0.000115958
0.597549 9.41722e-07 1.11671e-08 9.41722e-07 0.683525 -8.10949e-07 1.11671e-08 -8.10949e-07 1.03523e-06 
85
0
-2.43661
-0.000837605
0.604569 6.44652e-07 1.13098e-08 6.44652e-07 0.69156 -8.11273e-07 1.13098e-08 -8.11273e-07 1.03523e-06 
86
0
-2.4698
-0.00016525
0.611589 2.41843e-06 1.14047e-08 2.41843e-06 0.699594 -8.11575e-07 1.14047e-08 -8.11575e-07 1.03523e-06 
87
0
-2.50228
-0.000267223
0.618609 2.73414e-06 1.15737e-08 2.73414e-06 0.707629 -8.11857e-07 1.15737e-08 -8.11857e-07 1.03523e-06 
88
0
-2.53456
-0.000913886
0.625629 3.28098e-06 1.17186e-08 3.28098e-06 0.715664 -8.12122e-07 1.17186e-08 -8.12122e-07 1.03523e-06 
89
0
-2.56839
0.000406981
0.632649 5.29017e-06 1.1826e-08 5.29017e-06 0.723698 -8.12368e-07 1.1826e-08 -8.12368e-07 1.03523e-06 
90
0
-2.60095
0.000705332
0.639669 4.31587e-06 1.20366e-08 4.31587e-06 0.731733 -8.12595e-07 1.20366e-08 -8.12595e-07 1.03523e-06 
91
0
-2.63301
0.000303895
0.646689 2.64458e-06 1.22212e-08 2.64458e-06 0.739768 -8.12811e-07 1.22212e-08 -8.12811e-07 1.03523e-06 
92
0
-2.66541
-5.03727e-05
0.653709 1.88955e-06 1.23633e-08 1.88955e-06 0.747802 -8.13011e-07 1.23633e-08 -8.13011e-07 1.03523e-06 
93
0
-2.69727
-0.000890062
0.660729 1.96016e-06 1.24958e-08 1.96016e-06 0.755837 -8.13197e-07 1.24958e-08 -8.13197e-07 1.03523e-06 
94
0
-2.72969
-0.00160794
0.667749 4.02858e-06 1.25913e-08 4.02858e-06 0.763872 -8.13372e-07 1.25913e-08 -8.13372e-07 1.03523e-06 
95
0
-2.76348
-0.00082568
0.674769 7.84468e-06 1.26774e-08 7.84468e-06 0.771906 -8.13535e-07 1.26774e-08 -8.13535e-07 1.03523e-06 
96
0
-2.79612
-0.000240978
0.681789 9.80185e-06 1.28434e-08 9.80185e-06 0.779941 -8.13687e-07 1.28434e-08 -8.13687e-07 1.03523e-06 
97
0
-2.82873
-0.000166001
0.688809 1.03452e-05 1.30198e-08 1.03452e-05 0.787976 -8.13828e-07 1.30198e-08 -8.13828e-07 1.03523e-06 
98
0
-2.86124
-0.000256781
0.695829 1.07089e-05 1.31776e-08 1.07089e-05 0.79601 -8.13961e-07 1.31776e-08 -8.13961e-07 1.03523e-06 
99
0
-2.89333
-0.000263114
0.702849 1.1304e-05 1.33237e-08 1.1304e-05 0.804045 -8.14082e-07 1.33237e-08 -8.14082e-07 1.03523e-06 
100
0
-2.92626
-0.00015606
0.709869 1.19218e-05 1.34696e-08 1.19218e-05 0.81208 -8.14197e-07 1.34696e-08 -8.14197e-07 1.03523e-06 
101
0
-2.95951
0.000644367
0.716889 1.22726e-05 1.36253e-08 1.22726e-05 0.820114 -8.14306e-07 1.36253e-08 -8.14306e-07 1.03523e-06 
102
0
-2.99143
-0.000221599
0.723909 1.05618e-05 1.38255e-08 1.05618e-05 0.828149 -8.14409e-07 1.38255e-08 -8.14409e-07 1.03523e-06 
103
0
-3.02346
-0.000644009
0.730929 1.10914e-05 1.39441e-08 1.10914e-05 0.836184 -8.14504e-07 1.39441e-08 -8.14504e-07 1.03523e-06 
104
0
-3.05632
-0.00025285
0.737949 1.2738e-05 1.40615e-08 1.2738e-05 0.844218 -8.14595e-07 1.40615e-08 -8.14595e-07 1.03523e-06 
105
0
-3.0906
0.00122755
0.744969 1.33618e-05 1.42224e-08 1.33618e-05 0.852253 -8.14676e-07 1.42224e-08 -8.14676e-07 1.03523e-06 
106
0
-3.12281
0.000418988
0.751989 1.00214e-05 1.4465e-08 1.00214e-05 0.860288 -8.14751e-07 1.4465e-08 -8.14751e-07 1.03523e-06 
107
0
-3.15502
-9.44723e-05
0.759009 8.83908e-06 1.4604e-08 8.83908e-06 0.868322 -8.14821e-07 1.4604e-08 -8.14821e-07 1.03523e-06 
108
0
-3.18799
0.000445123
0.766029 9.0493e-06 1.47293e-08 9.0493e-06 0.876357 -8.1489e-07 1.47293e-08 -8.1489e-07 1.03523e-06 
109
0
-3.22024
0.000115225
0.773049 7.77356e-06 1.49077e-08 7.77356e-06 0.884392 -8.14954e-07 1.49077e-08 -8.14954e-07 1.03523e-06 
110
0
-3.2532
0.000296544
0.780069 7.40483e-06 1.50504e-08 7.40483e-06 0.892426 -8.15016e-07 1.50504e-08 -8.15016e-07 1.03523e-06 
111
0
-3.28597
1.99877e-05
0.787089 6.52384e-06 1.52139e-08 6.52384e-06 0.900461 -8.15073e-07 1.52139e-08 -8.15073e-07 1.03523e-06 
112
0
-3.31819
3.61361e-05
0.794109 6.41917e-06 1.53565e-08 6.41917e-06 0.908496 -8.15126e-07 1.53565e-08 -8.15126e-07 1.03523e-06 
113
0
-3.35147
0.000592744
0.801129 6.2678e-06 1.55057e-08 6.2678e-06 0.91653 -8.15174e-07 1.55057e-08 -8.15174e-07 1.03523e-06 
114
0
-3.38423
0.00154682
0.808149 4.50965e-06 1.56915e-08 4.50965e-06 0.924565 -8.15219e-07 1.56915e-08 -8.15219e-07 1.03523e-06 
115
0
-3.41684
0.00070945
0.815169 -4.02942e-08 1.59124e-08 -4.02942e-08 0.9326 -8.15263e-07 1.59124e-08 -8.15263e-07 1.03523e-06 
116
0
-3.44916
7.43263e-05
0.822189 -2.17112e-06 1.60495e-08 -2.17112e-06 0.940634 -8.15305e-07 1.60495e-08 -8.15305e-07 1.03523e-06 
117
0
-3.48099
-0.000658075
0.829209 -2.43928e-06 1.61694e-08 -2.43928e-06 0.948669 -8.15345e-07 1.61694e-08 -8.15345e-07 1.03523e-06 
118
0
-3.51422
-1.57886e-05
0.836229 -5.22008e-07 1.62689e-08 -5.22008e-07 0.956704 -8.1538e-07 1.62689e-08 -8.1538e-07 1.03523e-06 
119
0
-3.54718
0.000113035
0.843249 -5.22583e-07 1.64386e-08 -5.22583e-07 0.964738 -8.15415e-07 1.64386e-08 -8.15415e-07 1.03523e-06 
120
0
-3.58001
-8.05559e-05
0.850269 -9.14025e-07 1.65997e-08 -9.14025e-07 0.972773 -8.15447e-07 1.65997e-08 -8.15447e-07 1.03523e-06 
121
0
-3.61217
-0.000379613
0.857289 -7.15442e-07 1.67422e-08 -7.15442e-07 0.980808 -8.15479e-07 1.67422e-08 -8.15479e-07 1.03523e-06 
122
0
-3.64401
-0.000914508
0.864309 4.08659e-07 1.687e-08 4.08659e-07 0.988842 -8.15507e-07 1.687e-08 -8.15507e-07 1.03523e-06 
123
0
-3.67781
-5.60804e-05
0.871329 3.2077e-06 1.69761e-08 3.2077e-06 0.996877 -8.15533e-07 1.69761e-08 -8.15533e-07 1.03523e-06 
124
0
-3.71023
-0.000764356
0.878349 3.33554e-06 1.71587e-08 3.33554e-06 1.00491 -8.15558e-07 1.71587e-08 -8.15558e-07 1.03523e-06 
125
0
-3.74287
-0.000891998
0.885369 5.70586e-06 1.72724e-08 5.70586e-06 1.01295 -8.15585e-07 1.72724e-08 -8.15585e-07 1.03523e-06 
126
0
-3.77602
-0.000615817
0.892389 8.50267e-06 1.7398e-08 8.50267e-06 1.02098 -8.15607e-07 1.7398e-08 -8.15607e-07 1.03523e-06 
127
0
-3.80947
0.000674648
0.899409 1.04342e-05 1.75496e-08 1.04342e-05 1.02902 -8.15631e-07 1.75496e-08 -8.15631e-07 1.03523e-06 
128
0
-3.84175
0.00014605
0.906429 8.20003e-06 1.77697e-08 8.20003e-06 1.03705 -8.15653e-07 1.77697e-08 -8.15653e-07 1.03523e-06 
129
0
-3.87429
-0.000691555
0.913449 7.67493e-06 1.79119e-08 7.67493e-06 1.04508 -8.15676e-07 1.79119e-08 -8.15676e-07 1.03523e-06 
130
0
-3.90767
0.000149953
0.920469 9.90261e-06 1.80159e-08 9.90261e-06 1.05312 -8.15696e-07 1.80159e-08 -8.15696e-07 1.03523e-06 
131
0
-3.94046
0.000117109
0.927489 9.35711e-06 1.82005e-08 9.35711e-06 1.06115 -8.15716e-07 1.82005e-08 -8.15716e-07 1.03523e-06 
132
0
-3.97218
-0.000574713
0.934509 8.91757e-06 1.83593e-08 8.91757e-06 1.06919 -8.15735e-07 1.83593e-08 -8.15735e-07 1.03523e-06 
133
0
-4.00554
0.000508466
0.941529 1.08044e-05 1.84709e-08 1.08044e-05 1.07722 -8.15754e-07 1.84709e-08 -8.15754e-07 1.03523e-06 
134
0
-4.03773
4.00512e-05
0.948549 9.03128e-06 1.86725e-08 9.03128e-06 1.08526 -8.15769e-07 1.86725e-08 -8.15769e-07 1.03523e-06 
135
0
-4.07014
-0.0002516
0.955569 8.84619e-06 1.88122e-08 8.84619e-06 1.09329 -8.15784e-07 1.88122e-08 -8.15784e-07 1.03523e-06 
136
0
-4.10274
-0.000675744
0.962589 9.66424e-06 1.8945e-08 9.66424e-06 1.10133 -8.15801e-07 1.8945e-08 -8.15801e-07 1.03523e-06 
137
0
-4.13582
5.50018e-05
0.969609 1.19598e-05 1.90654e-08 1.19598e-05 1.10936 -8.15815e-07 1.90654e-08 -8.15815e-07 1.03523e-06 
138
0
-4.16823
0.000245126
0.976629 1.17194e-05 1.92457e-08 1.17194e-05 1.1174 -8.15829e-07 1.92457e-08 -8.15829e-07 1.03523e-06 
139
0
-4.20079
-3.87353e-05
0.983649 1.08084e-05 1.94139e-08 1.08084e-05 1.12543 -8.15845e-07 1.94139e-08 -8.15845e-07 1.03523e-06 
140
0
-4.23362
0.00013609
0.990669 1.08975e-05 1.9556e-08 1.08975e-05 1.13347 -8.15857e-07 1.9556e-08 -8.15857e-07 1.03523e-06 
141
0
-4.26637
0.000365089
0.997689 1.03634e-05 1.97167e-08 1.03634e-05 1.1415 -8.1587e-07 1.97167e-08 -8.1587e-07 1.03523e-06 
142
0
-4.29803
-0.000558487
1.00471 9.00247e-06 1.98858e-08 9.00247e-06 1.14954 -8.15879e-07 1.98858e-08 -8.15879e-07 1.03523e-06 
143
0
-4.33147
9.62378e-05
1.01173 1.09763e-05 1.99892e-08 1.09763e-05 1.15757 -8.1589e-07 1.99892e-08 -8.1589e-07 1.03523e-06 
144
0
-4.36367
-0.000652102
1.01875 1.05771e-05 2.01651e-08 1.05771e-05 1.16561 -8.15903e-07 2.01651e-08 -8.15903e-07 1.03523e-06 
145
0
-4.39575
-0.000505134
1.02577 1.29229e-05 2.0278e-08 1.29229e-05 1.17364 -8.15916e-07 2.0278e-08 -8.15916e-07 1.03523e-06 
146
0
-4.42829
-0.000433443
1.03279 1.47419e-05 2.04197e-08 1.47419e-05 1.18167 -8.15927e-07 2.04197e-08 -8.15927e-07 1.03523e-06 
147
0
-4.46174
0.00047284
1.03981 1.63069e-05 2.05666e-08 1.63069e-05 1.18971 -8.15938e-07 2.05666e-08 -8.15938e-07 1.03523e-06 
148
0
-4.49423
-0.000118018
1.04683 1.44866e-05 2.07672e-08 1.44866e-05 1.19774 -8.15949e-07 2.07672e-08 -8.15949e-07 1.03523e-06 
149
0
-4.52676
-0.000218712
1.05385 1.48835e-05 2.09008e-08 1.48835e-05 1.20578 -8.15959e-07 2.09008e-08 -8.15959e-07 1.03523e-06 
150
0
-4.55996
-0.000409555
1.06087 1.56659e-05 2.10422e-08 1.56659e-05 1.21381 -8.15969e-07 2.10422e-08 -8.15969e-07 1.03523e-06 
151
0
-4.5927
-0.000370747
1.06789 1.71834e-05 2.1181e-08 1.71834e-05 1.22185 -8.15979e-07 2.1181e-08 -8.15979e-07 1.03523e-06 
152
0
-4.62588
0.00031261
1.07491 1.85621e-05 2.13279e-08 1.85621e-05 1.22988 -8.15987e-07 2.13279e-08 -8.15987e-07 1.03523e-06 
153
0
-4.65894
9.38256e-06
1.08193 1.73025e-05 2.15157e-08 1.73025e-05 1.23792 -8.15997e-07 2.15157e-08 -8.15997e-07 1.03523e-06 
154
0
-4.69116
-0.000224922
1.08895 1.72175e-05 2.16637e-08 1.72175e-05 1.24595 -8.16007e-07 2.16637e-08 -8.16007e-07 1.03523e-06 
155
0
-4.72408
8.54984e-05
1.09597 1.80519e-05 2.18007e-08 1.80519e-05 1.25399 -8.16016e-07 2.18007e-08 -8.16016e-07 1.03523e-06 
156
0
-4.75637
0.000159852
1.10299 1.76657e-05 2.19663e-08 1.76657e-05 1.26202 -8.16026e-07 2.19663e-08 -8.16026e-07 1.03523e-06 
157
0
-4.78976
0.000795525
1.11001 1.69817e-05 2.21254e-08 1.69817e-05 1.27006 -8.16033e-07 2.21254e-08 -8.16033e-07 1.03523e-06 
158
0
-4.82152
0.000383384
1.11703 1.37503e-05 2.2321e-08 1.37503e-05 1.27809 -8.16039e-07 2.2321e-08 -8.16039e-07 1.03523e-06 
159
0
-4.85451
0.000360571
1.12405 1.21581e-05 2.24653e-08 1.21581e-05 1.28613 -8.16048e-07 2.24653e-08 -8.16048e-07 1.03523e-06 
160
0
-4.88668
-4.49708e-05
1.13107 1.06486e-05 2.26214e-08 1.06486e-05 1.29416 -8.16056e-07 2.26214e-08 -8.16056e-07 1.03523e-06 
161
0
-4.91964
-8.98436e-05
1.13809 1.07835e-05 2.27537e-08 1.07835e-05 1.30219 -8.16065e-07 2.27537e-08 -8.16065e-07 1.03523e-06 
162
0
-4.95192
-0.000620688
1.14511 1.11036e-05 2.28995e-08 1.11036e-05 1.31023 -8.16073e-07 2.28995e-08 -8.16073e-07 1.03523e-06 
163
0
-4.98575
0.00013245
1.15213 1.36173e-05 2.30163e-08 1.36173e-05 1.31826 -8.1608e-07 2.30163e-08 -8.1608e-07 1.03523e-06 
164
0
-5.01795
2.82406e-05
1.15915 1.30186e-05 2.32002e-08 1.30186e-05 1.3263 -8.16088e-07 2.32002e-08 -8.16088e-07 1.03523e-06 
165
0
-5.05063
0.000255443
1.16617 1.28521e-05 2.33514e-08 1.28521e-05 1.33433 -8.16097e-07 2.33514e-08 -8.16097e-07 1.03523e-06 
166
0
-5.08342
0.00018002
1.17319 1.17296e-05 2.35163e-08 1.17296e-05 1.34237 -8.16104e-07 2.35163e-08 -8.16104e-07 1.03523e-06 
167
0
-5.1153
-0.000804741
1.18021 1.09197e-05 2.36699e-08 1.09197e-05 1.3504 -8.16112e-07 2.36699e-08 -8.16112e-07 1.03523e-06 
168
0
-5.14845
-0.000581109
1.18723 1.42951e-05 2.37644e-08 1.42951e-05 1.35844 -8.1612e-07 2.37644e-08 -8.1612e-07 1.03523e-06 
169
0
-5.18078
-0.000667189
1.19425 1.67338e-05 2.39086e-08 1.67338e-05 1.36647 -8.16126e-07 2.39086e-08 -8.16126e-07 1.03523e-06 
170
0
-5.21337
-0.00084913
1.20127 1.95578e-05 2.40441e-08 1.95578e-05 1.37451 -8.16131e-07 2.40441e-08 -8.16131e-07 1.03523e-06 
171
0
-5.247
9.33236e-05
1.20829 2.31867e-05 2.41728e-08 2.31867e-05 1.38254 -8.16139e-07 2.41728e-08 -8.16139e-07 1.03523e-06 
172
0
-5.27956
-2.75725e-05
1.21531 2.27315e-05 2.43666e-08 2.27315e-05 1.39058 -8.16147e-07 2.43666e-08 -8.16147e-07 1.03523e-06 
173
0
-5.31189
-0.000704063
1.22233 2.28037e-05 2.45208e-08 2.28037e-05 1.39861 -8.16155e-07 2.45208e-08 -8.16155e-07 1.03523e-06 
174
0
-5.34546
0.000459736
1.22935 2.58579e-05 2.46336e-08 2.58579e-05 1.40665 -8.16162e-07 2.46336e-08 -8.16162e-07 1.03523e-06 
175
0
-5.37794
-0.000205734
1.23637 2.37715e-05 2.48397e-08 2.37715e-05 1.41468 -8.16168e-07 2.48397e-08 -8.16168e-07 1.03523e-06 
176
0
-5.41007
-0.000120718
1.24339 2.464e-05 2.49701e-08 2.464e-05 1.42271 -8.16174e-07 2.49701e-08 -8.16174e-07 1.03523e-06 
177
0
-5.44281
0.00019935
1.25041 2.51325e-05 2.51189e-08 2.51325e-05 1.43075 -8.16183e-07 2.51189e-08 -8.16183e-07 1.03523e-06 
178
0
-5.47522
-0.000376753
1.25743 2.4185e-05 2.52882e-08 2.4185e-05 1.43878 -8.16191e-07 2.52882e-08 -8.16191e-07 1.03523e-06 
179
0
-5.5087
0.000282203
1.26445 2.58445e-05 2.54131e-08 2.58445e-05 1.44682 -8.16198e-07 2.54131e-08 -8.16198e-07 1.03523e-06 
180
0
-5.54056
-4.35092e-05
1.27147 2.45092e-05 2.55967e-08 2.45092e-05 1.45485 -8.16205e-07 2.55967e-08 -8.16205e-07 1.03523e-06 
181
0
-5.57313
-1.06593e-05
1.27849 2.46599e-05 2.57372e-08 2.46599e-05 1.46289 -8.16213e-07 2.57372e-08 -8.16213e-07 1.03523e-06 
182
0
-5.6061
0.000140414
1.28551 2.46603e-05 2.58888e-08 2.46603e-05 1.47092 -8.16218e-07 2.58888e-08 -8.16218e-07 1.03523e-06 
183
0
-5.63864
0.000112817
1.29253 2.39607e-05 2.6051e-08 2.39607e-05 1.47896 -8.16226e-07 2.6051e-08 -8.16226e-07 1.03523e-06 
184
0
-5.67112
-0.000184087
1.29955 2.33862e-05 2.62053e-08 2.33862e-05 1.48699 -8.16231e-07 2.62053e-08 -8.16231e-07 1.03523e-06 
185
0
-5.70448
0.000490831
1.30657 2.42e-05 2.63419e-08 2.42e-05 1.49503 -8.16238e-07 2.63419e-08 -8.16238e-07 1.03523e-06 
186
0
-5.73705
0.000420283
1.31359 2.18387e-05 2.65303e-08 2.18387e-05 1.50306 -8.16245e-07 2.65303e-08 -8.16245e-07 1.03523e-06 
187
0
-5.76961
-4.81958e-05
1.32061 1.97991e-05 2.66916e-08 1.97991e-05 1.5111 -8.16253e-07 2.66916e-08 -8.16253e-07 1.03523e-06 
188
0
-5.80141
-0.00158957
1.32763 1.99799e-05 2.6824e-08 1.99799e-05 1.51913 -8.16261e-07 2.6824e-08 -8.16261e-07 1.03523e-06 
189
0
-5.83485
-0.000246215
1.33465 2.75412e-05 2.68797e-08 2.75412e-05 1.52717 -8.16268e-07 2.68797e-08 -8.16268e-07 1.03523e-06 
190
0
-5.86797
0.000770881
1.34167 2.86773e-05 2.70714e-08 2.86773e-05 1.5352 -8.16271e-07 2.70714e-08 -8.16271e-07 1.03523e-06 
191
0
-5.89911
-0.000545699
1.34869 2.48987e-05 2.72873e-08 2.48987e-05 1.54323 -8.16276e-07 2.72873e-08 -8.16276e-07 1.03523e-06 
192
0
-5.93145
-0.000563662
1.35571 2.7504e-05 2.73807e-08 2.7504e-05 1.55127 -8.16284e-07 2.73807e-08 -8.16284e-07 1.03523e-06 
193
0
-5.96486
0.000338977
1.36273 3.02108e-05 2.75124e-08 3.02108e-05 1.5593 -8.16291e-07 2.75124e-08 -8.16291e-07 1.03523e-06 
194
0
-5.99736
0.000276079
1.36975 2.8496e-05 2.77077e-08 2.8496e-05 1.56734 -8.16297e-07 2.77077e-08 -8.16297e-07 1.03523e-06 
195
0
-6.02962
-0.000145881
1.37677 2.70834e-05 2.78686e-08 2.70834e-05 1.57537 -8.16303e-07 2.78686e-08 -8.16303e-07 1.03523e-06 
196
0
-6.06166
-0.00112169
1.38379 2.77588e-05 2.80009e-08 2.77588e-05 1.58341 -8.1631e-07 2.80009e-08 -8.1631e-07 1.03523e-06 
197
0
-6.09537
-0.000138274
1.39081 3.33076e-05 2.80891e-08 3.33076e-05 1.59144 -8.16316e-07 2.80891e-08 -8.16316e-07 1.03523e-06 
198
0
-6.12803
0.000159829
1.39783 3.39522e-05 2.82745e-08 3.39522e-05 1.59948 -8.16321e-07 2.82745e-08 -8.16321e-07 1.03523e-06 
199
0
-6.16119
-0.000103053
1.40485 3.30975e-05 2.84483e-08 3.30975e-05 1.60751 -8.16327e-07 2.84483e-08 -8.16327e-07 1.03523e-06 
200
0
-6.1948
0.000414845
1.41187 3.35707e-05 2.85942e-08 3.35707e-05 1.61555 -8.16336e-07 2.85942e-08 -8.16336e-07 1.03523e-06 
201
0
-6.22652
-0.000736653
1.41889 3.14093e-05 2.8778e-08 3.14093e-05 1.62358 -8.16344e-07 2.8778e-08 -8.16344e-07 1.03523e-06 
202
0
-6.25999
0.000403464
1.42591 3.513e-05 2.88726e-08 3.513e-05 1.63162 -8.16352e-07 2.88726e-08 -8.16352e-07 1.03523e-06 
203
0
-6.2921
-0.000260763
1.43293 3.30061e-05 2.90729e-08 3.30061e-05 1.63965 -8.16357e-07 2.90729e-08 -8.16357e-07 1.03523e-06 
204
0
-6.32615
0.000762472
1.43995 3.43047e-05 2.91997e-08 3.43047e-05 1.64769 -8.16364e-07 2.91997e-08 -8.16364e-07 1.03523e-06 
205
0
-6.3579
-0.000484372
1.44697 3.02959e-05 2.94083e-08 3.02959e-05 1.65572 -8.16369e-07 2.94083e-08 -8.16369e-07 1.03523e-06 
206
0
-6.3905
-0.000374284
1.45399 3.27747e-05 2.95067e-08 3.27747e-05 1.66375 -8.16375e-07 2.95067e-08 -8.16375e-07 1.03523e-06 
207
0
-6.42349
0.000289942
1.46101 3.46884e-05 2.96484e-08 3.46884e-05 1.67179 -8.16381e-07 2.96484e-08 -8.16381e-07 1.03523e-06 
208
0
-6.45571
-0.000568045
1.46803 3.31114e-05 2.98329e-08 3.31114e-05 1.67982 -8.16386e-07 2.98329e-08 -8.16386e-07 1.03523e-06 
209
0
-6.48945
0.000198297
1.47505 3.60701e-05 2.99442e-08 3.60701e-05 1.68786 -8.16394e-07 2.99442e-08 -8.16394e-07 1.03523e-06 
210
0
-6.52339
0.00126709
1.48207 3.4966e-05 3.01294e-08 3.4966e-05 1.69589 -8.164e-07 3.01294e-08 -8.164e-07 1.03523e-06 
211
0
-6.55468
-4.55469e-05
1.48909 2.81435e-05 3.03569e-08 2.81435e-05 1.70393 -8.16406e-07 3.03569e-08 -8.16406e-07 1.03523e-06 
212
0
-6.58711
-0.000733202
1.49611 2.8339e-05 3.04601e-08 2.8339e-05 1.71196 -8.16412e-07 3.04601e-08 -8.16412e-07 1.03523e-06 
213
0
-6.62094
0.000171992
1.50313 3.22465e-05 3.05621e-08 3.22465e-05 1.72 -8.1642e-07 3.05621e-08 -8.1642e-07 1.03523e-06 
214
0
-6.65299
-0.000523867
1.51015 3.12648e-05 3.07507e-08 3.12648e-05 1.72803 -8.16425e-07 3.07507e-08 -8.16425e-07 1.03523e-06 
215
0
-6.68649
0.000396273
1.51717 3.40691e-05 3.0869e-08 3.40691e-05 1.73607 -8.16433e-07 3.0869e-08 -8.16433e-07 1.03523e-06 
216
0
-6.71905
0.000246509
1.52419 3.18513e-05 3.10634e-08 3.18513e-05 1.7441 -8.16438e-07 3.10634e-08 -8.16438e-07 1.03523e-06 
217
0
-6.75165
-0.000216167
1.53121 3.04469e-05 3.12195e-08 3.04469e-05 1.75214 -8.16444e-07 3.12195e-08 -8.16444e-07 1.03523e-06 
218
0
-6.7843
-0.000386141
1.53823 3.15916e-05 3.13487e-08 3.15916e-05 1.76017 -8.16453e-07 3.13487e-08 -8.16453e-07 1.03523e-06 
219
0
-6.81721
0.000691368
1.54525 3.36848e-05 3.14833e-08 3.36848e-05 1.76821 -8.16461e-07 3.14833e-08 -8.16461e-07 1.03523e-06 
220
0
-6.84924
-3.68531e-05
1.55227 2.97819e-05 3.1689e-08 2.97819e-05 1.77624 -8.16466e-07 3.1689e-08 -8.16466e-07 1.03523e-06 
221
0
-6.88288
0.000257409
1.55929 2.9939e-05 3.18159e-08 2.9939e-05 1.78427 -8.16472e-07 3.18159e-08 -8.16472e-07 1.03523e-06 
222
0
-6.91507
-0.000149469
1.56631 2.84419e-05 3.19831e-08 2.84419e-05 1.79231 -8.16479e-07 3.19831e-08 -8.16479e-07 1.03523e-06 
223
0
-6.9478
7.65968e-05
1.57333 2.92371e-05 3.21156e-08 2.92371e-05 1.80034 -8.16486e-07 3.21156e-08 -8.16486e-07 1.03523e-06 
224
0
-6.9814
0.00120663
1.58035 2.8753e-05 3.22744e-08 2.8753e-05 1.80838 -8.16492e-07 3.22744e-08 -8.16492e-07 1.03523e-06 
225
0
-7.01391
0.000514947
1.58737 2.1825e-05 3.24964e-08 2.1825e-05 1.81641 -8.16499e-07 3.24964e-08 -8.16499e-07 1.03523e-06 
226
0
-7.04588
-0.000508346
1.59439 1.8827e-05 3.2637e-08 1.8827e-05 1.82445 -8.16508e-07 3.2637e-08 -8.16508e-07 1.03523e-06 
227
0
-7.07856
-0.000378021
1.60141 2.17014e-05 3.27314e-08 2.17014e-05 1.83248 -8.16516e-07 3.27314e-08 -8.16516e-07 1.03523e-06 
228
0
-7.11209
0.000588937
1.60843 2.38357e-05 3.28715e-08 2.38357e-05 1.84052 -8.16523e-07 3.28715e-08 -8.16523e-07 1.03523e-06 
229
0
-7.14323
-0.000274208
1.61545 2.03692e-05 3.30731e-08 2.03692e-05 1.84855 -8.16529e-07 3.30731e-08 -8.16529e-07 1.03523e-06 
230
0
-7.17586
9.27864e-05
1.62247 2.19177e-05 3.31852e-08 2.19177e-05 1.85659 -8.16538e-07 3.31852e-08 -8.16538e-07 1.03523e-06 
231
0
-7.20771
-0.000603957
1.62949 2.13252e-05 3.33454e-08 2.13252e-05 1.86462 -8.16544e-07 3.33454e-08 -8.16544e-07 1.03523e-06 
232
0
-7.2408
-7.57908e-05
1.63651 2.48259e-05 3.34553e-08 2.48259e-05 1.87266 -8.16551e-07 3.34553e-08 -8.16551e-07 1.03523e-06 
233
0
-7.27304
-0.000622829
1.64353 2.52238e-05 3.36216e-08 2.52238e-05 1.88069 -8.16557e-07 3.36216e-08 -8.16557e-07 1.03523e-06 
234
0
-7.30643
7.27715e-05
1.65055 2.88671e-05 3.37406e-08 2.88671e-05 1.88873 -8.16566e-07 3.37406e-08 -8.16566e-07 1.03523e-06 
235
0
-7.33868
-6.87976e-05
1.65757 2.83842e-05 3.39194e-08 2.83842e-05 1.89676 -8.16571e-07 3.39194e-08 -8.16571e-07 1.03523e-06 
236
0
-7.37069
-0.000810327
1.66459 2.87461e-05 3.40666e-08 2.87461e-05 1.90479 -8.16579e-07 3.40666e-08 -8.16579e-07 1.03523e-06 
237
0
-7.40391
-0.000187527
1.67161 3.35626e-05 3.41709e-08 3.35626e-05 1.91283 -8.16586e-07 3.41709e-08 -8.16586e-07 1.03523e-06 
238
0
-7.43637
-0.000252148
1.67863 3.46439e-05 3.43401e-08 3.46439e-05 1.92086 -8.16593e-07 3.43401e-08 -8.16593e-07 1.03523e-06 
239
0
-7.46928
-0.000695823
1.68565 3.61213e-05 3.44877e-08 3.61213e-05 1.9289 -8.16598e-07 3.44877e-08 -8.16598e-07 1.03523e-06 
240
0
-7.50197
-0.000418243
1.69267 4.03031e-05 3.46108e-08 4.03031e-05 1.93693 -8.16604e-07 3.46108e-08 -8.16604e-07 1.03523e-06 
241
0
-7.53499
3.46517e-05
1.69969 4.28075e-05 3.47638e-08 4.28075e-05 1.94497 -8.16611e-07 3.47638e-08 -8.16611e-07 1.03523e-06 
242
0
-7.56834
0.000504839
1.70671 4.25454e-05 3.49378e-08 4.25454e-05 1.953 -8.16619e-07 3.49378e-08 -8.16619e-07 1.03523e-06 
243
0
-7.60116
0.0005679
1.71373 3.93873e-05 3.51247e-08 3.93873e-05 1.96104 -8.16625e-07 3.51247e-08 -8.16625e-07 1.03523e-06 
244
0
-7.63413
0.00108331
1.72075 3.58265e-05 3.52951e-08 3.58265e-05 1.96907 -8.16633e-07 3.52951e-08 -8.16633e-07 1.03523e-06 
245
0
-7.66591
0.00021488
1.72777 2.90516e-05 3.54898e-08 2.90516e-05 1.97711 -8.1664e-07 3.54898e-08 -8.1664e-07 1.03523e-06 
246
0
-7.69802
-0.000289764
1.73479 2.76625e-05 3.56116e-08 2.76625e-05 1.98514 -8.16647e-07 3.56116e-08 -8.16647e-07 1.03523e-06 
247
0
-7.73142
0.000776229
1.74181 2.94264e-05 3.57296e-08 2.94264e-05 1.99318 -8.16654e-07 3.57296e-08 -8.16654e-07 1.03523e-06 
248
0
-7.76387
0.000681851
1.74883 2.44987e-05 3.59346e-08 2.44987e-05 2.00121 -8.1666e-07 3.59346e-08 -8.1666e-07 1.03523e-06 
249
0
-7.7951
-0.000751644
1.75585 2.01468e-05 3.60999e-08 2.01468e-05 2.00925 -8.16668e-07 3.60999e-08 -8.16668e-07 1.03523e-06 
250
0
-7.82821
-0.000299742
1.76287 2.48586e-05 3.61749e-08 2.48586e-05 2.01728 -8.16675e-07 3.61749e-08 -8.16675e-07 1.03523e-06 
251
0
-7.8605
-0.000427383
1.76989 2.67153e-05 3.63285e-08 2.67153e-05 2.02531 -8.16681e-07 3.63285e-08 -8.16681e-07 1.03523e-06 
252
0
-7.89385
2.627e-05
1.77691 2.93945e-05 3.64662e-08 2.93945e-05 2.03335 -8.16687e-07 3.64662e-08 -8.16687e-07 1.03523e-06 
253
0
-7.92595
2.74837e-05
1.78393 2.91763e-05 3.66371e-08 2.91763e-05 2.04138 -8.16695e-07 3.66371e-08 -8.16695e-07 1.03523e-06 
254
0
-7.95881
2.06448e-05
1.79095 2.89495e-05 3.67896e-08 2.89495e-05 2.04942 -8.16703e-07 3.67896e-08 -8.16703e-07 1.03523e-06 
255
0
-7.991
-9.74564e-05
1.79797 2.87662e-05 3.69417e-08 2.87662e-05 2.05745 -8.16709e-07 3.69417e-08 -8.16709e-07 1.03523e-06 
256
0
-8.02411
0.000536277
1.80499 2.93486e-05 3.70844e-08 2.93486e-05 2.06549 -8.16713e-07 3.70844e-08 -8.16713e-07 1.03523e-06 
257
0
-8.0565
0.000170077
1.81201 2.58062e-05 3.72706e-08 2.58062e-05 2.07352 -8.16721e-07 3.72706e-08 -8.16721e-07 1.03523e-06 
258
0
-8.08859
-0.000253123
1.81903 2.46444e-05 3.74134e-08 2.46444e-05 2.08156 -8.16728e-07 3.74134e-08 -8.16728e-07 1.03523e-06 
259
0
-8.1215
-0.000156499
1.82605 2.62557e-05 3.75386e-08 2.62557e-05 2.08959 -8.16737e-07 3.75386e-08 -8.16737e-07 1.03523e-06 
260
0
-8.15446
0.000624787
1.83307 2.72368e-05 3.76875e-08 2.72368e-05 2.09763 -8.16746e-07 3.76875e-08 -8.16746e-07 1.03523e-06 
261
0
-8.18662
1.80606e-05
1.84009 2.30546e-05 3.78814e-08 2.30546e-05 2.10566 -8.16754e-07 3.78814e-08 -8.16754e-07 1.03523e-06 
262
0
-8.21918
-0.000573435
1.84711 2.28847e-05 3.8012e-08 2.28847e-05 2.1137 -8.1676e-07 3.8012e-08 -8.1676e-07 1.03523e-06 
263
0
-8.25265
7.56857e-05
1.85413 2.66564e-05 3.81248e-08 2.66564e-05 2.12173 -8.16768e-07 3.81248e-08 -8.16768e-07 1.03523e-06 
264
0
-8.28551
0.000145936
1.86115 2.61e-05 3.83007e-08 2.61e-05 2.12977 -8.16772e-07 3.83007e-08 -8.16772e-07 1.03523e-06 
265
0
-8.31803
-8.53659e-05
1.86817 2.50699e-05 3.84617e-08 2.50699e-05 2.1378 -8.16777e-07 3.84617e-08 -8.16777e-07 1.03523e-06 
266
0
-8.35119
0.000219764
1.87519 2.55952e-05 3.86024e-08 2.55952e-05 2.14583 -8.16784e-07 3.86024e-08 -8.16784e-07 1.03523e-06 
267
0
-8.38353
-0.000568701
1.88221 2.40582e-05 3.87696e-08 2.40582e-05 2.15387 -8.16792e-07 3.87696e-08 -8.16792e-07 1.03523e-06 
268
0
-8.41722
0.000433378
1.88923 2.78704e-05 3.88798e-08 2.78704e-05 2.1619 -8.168e-07 3.88798e-08 -8.168e-07 1.03523e-06 
269
0
-8.44917
-0.000258841
1.89625 2.4866e-05 3.90766e-08 2.4866e-05 2.16994 -8.16807e-07 3.90766e-08 -8.16807e-07 1.03523e-06 
270
0
-8.48211
0.000152931
1.90327 2.65869e-05 3.91992e-08 2.65869e-05 2.17797 -8.16813e-07 3.91992e-08 -8.16813e-07 1.03523e-06 
271
0
-8.5153
0.000238263
1.91029 2.54864e-05 3.9366e-08 2.54864e-05 2.18601 -8.1682e-07 3.9366e-08 -8.1682e-07 1.03523e-06 
272
0
-8.54804
6.63003e-05
1.91731 2.37939e-05 3.95288e-08 2.37939e-05 2.19404 -8.16828e-07 3.95288e-08 -8.16828e-07 1.03523e-06 
273
0
-8.58086
-0.000205107
1.92433 2.3285e-05 3.96756e-08 2.3285e-05 2.20208 -8.16834e-07 3.96756e-08 -8.16834e-07 1.03523e-06 
274
0
-8.61468
0.000843656
1.93135 2.4659e-05 3.98115e-08 2.4659e-05 2.21011 -8.16839e-07 3.98115e-08 -8.16839e-07 1.03523e-06 
275
0
-8.64586
-0.000340261
1.93837 1.87293e-05 4.00213e-08 1.87293e-05 2.21815 -8.16845e-07 4.00213e-08 -8.16845e-07 1.03523e-06 
276
0
-8.67864
-0.000488282
1.94539 2.10589e-05 4.01206e-08 2.10589e-05 2.22618 -8.16852e-07 4.01206e-08 -8.16852e-07 1.03523e-06 
277
0
-8.71157
-7.19243e-05
1.95241 2.44362e-05 4.02489e-08 2.44362e-05 2.23422 -8.16858e-07 4.02489e-08 -8.16858e-07 1.03523e-06 
278
0
-8.74377
3.8629e-05
1.95943 2.48926e-05 4.04132e-08 2.48926e-05 2.24225 -8.16866e-07 4.04132e-08 -8.16866e-07 1.03523e-06 
279
0
-8.77583
-0.000606997
1.96645 2.45692e-05 4.05696e-08 2.45692e-05 2.25029 -8.16874e-07 4.05696e-08 -8.16874e-07 1.03523e-06 
280
0
-8.80893
-0.000132485
1.97347 2.8826e-05 4.06825e-08 2.8826e-05 2.25832 -8.16881e-07 4.06825e-08 -8.16881e-07 1.03523e-06 
281
0
-8.84237
0.000653089
1.98049 2.9719e-05 4.08469e-08 2.9719e-05 2.26636 -8.16887e-07 4.08469e-08 -8.16887e-07 1.03523e-06 
282
0
-8.87489
0.000111636
1.98751 2.50013e-05 4.10466e-08 2.50013e-05 2.27439 -8.16894e-07 4.10466e-08 -8.16894e-07 1.03523e-06 
283
0
-8.90802
0.000821497
1.99453 2.41502e-05 4.11842e-08 2.41502e-05 2.28242 -8.169e-07 4.11842e-08 -8.169e-07 1.03523e-06 
284
0
-8.94072
0.000375603
2.00155 1.81873e-05 4.1377e-08 1.81873e-05 2.29046 -8.16907e-07 4.1377e-08 -8.16907e-07 1.03523e-06 
285
0
-8.97319
-4.07994e-05
2.00857 1.5424e-05 4.15216e-08 1.5424e-05 2.29849 -8.16914e-07 4.15216e-08 -8.16914e-07 1.03523e-06 
286
0
-9.00589
6.11914e-05
2.01559 1.56693e-05 4.16516e-08 1.56693e-05 2.30653 -8.16921e-07 4.16516e-08 -8.16921e-07 1.03523e-06 
287
0
-9.03959
0.000817257
2.02261 1.51737e-05 4.18034e-08 1.51737e-05 2.31456 -8.16927e-07 4.18034e-08 -8.16927e-07 1.03523e-06 
288
0
-9.07215
0.000131235
2.02963 9.15823e-06 4.2002e-08 9.15823e-06 2.3226 -8.16933e-07 4.2002e-08 -8.16933e-07 1.03523e-06 
289
0
-9.10535
0.0004156
2.03665 8.14652e-06 4.21324e-08 8.14652e-06 2.33063 -8.16941e-07 4.21324e-08 -8.16941e-07 1.03523e-06 
290
0
-9.13795
0.000623738
2.04367 5.04152e-06 4.22987e-08 5.04152e-06 2.33867 -8.16947e-07 4.22987e-08 -8.16947e-07 1.03523e-06 
291
0
-9.17055
0.000169355
2.05069 3.90977e-07 4.24685e-08 3.90977e-07 2.3467 -8.16952e-07 4.24685e-08 -8.16952e-07 1.03523e-06 
292
0
-9.2033
0.000109235
2.05771 -9.12878e-07 4.26037e-08 -9.12878e-07 2.35474 -8.1696e-07 4.26037e-08 -8.1696e-07 1.03523e-06 
293
0
-9.23603
-0.000594967
2.06473 -1.77464e-06 4.27492e-08 -1.77464e-06 2.36277 -8.16968e-07 4.27492e-08 -8.16968e-07 1.03523e-06 
294
0
-9.26971
-0.000264796
2.07175 2.60776e-06 4.28585e-08 2.60776e-06 2.37081 -8.16975e-07 4.28585e-08 -8.16975e-07 1.03523e-06 
295
0
-9.30283
0.00030831
2.07878 4.53676e-06 4.30144e-08 4.53676e-06 2.37884 -8.16982e-07 4.30144e-08 -8.16982e-07 1.03523e-06 
296
0
-9.33589
0.000634545
2.0858 2.17321e-06 4.31952e-08 2.17321e-06 2.38688 -8.16988e-07 4.31952e-08 -8.16988e-07 1.03523e-06 
297
0
-9.36778
-0.000611297
2.09282 -2.65375e-06 4.33746e-08 -2.65375e-06 2.39491 -8.16995e-07 4.33746e-08 -8.16995e-07 1.03523e-06 
298
0
-9.40035
-0.000287539
2.09984 1.91228e-06 4.34636e-08 1.91228e-06 2.40294 -8.17e-07 4.34636e-08 -8.17e-07 1.03523e-06 
299
0
-9.43329
-0.000109204
2.10686 4.0404e-06 4.36111e-08 4.0404e-06 2.41098 -8.17007e-07 4.36111e-08 -8.17007e-07 1.03523e-06 
300
0
-9.4666
0.00125941
2.11388 4.8199e-06 4.37671e-08 4.8199e-06 2.41901 -8.17014e-07 4.37671e-08 -8.17014e-07 1.03523e-06 
301
0
-9.49827
-0.000160787
2.1209 -4.83828e-06 4.39971e-08 -4.83828e-06 2.42705 -8.17022e-07 4.39971e-08 -8.17022e-07 1.03523e-06 
302
0
-9.53134
-0.000304465
2.12792 -3.65843e-06 4.40936e-08 -3.65843e-06 2.43508 -8.17031e-07 4.40936e-08 -8.17031e-07 1.03523e-06 
303
0
-9.56399
-9.22305e-05
2.13494 -1.37123e-06 4.42243e-08 -1.37123e-06 2.44312 -8.17036e-07 4.42243e-08 -8.17036e-07 1.03523e-06 
304
0
-9.59622
-0.000466059
2.14196 -7.11515e-07 4.43777e-08 -7.11515e-07 2.45115 -8.17041e-07 4.43777e-08 -8.17041e-07 1.03523e-06 
305
0
-9.6296
0.000226379
2.14898 2.8402e-06 4.45032e-08 2.8402e-06 2.45919 -8.17046e-07 4.45032e-08 -8.17046e-07 1.03523e-06 
306
0
-9.66183
-0.000109876
2.156 1.03364e-06 4.46841e-08 1.03364e-06 2.46722 -8.17051e-07 4.46841e-08 -8.17051e-07 1.03523e-06 
307
0
-9.6947
0.000187903
