0
0
0
0.000632624
0.00632102 -7.44339e-05 -4.31087e-09 -7.44339e-05 0.0065425 -1.42373e-07 -4.31087e-09 -1.42373e-07 1.21851e-06 
1
0
0
-0.000166632
0.0093053 -0.000180887 -4.19462e-09 -0.000180887 0.00905162 -1.84351e-07 -4.19462e-09 -1.84351e-07 1.03651e-06 
2
0
0
-2.29811e-05
0.0107701 -0.00025599 -3.72175e-09 -0.00025599 0.00996569 -2.08402e-07 -3.72175e-09 -2.08402e-07 1.03685e-06 
3
0
0
5.44249e-05
0.0114639 -0.00029713 -3.2853e-09 -0.00029713 0.010272 -2.19313e-07 -3.2853e-09 -2.19313e-07 1.0371e-06 
4
0
0
0.000462176
0.0117902 -0.000317556 -2.97896e-09 -0.000317556 0.0103719 -2.24971e-07 -2.97896e-09 -2.24971e-07 1.03671e-06 
5
0
0
0.000208422
0.0119437 -0.000327273 -2.76536e-09 -0.000327273 0.0104043 -2.28763e-07 -2.76536e-09 -2.28763e-07 1.03631e-06 
6
0
0
-0.000194426
0.0120159 -0.000331814 -2.62783e-09 -0.000331814 0.0104149 -2.31851e-07 -2.62783e-09 -2.31851e-07 1.036e-06 
7
0
0
0.00102135
0.01205 -0.000333924 -2.51662e-09 -0.000333924 0.0104185 -2.34599e-07 -2.51662e-09 -2.34599e-07 1.03576e-06 
8
0
0
0.000549204
0.0120662 -0.000334882 -2.40442e-09 -0.000334882 0.0104197 -2.3712e-07 -2.40442e-09 -2.3712e-07 1.03558e-06 
9
0
0
-0.000239147
0.0120739 -0.000335336 -2.30644e-09 -0.000335336 0.0104202 -2.39446e-07 -2.30644e-09 -2.39446e-07 1.03545e-06 
10
0
0
7.4936e-05
0.0120777 -0.000335561 -2.22025e-09 -0.000335561 0.0104205 -2.41587e-07 -2.22025e-09 -2.41587e-07 1.03535e-06 
11
0
0
-0.000761133
0.0120795 -0.000335663 -2.13439e-09 -0.000335663 0.0104206 -2.4355e-07 -2.13439e-09 -2.4355e-07 1.03528e-06 
12
0
0
0.000414888
0.0120804 -0.000335727 -2.06058e-09 -0.000335727 0.0104207 -2.45341e-07 -2.06058e-09 -2.45341e-07 1.03523e-06 
13
0
0
-0.000595909
0.0120809 -0.00033574 -1.9789e-09 -0.00033574 0.0104208 -2.46965e-07 -1.9789e-09 -2.46965e-07 1.03519e-06 
14
0
0
-0.00045158
0.0120812 -0.000335766 -1.92027e-09 -0.000335766 0.0104209 -2.48433e-07 -1.92027e-09 -2.48433e-07 1.03517e-06 
15
0
0
-0.000472556
0.0120814 -0.000335776 -1.86185e-09 -0.000335776 0.010421 -2.49752e-07 -1.86185e-09 -2.49752e-07 1.03515e-06 
16
0
0
0.000912645
0.0120815 -0.000335783 -1.80822e-09 -0.000335783 0.010421 -2.50934e-07 -1.80822e-09 -2.50934e-07 1.03514e-06 
17
0
0
0.000599307
0.0190885 -0.000335866 5.77767e-10 -0.000335866 0.0184274 -1.05281e-07 5.77767e-10 -1.05281e-07 1.03514e-06 
18
0
0
0.000657808
0.0155413 -0.000393913 -1.30359e-09 -0.000393913 0.0125751 -2.83416e-07 -1.30359e-09 -2.83416e-07 1.03514e-06 
19
0
0
-0.000996457
0.013729 -0.000380078 -1.3217e-09 -0.000380078 0.0110773 -2.69229e-07 -1.3217e-09 -2.69229e-07 1.03514e-06 
20
0
0
-0.00151981
0.0207366 -0.00038028 8.1946e-10 -0.00038028 0.0190842 -1.14157e-07 8.1946e-10 -1.14157e-07 1.03514e-06 
21
0
0
0.000130903
0.0164574 -0.000417493 -7.80812e-10 -0.000417493 0.0127223 -2.89317e-07 -7.80812e-10 -2.89317e-07 1.03515e-06 
22
0
0
0.000167544
0.0141807 -0.000392952 -1.01411e-09 -0.000392952 0.0111201 -2.72333e-07 -1.01411e-09 -2.72333e-07 1.03515e-06 
23
0
0
0.00065169
0.0130731 -0.0003689 -1.19563e-09 -0.0003689 0.0106417 -2.6191e-07 -1.19563e-09 -2.6191e-07 1.03516e-06 
24
0
0
5.85099e-05
0.012548 -0.000353472 -1.32114e-09 -0.000353472 0.0104917 -2.58462e-07 -1.32114e-09 -2.58462e-07 1.03516e-06 
25
0
0
-0.0006719
0.0123007 -0.000344832 -1.3991e-09 -0.000344832 0.010444 -2.57619e-07 -1.3991e-09 -2.57619e-07 1.03517e-06 
26
0
0
2.36056e-05
0.0121846 -0.000340301 -1.44158e-09 -0.000340301 0.0104287 -2.57599e-07 -1.44158e-09 -2.57599e-07 1.03517e-06 
27
0
0
6.31467e-05
0.01213 -0.000337994 -1.4497e-09 -0.000337994 0.0104237 -2.57807e-07 -1.4497e-09 -2.57807e-07 1.03518e-06 
28
0
0
0.000543462
0.0121044 -0.000336854 -1.44677e-09 -0.000336854 0.0104221 -2.58057e-07 -1.44677e-09 -2.58057e-07 1.03518e-06 
29
0
0
-9.86887e-05
0.0120924 -0.000336292 -1.43577e-09 -0.000336292 0.0104216 -2.58294e-07 -1.43577e-09 -2.58294e-07 1.03519e-06 
30
0
0
-5.35196e-05
0.0120867 -0.000336033 -1.43824e-09 -0.000336033 0.0104215 -2.58499e-07 -1.43824e-09 -2.58499e-07 1.03519e-06 
31
0
0
0.000324095
0.0120841 -0.000335908 -1.4349e-09 -0.000335908 0.0104214 -2.5868e-07 -1.4349e-09 -2.5868e-07 1.03519e-06 
32
0
0
6.64411e-05
0.0120828 -0.000335843 -1.4267e-09 -0.000335843 0.0104214 -2.58839e-07 -1.4267e-09 -2.58839e-07 1.0352e-06 
33
0
0
0.000322271
0.0120823 -0.000335817 -1.42284e-09 -0.000335817 0.0104214 -2.58979e-07 -1.42284e-09 -2.58979e-07 1.0352e-06 
34
0
0
-0.000176471
0.012082 -0.0003358 -1.4159e-09 -0.0003358 0.0104214 -2.59101e-07 -1.4159e-09 -2.59101e-07 1.0352e-06 
35
0
0
0.00118249
0.0120818 -0.000335801 -1.41474e-09 -0.000335801 0.0104214 -2.59208e-07 -1.41474e-09 -2.59208e-07 1.0352e-06 
36
0
0
-0.000605589
0.0120818 -0.000335779 -1.40026e-09 -0.000335779 0.0104214 -2.593e-07 -1.40026e-09 -2.593e-07 1.03521e-06 
37
0
0
-0.000877583
0.0120818 -0.000335799 -1.4083e-09 -0.000335799 0.0104214 -2.59381e-07 -1.4083e-09 -2.59381e-07 1.03521e-06 
38
0
0
-0.000813668
0.0120817 -0.00033581 -1.40959e-09 -0.00033581 0.0104214 -2.5945e-07 -1.40959e-09 -2.5945e-07 1.03521e-06 
39
0
0
-0.000290974
0.0120817 -0.000335814 -1.40737e-09 -0.000335814 0.0104214 -2.59511e-07 -1.40737e-09 -2.59511e-07 1.03521e-06 
40
0
0
-0.00106092
0.0120817 -0.000335807 -1.4005e-09 -0.000335807 0.0104214 -2.59565e-07 -1.4005e-09 -2.59565e-07 1.03521e-06 
41
0
0
0.000640414
0.0120817 -0.000335816 -1.40282e-09 -0.000335816 0.0104214 -2.59611e-07 -1.40282e-09 -2.59611e-07 1.03521e-06 
42
0
0
0.000640896
0.0120817 -0.000335793 -1.38717e-09 -0.000335793 0.0104214 -2.59651e-07 -1.38717e-09 -2.59651e-07 1.03521e-06 
43
0
0
6.33826e-05
0.0120817 -0.000335784 -1.38096e-09 -0.000335784 0.0104214 -2.59686e-07 -1.38096e-09 -2.59686e-07 1.03522e-06 
44
0
0
-0.000707853
0.0120817 -0.00033579 -1.38268e-09 -0.00033579 0.0104214 -2.59717e-07 -1.38268e-09 -2.59717e-07 1.03522e-06 
45
0
0
-6.91417e-05
0.0120817 -0.000335805 -1.38901e-09 -0.000335805 0.0104214 -2.59743e-07 -1.38901e-09 -2.59743e-07 1.03522e-06 
46
0
0
-0.000263184
0.0120817 -0.0003358 -1.38754e-09 -0.0003358 0.0104214 -2.59767e-07 -1.38754e-09 -2.59767e-07 1.03522e-06 
47
0
0
-9.67131e-05
0.0120817 -0.000335801 -1.38909e-09 -0.000335801 0.0104214 -2.59788e-07 -1.38909e-09 -2.59788e-07 1.03522e-06 
48
0
0
8.3123e-05
0.0120817 -0.000335799 -1.38818e-09 -0.000335799 0.0104214 -2.59805e-07 -1.38818e-09 -2.59805e-07 1.03522e-06 
49
0
0
0.000319865
0.0120817 -0.000335796 -1.38618e-09 -0.000335796 0.0104214 -2.5982e-07 -1.38618e-09 -2.5982e-07 1.03522e-06 
50
0
0
-0.000184327
0.0120817 -0.00033579 -1.38332e-09 -0.00033579 0.0104214 -2.59833e-07 -1.38332e-09 -2.59833e-07 1.03522e-06 
51
0
0
-0.000818516
0.0120817 -0.000335797 -1.38612e-09 -0.000335797 0.0104214 -2.59845e-07 -1.38612e-09 -2.59845e-07 1.03522e-06 
52
0
0
0.00055794
0.0120817 -0.000335809 -1.39175e-09 -0.000335809 0.0104214 -2.59854e-07 -1.39175e-09 -2.59854e-07 1.03522e-06 
53
0
0
-0.00043433
0.0120817 -0.000335792 -1.38042e-09 -0.000335792 0.0104214 -2.59863e-07 -1.38042e-09 -2.59863e-07 1.03522e-06 
54
0
0
0.000738559
0.0120817 -0.000335801 -1.38381e-09 -0.000335801 0.0104214 -2.59878e-07 -1.38381e-09 -2.59878e-07 1.03522e-06 
55
0
0
0.000765756
0.0120817 -0.000335786 -1.37454e-09 -0.000335786 0.0104214 -2.5989e-07 -1.37454e-09 -2.5989e-07 1.03522e-06 
56
0
0
0.000922373
0.0120817 -0.00033578 -1.37176e-09 -0.00033578 0.0104214 -2.59898e-07 -1.37176e-09 -2.59898e-07 1.03522e-06 
57
0
0
0.000545352
0.0120817 -0.000335775 -1.36962e-09 -0.000335775 0.0104214 -2.59904e-07 -1.36962e-09 -2.59904e-07 1.03522e-06 
58
0
0
5.56067e-05
0.0120817 -0.000335779 -1.37176e-09 -0.000335779 0.0104214 -2.59909e-07 -1.37176e-09 -2.59909e-07 1.03522e-06 
59
0
0
0.000874422
0.0120817 -0.000335788 -1.37689e-09 -0.000335788 0.0104214 -2.59912e-07 -1.37689e-09 -2.59912e-07 1.03522e-06 
60
0
0
-0.000445674
0.0120817 -0.000335779 -1.3711e-09 -0.000335779 0.0104214 -2.59915e-07 -1.3711e-09 -2.59915e-07 1.03522e-06 
61
0
0
0.000133115
0.0120817 -0.000335796 -1.38058e-09 -0.000335796 0.0104214 -2.59917e-07 -1.38058e-09 -2.59917e-07 1.03522e-06 
62
0
0
0.000480125
0.0120817 -0.000335794 -1.38304e-09 -0.000335794 0.0104214 -2.59921e-07 -1.38304e-09 -2.59921e-07 1.03522e-06 
63
0
0
6.14915e-05
0.0120817 -0.000335787 -1.38245e-09 -0.000335787 0.0104214 -2.59924e-07 -1.38245e-09 -2.59924e-07 1.03522e-06 
64
0
0
0.00024032
0.0120817 -0.000335791 -1.38593e-09 -0.000335791 0.0104214 -2.59926e-07 -1.38593e-09 -2.59926e-07 1.03522e-06 
65
0
0
-0.00027144
0.0120817 -0.00033579 -1.38565e-09 -0.00033579 0.0104214 -2.59928e-07 -1.38565e-09 -2.59928e-07 1.03522e-06 
66
0
0
-0.000853788
0.0120817 -0.000335798 -1.39023e-09 -0.000335798 0.0104214 -2.59929e-07 -1.39023e-09 -2.59929e-07 1.03522e-06 
67
0
0
-0.000549345
0.0120817 -0.00033581 -1.39664e-09 -0.00033581 0.0104214 -2.5993e-07 -1.39664e-09 -2.5993e-07 1.03522e-06 
68
0
0
0.00046134
0.0120817 -0.00033581 -1.39588e-09 -0.00033581 0.0104214 -2.59931e-07 -1.39588e-09 -2.59931e-07 1.03522e-06 
69
0
0
-0.000402688
0.0120817 -0.000335794 -1.38648e-09 -0.000335794 0.0104214 -2.59932e-07 -1.38648e-09 -2.59932e-07 1.03522e-06 
70
0
0
-0.000432921
0.0120817 -0.000335801 -1.39026e-09 -0.000335801 0.0104214 -2.59931e-07 -1.39026e-09 -2.59931e-07 1.03522e-06 
71
0
0
-0.000394973
0.0120817 -0.000335805 -1.39134e-09 -0.000335805 0.0104214 -2.59932e-07 -1.39134e-09 -2.59932e-07 1.03522e-06 
72
0
0
0.000744075
0.0120817 -0.000335805 -1.39143e-09 -0.000335805 0.0104214 -2.59932e-07 -1.39143e-09 -2.59932e-07 1.03522e-06 
73
0
0
0.000703973
0.0120817 -0.000335788 -1.38156e-09 -0.000335788 0.0104214 -2.59932e-07 -1.38156e-09 -2.59932e-07 1.03522e-06 
74
0
0
0.000529407
0.0120817 -0.000335781 -1.37779e-09 -0.000335781 0.0104214 -2.59932e-07 -1.37779e-09 -2.59932e-07 1.03522e-06 
75
0
0
0.0002291
0.0120817 -0.000335782 -1.37812e-09 -0.000335782 0.0104214 -2.59932e-07 -1.37812e-09 -2.59932e-07 1.03522e-06 
76
0
0
0.00108874
0.0120817 -0.000335787 -1.38064e-09 -0.000335787 0.0104214 -2.59933e-07 -1.38064e-09 -2.59933e-07 1.03522e-06 
77
0
0
0.000208786
0.0120817 -0.000335775 -1.3739e-09 -0.000335775 0.0104214 -2.59933e-07 -1.3739e-09 -2.59933e-07 1.03522e-06 
78
0
0
-0.000575917
0.0120817 -0.000335784 -1.37576e-09 -0.000335784 0.0104214 -2.59936e-07 -1.37576e-09 -2.59936e-07 1.03522e-06 
79
0
0
-0.000659469
0.0120817 -0.0003358 -1.38198e-09 -0.0003358 0.0104214 -2.59937e-07 -1.38198e-09 -2.59937e-07 1.03522e-06 
80
0
0
-0.000522874
0.0120817 -0.000335808 -1.38369e-09 -0.000335808 0.0104214 -2.59938e-07 -1.38369e-09 -2.59938e-07 1.03522e-06 
81
0
0
-0.000569432
0.0120817 -0.000335809 -1.38274e-09 -0.000335809 0.0104214 -2.59939e-07 -1.38274e-09 -2.59939e-07 1.03522e-06 
82
0
0
0.000321994
0.0120817 -0.00033581 -1.38271e-09 -0.00033581 0.0104214 -2.59938e-07 -1.38271e-09 -2.59938e-07 1.03522e-06 
83
0
0
0.000176695
0.0120817 -0.000335796 -1.37531e-09 -0.000335796 0.0104214 -2.59939e-07 -1.37531e-09 -2.59939e-07 1.03522e-06 
84
0
0
-0.000120407
0.0120817 -0.000335793 -1.37432e-09 -0.000335793 0.0104214 -2.59939e-07 -1.37432e-09 -2.59939e-07 1.03522e-06 
85
0
0
0.000183745
0.0120817 -0.000335796 -1.37666e-09 -0.000335796 0.0104214 -2.59939e-07 -1.37666e-09 -2.59939e-07 1.03522e-06 
86
0
0
-0.000102844
0.0120817 -0.000335793 -1.36689e-09 -0.000335793 0.0104214 -2.59942e-07 -1.36689e-09 -2.59942e-07 1.03522e-06 
87
0
0
-0.00105144
0.0120817 -0.000335796 -1.36299e-09 -0.000335796 0.0104214 -2.59944e-07 -1.36299e-09 -2.59944e-07 1.03522e-06 
88
0
0
-0.000530943
0.0120817 -0.000335813 -1.36829e-09 -0.000335813 0.0104214 -2.59945e-07 -1.36829e-09 -2.59945e-07 1.03522e-06 
89
0
0
-0.00021771
0.0120817 -0.000335811 -1.36491e-09 -0.000335811 0.0104214 -2.59946e-07 -1.36491e-09 -2.59946e-07 1.03522e-06 
90
0
0
-0.000512907
0.0120817 -0.000335805 -1.36047e-09 -0.000335805 0.0104214 -2.59946e-07 -1.36047e-09 -2.59946e-07 1.03522e-06 
91
0
0
-0.000569149
0.0120817 -0.000335807 -1.36143e-09 -0.000335807 0.0104214 -2.59945e-07 -1.36143e-09 -2.59945e-07 1.03522e-06 
92
0
0
-0.000249961
0.0120817 -0.000335809 -1.36203e-09 -0.000335809 0.0104214 -2.59945e-07 -1.36203e-09 -2.59945e-07 1.03522e-06 
93
0
0
0.000279436
0.0120817 -0.000335805 -1.35887e-09 -0.000335805 0.0104214 -2.59945e-07 -1.35887e-09 -2.59945e-07 1.03522e-06 
94
0
0
-0.000213183
0.0120817 -0.000335795 -1.36264e-09 -0.000335795 0.0104214 -2.59948e-07 -1.36264e-09 -2.59948e-07 1.03522e-06 
95
0
0
-9.16648e-05
0.0120817 -0.000335799 -1.37147e-09 -0.000335799 0.0104214 -2.59949e-07 -1.37147e-09 -2.59949e-07 1.03522e-06 
96
0
0
0.000332047
0.0120817 -0.000335798 -1.37524e-09 -0.000335798 0.0104214 -2.59949e-07 -1.37524e-09 -2.59949e-07 1.03522e-06 
97
0
0
0.000223984
0.0120817 -0.000335791 -1.37426e-09 -0.000335791 0.0104214 -2.5995e-07 -1.37426e-09 -2.5995e-07 1.03522e-06 
98
0
0
-2.21457e-05
0.0120817 -0.00033579 -1.37595e-09 -0.00033579 0.0104214 -2.5995e-07 -1.37595e-09 -2.5995e-07 1.03522e-06 
99
0
0
4.52444e-06
0.0120817 -0.000335794 -1.37904e-09 -0.000335794 0.0104214 -2.5995e-07 -1.37904e-09 -2.5995e-07 1.03522e-06 
100
0
0
0.000202638
0.0120817 -0.000335795 -1.3799e-09 -0.000335795 0.0104214 -2.5995e-07 -1.3799e-09 -2.5995e-07 1.03522e-06 
101
0
0
0.000525761
0.0120817 -0.000335792 -1.37861e-09 -0.000335792 0.0104214 -2.5995e-07 -1.37861e-09 -2.5995e-07 1.03522e-06 
102
0
0
-0.000126931
0.0120817 -0.000335786 -1.38584e-09 -0.000335786 0.0104214 -2.59947e-07 -1.38584e-09 -2.59947e-07 1.03522e-06 
103
0
0
-0.00101094
0.0120817 -0.000335794 -1.39815e-09 -0.000335794 0.0104214 -2.59945e-07 -1.39815e-09 -2.59945e-07 1.03522e-06 
104
0
0
-0.000248747
0.0120817 -0.000335811 -1.41174e-09 -0.000335811 0.0104214 -2.59944e-07 -1.41174e-09 -2.59944e-07 1.03522e-06 
105
0
0
-0.000119159
0.0120817 -0.000335805 -1.41063e-09 -0.000335805 0.0104214 -2.59943e-07 -1.41063e-09 -2.59943e-07 1.03522e-06 
106
0
0
0.000178237
0.0120817 -0.000335801 -1.40979e-09 -0.000335801 0.0104214 -2.59943e-07 -1.40979e-09 -2.59943e-07 1.03522e-06 
107
0
0
0.000226933
0.0120817 -0.000335795 -1.40764e-09 -0.000335795 0.0104214 -2.59943e-07 -1.40764e-09 -2.59943e-07 1.03522e-06 
108
0
0
0.0003884
0.0120817 -0.000335792 -1.40709e-09 -0.000335792 0.0104214 -2.59943e-07 -1.40709e-09 -2.59943e-07 1.03522e-06 
109
0
0
0.000116067
0.0120817 -0.000335788 -1.40588e-09 -0.000335788 0.0104214 -2.59943e-07 -1.40588e-09 -2.59943e-07 1.03522e-06 
110
0
0
-7.37151e-05
0.0120817 -0.000335791 -1.41556e-09 -0.000335791 0.0104214 -2.59948e-07 -1.41556e-09 -2.59948e-07 1.03522e-06 
111
0
0
0.000758494
0.0120817 -0.000335795 -1.42371e-09 -0.000335795 0.0104214 -2.59951e-07 -1.42371e-09 -2.59951e-07 1.03522e-06 
112
0
0
1.88749e-05
0.0120817 -0.000335783 -1.42063e-09 -0.000335783 0.0104214 -2.59953e-07 -1.42063e-09 -2.59953e-07 1.03522e-06 
113
0
0
-5.88563e-05
0.0120817 -0.000335791 -1.42661e-09 -0.000335791 0.0104214 -2.59954e-07 -1.42661e-09 -2.59954e-07 1.03522e-06 
114
0
0
-0.000721606
0.0120817 -0.000335795 -1.43006e-09 -0.000335795 0.0104214 -2.59954e-07 -1.43006e-09 -2.59954e-07 1.03522e-06 
115
0
0
-7.77664e-05
0.0120817 -0.000335807 -1.43734e-09 -0.000335807 0.0104214 -2.59955e-07 -1.43734e-09 -2.59955e-07 1.03522e-06 
116
0
0
-0.000155873
0.0120817 -0.000335801 -1.43477e-09 -0.000335801 0.0104214 -2.59955e-07 -1.43477e-09 -2.59955e-07 1.03522e-06 
117
0
0
-0.000169796
0.0120817 -0.0003358 -1.43519e-09 -0.0003358 0.0104214 -2.59954e-07 -1.43519e-09 -2.59954e-07 1.03522e-06 
118
0
0
-0.000460927
0.0120817 -0.0003358 -1.44057e-09 -0.0003358 0.0104214 -2.59945e-07 -1.44057e-09 -2.59945e-07 1.03522e-06 
119
0
0
-2.17838e-05
0.0120817 -0.000335805 -1.44692e-09 -0.000335805 0.0104214 -2.59939e-07 -1.44692e-09 -2.59939e-07 1.03522e-06 
120
0
0
0.000331238
0.0120817 -0.000335799 -1.44704e-09 -0.000335799 0.0104214 -2.59936e-07 -1.44704e-09 -2.59936e-07 1.03522e-06 
121
0
0
-4.19885e-05
0.0120817 -0.000335792 -1.44493e-09 -0.000335792 0.0104214 -2.59934e-07 -1.44493e-09 -2.59934e-07 1.03522e-06 
122
0
0
-4.00951e-05
0.0120817 -0.000335795 -1.44744e-09 -0.000335795 0.0104214 -2.59934e-07 -1.44744e-09 -2.59934e-07 1.03522e-06 
123
0
0
4.17181e-05
0.0120817 -0.000335796 -1.44803e-09 -0.000335796 0.0104214 -2.59933e-07 -1.44803e-09 -2.59933e-07 1.03522e-06 
124
0
0
-0.000574883
0.0120817 -0.000335795 -1.4475e-09 -0.000335795 0.0104214 -2.59933e-07 -1.4475e-09 -2.59933e-07 1.03522e-06 
125
0
0
0.0010277
0.0120817 -0.000335804 -1.45292e-09 -0.000335804 0.0104214 -2.59933e-07 -1.45292e-09 -2.59933e-07 1.03522e-06 
126
0
0
0.000882434
0.0120817 -0.000335783 -1.43398e-09 -0.000335783 0.0104214 -2.59931e-07 -1.43398e-09 -2.59931e-07 1.03522e-06 
127
0
0
-0.000946226
0.0120817 -0.000335777 -1.42655e-09 -0.000335777 0.0104214 -2.5993e-07 -1.42655e-09 -2.5993e-07 1.03522e-06 
128
0
0
2.33362e-05
0.0120817 -0.000335803 -1.4381e-09 -0.000335803 0.0104214 -2.59929e-07 -1.4381e-09 -2.59929e-07 1.03522e-06 
129
0
0
-0.000356357
0.0120817 -0.000335798 -1.43265e-09 -0.000335798 0.0104214 -2.59929e-07 -1.43265e-09 -2.59929e-07 1.03522e-06 
130
0
0
-0.000261034
0.0120817 -0.000335802 -1.4343e-09 -0.000335802 0.0104214 -2.59928e-07 -1.4343e-09 -2.59928e-07 1.03522e-06 
131
0
0
0.000422245
0.0120817 -0.000335802 -1.4338e-09 -0.000335802 0.0104214 -2.59928e-07 -1.4338e-09 -2.59928e-07 1.03522e-06 
132
0
0
0.000240755
0.0120817 -0.000335791 -1.42745e-09 -0.000335791 0.0104214 -2.59928e-07 -1.42745e-09 -2.59928e-07 1.03522e-06 
133
0
0
0.000211661
0.0120817 -0.00033579 -1.42726e-09 -0.00033579 0.0104214 -2.59928e-07 -1.42726e-09 -2.59928e-07 1.03522e-06 
134
0
0
0.00144192
0.0120817 -0.00033579 -1.4316e-09 -0.00033579 0.0104214 -2.5993e-07 -1.4316e-09 -2.5993e-07 1.03522e-06 
135
0
0
-1.77414e-05
0.0120818 -0.000335771 -1.42438e-09 -0.000335771 0.0104214 -2.59931e-07 -1.42438e-09 -2.59931e-07 1.03522e-06 
136
0
0
0.000536619
0.0120817 -0.000335786 -1.43549e-09 -0.000335786 0.0104214 -2.59932e-07 -1.43549e-09 -2.59932e-07 1.03522e-06 
137
0
0
2.7796e-05
0.0120817 -0.000335784 -1.43487e-09 -0.000335784 0.0104214 -2.59932e-07 -1.43487e-09 -2.59932e-07 1.03522e-06 
138
0
0
-0.000494833
0.0120817 -0.000335791 -1.43954e-09 -0.000335791 0.0104214 -2.59932e-07 -1.43954e-09 -2.59932e-07 1.03522e-06 
139
0
0
-0.000404102
0.0120817 -0.000335802 -1.44624e-09 -0.000335802 0.0104214 -2.59931e-07 -1.44624e-09 -2.59931e-07 1.03522e-06 
140
0
0
0.000168323
0.0120817 -0.000335804 -1.44874e-09 -0.000335804 0.0104214 -2.59931e-07 -1.44874e-09 -2.59931e-07 1.03522e-06 
141
0
0
0.00034944
0.0120817 -0.000335796 -1.44491e-09 -0.000335796 0.0104214 -2.59932e-07 -1.44491e-09 -2.59932e-07 1.03522e-06 
142
0
0
-0.000472193
0.0120817 -0.00033579 -1.43546e-09 -0.00033579 0.0104214 -2.59946e-07 -1.43546e-09 -2.59946e-07 1.03522e-06 
143
0
0
-0.000352812
0.0120817 -0.000335801 -1.43691e-09 -0.000335801 0.0104214 -2.59955e-07 -1.43691e-09 -2.59955e-07 1.03522e-06 
144
0
0
-6.94118e-05
0.0120817 -0.000335803 -1.43562e-09 -0.000335803 0.0104214 -2.59959e-07 -1.43562e-09 -2.59959e-07 1.03522e-06 
145
0
0
0.000329054
0.0120817 -0.0003358 -1.43273e-09 -0.0003358 0.0104214 -2.59961e-07 -1.43273e-09 -2.59961e-07 1.03522e-06 
146
0
0
-0.000542432
0.0120817 -0.000335792 -1.42887e-09 -0.000335792 0.0104214 -2.59962e-07 -1.42887e-09 -2.59962e-07 1.03522e-06 
147
0
0
0.000225963
0.0120817 -0.000335803 -1.4353e-09 -0.000335803 0.0104214 -2.59963e-07 -1.4353e-09 -2.59963e-07 1.03522e-06 
148
0
0
0.000195917
0.0120817 -0.000335795 -1.43101e-09 -0.000335795 0.0104214 -2.59963e-07 -1.43101e-09 -2.59963e-07 1.03522e-06 
149
0
0
0.000443203
0.0120817 -0.000335792 -1.43039e-09 -0.000335792 0.0104214 -2.59963e-07 -1.43039e-09 -2.59963e-07 1.03522e-06 
150
0
0
0.000158212
0.0120817 -0.000335787 -1.43023e-09 -0.000335787 0.0104214 -2.59953e-07 -1.43023e-09 -2.59953e-07 1.03522e-06 
151
0
0
2.86516e-05
0.0120817 -0.00033579 -1.43342e-09 -0.00033579 0.0104214 -2.59946e-07 -1.43342e-09 -2.59946e-07 1.03522e-06 
152
0
0
8.33363e-05
0.0120817 -0.000335793 -1.43593e-09 -0.000335793 0.0104214 -2.59943e-07 -1.43593e-09 -2.59943e-07 1.03522e-06 
153
0
0
-3.46913e-05
0.0120817 -0.000335793 -1.4369e-09 -0.000335793 0.0104214 -2.59942e-07 -1.4369e-09 -2.59942e-07 1.03522e-06 
154
0
0
-0.000584639
0.0120817 -0.000335795 -1.4383e-09 -0.000335795 0.0104214 -2.59941e-07 -1.4383e-09 -2.59941e-07 1.03522e-06 
155
0
0
4.47462e-05
0.0120817 -0.000335805 -1.44377e-09 -0.000335805 0.0104214 -2.5994e-07 -1.44377e-09 -2.5994e-07 1.03522e-06 
156
0
0
-0.000499983
0.0120817 -0.000335798 -1.44042e-09 -0.000335798 0.0104214 -2.5994e-07 -1.44042e-09 -2.5994e-07 1.03522e-06 
157
0
0
-0.000462405
0.0120817 -0.000335805 -1.44426e-09 -0.000335805 0.0104214 -2.59939e-07 -1.44426e-09 -2.59939e-07 1.03522e-06 
158
0
0
-0.000169843
0.0120817 -0.000335806 -1.438e-09 -0.000335806 0.0104214 -2.59943e-07 -1.438e-09 -2.59943e-07 1.03522e-06 
159
0
0
-0.000394032
0.0120817 -0.000335802 -1.43093e-09 -0.000335802 0.0104214 -2.59946e-07 -1.43093e-09 -2.59946e-07 1.03522e-06 
160
0
0
-0.000150064
0.0120817 -0.000335804 -1.42898e-09 -0.000335804 0.0104214 -2.59947e-07 -1.42898e-09 -2.59947e-07 1.03522e-06 
161
0
0
-0.000432928
0.0120817 -0.000335801 -1.42496e-09 -0.000335801 0.0104214 -2.59947e-07 -1.42496e-09 -2.59947e-07 1.03522e-06 
162
0
0
-0.000521588
0.0120817 -0.000335805 -1.4255e-09 -0.000335805 0.0104214 -2.59947e-07 -1.4255e-09 -2.59947e-07 1.03522e-06 
163
0
0
-0.000164501
0.0120817 -0.000335807 -1.42573e-09 -0.000335807 0.0104214 -2.59947e-07 -1.42573e-09 -2.59947e-07 1.03522e-06 
164
0
0
-0.000253874
0.0120817 -0.000335803 -1.42233e-09 -0.000335803 0.0104214 -2.59947e-07 -1.42233e-09 -2.59947e-07 1.03522e-06 
165
0
0
0.00093851
0.0120817 -0.000335802 -1.42176e-09 -0.000335802 0.0104214 -2.59946e-07 -1.42176e-09 -2.59946e-07 1.03522e-06 
166
0
0
0.000851338
0.0120817 -0.000335783 -1.39815e-09 -0.000335783 0.0104214 -2.59948e-07 -1.39815e-09 -2.59948e-07 1.03522e-06 
167
0
0
-0.000207574
0.0120817 -0.000335777 -1.3859e-09 -0.000335777 0.0104214 -2.5995e-07 -1.3859e-09 -2.5995e-07 1.03522e-06 
168
0
0
-0.000529351
0.0120817 -0.000335792 -1.38816e-09 -0.000335792 0.0104214 -2.59951e-07 -1.38816e-09 -2.59951e-07 1.03522e-06 
169
0
0
0.000360924
0.0120817 -0.000335803 -1.39014e-09 -0.000335803 0.0104214 -2.59951e-07 -1.39014e-09 -2.59951e-07 1.03522e-06 
170
0
0
0.000309141
0.0120817 -0.000335793 -1.38213e-09 -0.000335793 0.0104214 -2.59951e-07 -1.38213e-09 -2.59951e-07 1.03522e-06 
171
0
0
0.000422498
0.0120817 -0.00033579 -1.37875e-09 -0.00033579 0.0104214 -2.59952e-07 -1.37875e-09 -2.59952e-07 1.03522e-06 
172
0
0
-0.000649851
0.0120817 -0.000335787 -1.37594e-09 -0.000335787 0.0104214 -2.59952e-07 -1.37594e-09 -2.59952e-07 1.03522e-06 
173
0
0
1.86481e-05
0.0120817 -0.000335802 -1.38384e-09 -0.000335802 0.0104214 -2.59952e-07 -1.38384e-09 -2.59952e-07 1.03522e-06 
174
0
0
-5.68264e-05
0.0120817 -0.000335798 -1.39301e-09 -0.000335798 0.0104214 -2.59956e-07 -1.39301e-09 -2.59956e-07 1.03522e-06 
175
0
0
7.31349e-08
0.0120817 -0.000335797 -1.40176e-09 -0.000335797 0.0104214 -2.59959e-07 -1.40176e-09 -2.59959e-07 1.03522e-06 
176
0
0
0.000530304
0.0120817 -0.000335796 -1.4064e-09 -0.000335796 0.0104214 -2.5996e-07 -1.4064e-09 -2.5996e-07 1.03522e-06 
177
0
0
8.08041e-05
0.0120817 -0.000335787 -1.4044e-09 -0.000335787 0.0104214 -2.59962e-07 -1.4044e-09 -2.59962e-07 1.03522e-06 
178
0
0
-0.00079396
0.0120817 -0.000335791 -1.40815e-09 -0.000335791 0.0104214 -2.59963e-07 -1.40815e-09 -2.59963e-07 1.03522e-06 
179
0
0
-0.000535269
0.0120817 -0.000335807 -1.41738e-09 -0.000335807 0.0104214 -2.59963e-07 -1.41738e-09 -2.59963e-07 1.03522e-06 
180
0
0
0.000476215
0.0120817 -0.000335808 -1.41829e-09 -0.000335808 0.0104214 -2.59963e-07 -1.41829e-09 -2.59963e-07 1.03522e-06 
181
0
0
-0.00063096
0.0120817 -0.000335793 -1.41056e-09 -0.000335793 0.0104214 -2.59963e-07 -1.41056e-09 -2.59963e-07 1.03522e-06 
182
0
0
-0.000195281
0.0120817 -0.000335805 -1.42104e-09 -0.000335805 0.0104214 -2.59957e-07 -1.42104e-09 -2.59957e-07 1.03522e-06 
183
0
0
-0.00025333
0.0120817 -0.000335802 -1.42195e-09 -0.000335802 0.0104214 -2.59953e-07 -1.42195e-09 -2.59953e-07 1.03522e-06 
184
0
0
0.000268474
0.0120817 -0.000335802 -1.42316e-09 -0.000335802 0.0104214 -2.59951e-07 -1.42316e-09 -2.59951e-07 1.03522e-06 
185
0
0
-0.00056458
0.0120817 -0.000335794 -1.41944e-09 -0.000335794 0.0104214 -2.5995e-07 -1.41944e-09 -2.5995e-07 1.03522e-06 
186
0
0
0.000251652
0.0120817 -0.000335804 -1.42548e-09 -0.000335804 0.0104214 -2.59949e-07 -1.42548e-09 -2.59949e-07 1.03522e-06 
187
0
0
0.000683594
0.0120817 -0.000335795 -1.42033e-09 -0.000335795 0.0104214 -2.59949e-07 -1.42033e-09 -2.59949e-07 1.03522e-06 
188
0
0
-1.75477e-05
0.0120817 -0.000335784 -1.41483e-09 -0.000335784 0.0104214 -2.59949e-07 -1.41483e-09 -2.59949e-07 1.03522e-06 
189
0
0
-0.00059658
0.0120817 -0.000335792 -1.41934e-09 -0.000335792 0.0104214 -2.59949e-07 -1.41934e-09 -2.59949e-07 1.03522e-06 
190
0
0
-0.000725914
0.0120817 -0.000335804 -1.42856e-09 -0.000335804 0.0104214 -2.59955e-07 -1.42856e-09 -2.59955e-07 1.03522e-06 
191
0
0
-0.00135974
0.0120817 -0.00033581 -1.43436e-09 -0.00033581 0.0104214 -2.59959e-07 -1.43436e-09 -2.59959e-07 1.03522e-06 
192
0
0
0.000146993
0.0120817 -0.000335823 -1.44256e-09 -0.000335823 0.0104214 -2.59961e-07 -1.44256e-09 -2.59961e-07 1.03522e-06 
193
0
0
-0.000224344
0.0120817 -0.000335804 -1.43231e-09 -0.000335804 0.0104214 -2.59962e-07 -1.43231e-09 -2.59962e-07 1.03522e-06 
194
0
0
-0.000678866
0.0120817 -0.000335802 -1.43248e-09 -0.000335802 0.0104214 -2.59963e-07 -1.43248e-09 -2.59963e-07 1.03522e-06 
195
0
0
-0.000680621
0.0120817 -0.000335809 -1.4375e-09 -0.000335809 0.0104214 -2.59963e-07 -1.4375e-09 -2.59963e-07 1.03522e-06 
196
0
0
0.000335622
0.0120817 -0.000335811 -1.43951e-09 -0.000335811 0.0104214 -2.59964e-07 -1.43951e-09 -2.59964e-07 1.03522e-06 
197
0
0
-0.00100517
0.0120817 -0.000335796 -1.43221e-09 -0.000335796 0.0104214 -2.59965e-07 -1.43221e-09 -2.59965e-07 1.03522e-06 
198
0
0
-0.000474778
0.0120817 -0.000335812 -1.43514e-09 -0.000335812 0.0104214 -2.59966e-07 -1.43514e-09 -2.59966e-07 1.03522e-06 
199
0
0
5.78861e-05
0.0120817 -0.000335809 -1.42945e-09 -0.000335809 0.0104214 -2.59968e-07 -1.42945e-09 -2.59968e-07 1.03522e-06 
200
0
0
0.000420484
0.0120817 -0.0003358 -1.42212e-09 -0.0003358 0.0104214 -2.59968e-07 -1.42212e-09 -2.59968e-07 1.03522e-06 
201
0
0
0.00106872
0.0120817 -0.000335791 -1.41608e-09 -0.000335791 0.0104214 -2.59969e-07 -1.41608e-09 -2.59969e-07 1.03522e-06 
202
0
0
-0.000889963
0.0120817 -0.000335777 -1.40835e-09 -0.000335777 0.0104214 -2.59969e-07 -1.40835e-09 -2.59969e-07 1.03522e-06 
203
0
0
0.000257082
0.0120817 -0.000335802 -1.42228e-09 -0.000335802 0.0104214 -2.59969e-07 -1.42228e-09 -2.59969e-07 1.03522e-06 
204
0
0
-2.19792e-06
0.0120817 -0.000335794 -1.41729e-09 -0.000335794 0.0104214 -2.5997e-07 -1.41729e-09 -2.5997e-07 1.03522e-06 
205
0
0
0.000338231
0.0120817 -0.000335795 -1.4183e-09 -0.000335795 0.0104214 -2.59969e-07 -1.4183e-09 -2.59969e-07 1.03522e-06 
206
0
0
0.000867746
0.0120817 -0.00033579 -1.41808e-09 -0.00033579 0.0104214 -2.59969e-07 -1.41808e-09 -2.59969e-07 1.03522e-06 
207
0
0
0.00039393
0.0120817 -0.00033578 -1.41422e-09 -0.00033578 0.0104214 -2.5997e-07 -1.41422e-09 -2.5997e-07 1.03522e-06 
208
0
0
-3.96477e-05
0.0120817 -0.000335783 -1.41764e-09 -0.000335783 0.0104214 -2.5997e-07 -1.41764e-09 -2.5997e-07 1.03522e-06 
209
0
0
0.000520726
0.0120817 -0.000335792 -1.42241e-09 -0.000335792 0.0104214 -2.5997e-07 -1.42241e-09 -2.5997e-07 1.03522e-06 
210
0
0
-0.00056848
0.0120817 -0.000335786 -1.41919e-09 -0.000335786 0.0104214 -2.59971e-07 -1.41919e-09 -2.59971e-07 1.03522e-06 
211
0
0
6.16367e-05
0.0120817 -0.000335801 -1.42817e-09 -0.000335801 0.0104214 -2.5997e-07 -1.42817e-09 -2.5997e-07 1.03522e-06 
212
0
0
-6.53444e-06
0.0120817 -0.000335797 -1.42597e-09 -0.000335797 0.0104214 -2.59971e-07 -1.42597e-09 -2.59971e-07 1.03522e-06 
213
0
0
-0.000248615
0.0120817 -0.000335796 -1.42579e-09 -0.000335796 0.0104214 -2.59971e-07 -1.42579e-09 -2.59971e-07 1.03522e-06 
214
0
0
0.000166845
0.0120817 -0.0003358 -1.4309e-09 -0.0003358 0.0104214 -2.59975e-07 -1.4309e-09 -2.59975e-07 1.03522e-06 
215
0
0
-0.000454054
0.0120817 -0.000335795 -1.43018e-09 -0.000335795 0.0104214 -2.59977e-07 -1.43018e-09 -2.59977e-07 1.03522e-06 
216
0
0
0.000132682
0.0120817 -0.000335802 -1.43567e-09 -0.000335802 0.0104214 -2.59978e-07 -1.43567e-09 -2.59978e-07 1.03522e-06 
217
0
0
-0.000310165
0.0120817 -0.000335796 -1.43253e-09 -0.000335796 0.0104214 -2.59979e-07 -1.43253e-09 -2.59979e-07 1.03522e-06 
218
0
0
-0.000899249
0.0120817 -0.000335801 -1.43532e-09 -0.000335801 0.0104214 -2.59979e-07 -1.43532e-09 -2.59979e-07 1.03522e-06 
219
0
0
-8.77945e-05
0.0120817 -0.000335812 -1.4416e-09 -0.000335812 0.0104214 -2.59979e-07 -1.4416e-09 -2.59979e-07 1.03522e-06 
220
0
0
-0.00033678
0.0120817 -0.000335803 -1.43631e-09 -0.000335803 0.0104214 -2.59979e-07 -1.43631e-09 -2.59979e-07 1.03522e-06 
221
0
0
-0.00021754
0.0120817 -0.000335804 -1.43662e-09 -0.000335804 0.0104214 -2.5998e-07 -1.43662e-09 -2.5998e-07 1.03522e-06 
222
0
0
0.000180105
0.0120817 -0.000335802 -1.4285e-09 -0.000335802 0.0104214 -2.59978e-07 -1.4285e-09 -2.59978e-07 1.03522e-06 
223
0
0
0.000558231
0.0120817 -0.000335795 -1.42005e-09 -0.000335795 0.0104214 -2.59976e-07 -1.42005e-09 -2.59976e-07 1.03522e-06 
224
0
0
0.00128556
0.0120817 -0.000335787 -1.41354e-09 -0.000335787 0.0104214 -2.59976e-07 -1.41354e-09 -2.59976e-07 1.03522e-06 
225
0
0
6.04296e-05
0.0120818 -0.000335772 -1.40494e-09 -0.000335772 0.0104214 -2.59976e-07 -1.40494e-09 -2.59976e-07 1.03522e-06 
226
0
0
0.000426935
0.0120817 -0.000335786 -1.4124e-09 -0.000335786 0.0104214 -2.59976e-07 -1.4124e-09 -2.59976e-07 1.03522e-06 
227
0
0
0.000517772
0.0120817 -0.000335785 -1.4119e-09 -0.000335785 0.0104214 -2.59976e-07 -1.4119e-09 -2.59976e-07 1.03522e-06 
228
0
0
-0.000596849
0.0120817 -0.000335783 -1.41141e-09 -0.000335783 0.0104214 -2.59976e-07 -1.41141e-09 -2.59976e-07 1.03522e-06 
229
0
0
-0.000414751
0.0120817 -0.0003358 -1.42153e-09 -0.0003358 0.0104214 -2.59976e-07 -1.42153e-09 -2.59976e-07 1.03522e-06 
230
0
0
0.00108323
0.0120817 -0.000335804 -1.4222e-09 -0.000335804 0.0104214 -2.59976e-07 -1.4222e-09 -2.59976e-07 1.03522e-06 
231
0
0
-0.000567563
0.0120817 -0.000335782 -1.40948e-09 -0.000335782 0.0104214 -2.59975e-07 -1.40948e-09 -2.59975e-07 1.03522e-06 
232
0
0
0.000764679
0.0120817 -0.000335799 -1.41924e-09 -0.000335799 0.0104214 -2.59975e-07 -1.41924e-09 -2.59975e-07 1.03522e-06 
233
0
0
-0.0013906
0.0120817 -0.000335785 -1.41033e-09 -0.000335785 0.0104214 -2.59975e-07 -1.41033e-09 -2.59975e-07 1.03522e-06 
234
0
0
0.000351316
0.0120817 -0.000335814 -1.42606e-09 -0.000335814 0.0104214 -2.59975e-07 -1.42606e-09 -2.59975e-07 1.03522e-06 
235
0
0
0.000238238
0.0120817 -0.000335797 -1.41631e-09 -0.000335797 0.0104214 -2.59975e-07 -1.41631e-09 -2.59975e-07 1.03522e-06 
236
0
0
-0.000728993
0.0120817 -0.000335792 -1.41385e-09 -0.000335792 0.0104214 -2.59976e-07 -1.41385e-09 -2.59976e-07 1.03522e-06 
237
0
0
-0.000118857
0.0120817 -0.000335806 -1.42189e-09 -0.000335806 0.0104214 -2.59976e-07 -1.42189e-09 -2.59976e-07 1.03522e-06 
238
0
0
0.000238546
0.0120817 -0.000335801 -1.41532e-09 -0.000335801 0.0104214 -2.59976e-07 -1.41532e-09 -2.59976e-07 1.03522e-06 
239
0
0
-0.000259794
0.0120817 -0.000335794 -1.40847e-09 -0.000335794 0.0104214 -2.59976e-07 -1.40847e-09 -2.59976e-07 1.03522e-06 
240
0
0
-8.28371e-05
0.0120817 -0.000335799 -1.40974e-09 -0.000335799 0.0104214 -2.59976e-07 -1.40974e-09 -2.59976e-07 1.03522e-06 
241
0
0
-0.0004272
0.0120817 -0.000335798 -1.4084e-09 -0.000335798 0.0104214 -2.59977e-07 -1.4084e-09 -2.59977e-07 1.03522e-06 
242
0
0
-1.67594e-05
0.0120817 -0.000335803 -1.41103e-09 -0.000335803 0.0104214 -2.59977e-07 -1.41103e-09 -2.59977e-07 1.03522e-06 
243
0
0
-0.000235728
0.0120817 -0.000335799 -1.40896e-09 -0.000335799 0.0104214 -2.59976e-07 -1.40896e-09 -2.59976e-07 1.03522e-06 
244
0
0
-0.000709817
0.0120817 -0.000335801 -1.41065e-09 -0.000335801 0.0104214 -2.59976e-07 -1.41065e-09 -2.59976e-07 1.03522e-06 
245
0
0
-0.000378178
0.0120817 -0.000335809 -1.41519e-09 -0.000335809 0.0104214 -2.59976e-07 -1.41519e-09 -2.59976e-07 1.03522e-06 
246
0
0
1.98855e-06
0.0120817 -0.000335807 -1.40259e-09 -0.000335807 0.0104214 -2.5998e-07 -1.40259e-09 -2.5998e-07 1.03522e-06 
247
0
0
-6.28638e-05
0.0120817 -0.0003358 -1.39064e-09 -0.0003358 0.0104214 -2.59982e-07 -1.39064e-09 -2.59982e-07 1.03522e-06 
248
0
0
-0.000429572
0.0120817 -0.000335798 -1.38563e-09 -0.000335798 0.0104214 -2.59983e-07 -1.38563e-09 -2.59983e-07 1.03522e-06 
249
0
0
-0.000519727
0.0120817 -0.000335803 -1.38601e-09 -0.000335803 0.0104214 -2.59984e-07 -1.38601e-09 -2.59984e-07 1.03522e-06 
250
0
0
0.000649985
0.0120817 -0.000335807 -1.38639e-09 -0.000335807 0.0104214 -2.59986e-07 -1.38639e-09 -2.59986e-07 1.03522e-06 
251
0
0
-0.000237548
0.0120817 -0.00033579 -1.37583e-09 -0.00033579 0.0104214 -2.59987e-07 -1.37583e-09 -2.59987e-07 1.03522e-06 
252
0
0
0.00038001
0.0120817 -0.000335797 -1.38014e-09 -0.000335797 0.0104214 -2.59988e-07 -1.38014e-09 -2.59988e-07 1.03522e-06 
253
0
0
0.00100536
0.0120817 -0.00033579 -1.37669e-09 -0.00033579 0.0104214 -2.59988e-07 -1.37669e-09 -2.59988e-07 1.03522e-06 
254
0
0
-0.000615102
0.0120817 -0.000335778 -1.37187e-09 -0.000335778 0.0104214 -2.59985e-07 -1.37187e-09 -2.59985e-07 1.03522e-06 
255
0
0
0.000174449
0.0120817 -0.000335798 -1.38489e-09 -0.000335798 0.0104214 -2.59983e-07 -1.38489e-09 -2.59983e-07 1.03522e-06 
256
0
0
5.209e-06
0.0120817 -0.000335794 -1.3828e-09 -0.000335794 0.0104214 -2.59983e-07 -1.3828e-09 -2.59983e-07 1.03522e-06 
257
0
0
0.000486058
0.0120817 -0.000335795 -1.38394e-09 -0.000335795 0.0104214 -2.59982e-07 -1.38394e-09 -2.59982e-07 1.03522e-06 
258
0
0
0.000458484
0.0120817 -0.000335788 -1.38043e-09 -0.000335788 0.0104214 -2.59982e-07 -1.38043e-09 -2.59982e-07 1.03522e-06 
259
0
0
0.000629053
0.0120817 -0.000335785 -1.3801e-09 -0.000335785 0.0104214 -2.59982e-07 -1.3801e-09 -2.59982e-07 1.03522e-06 
260
0
0
9.96941e-05
0.0120817 -0.000335782 -1.37891e-09 -0.000335782 0.0104214 -2.59982e-07 -1.37891e-09 -2.59982e-07 1.03522e-06 
261
0
0
-0.000244839
0.0120817 -0.000335789 -1.38309e-09 -0.000335789 0.0104214 -2.59982e-07 -1.38309e-09 -2.59982e-07 1.03522e-06 
262
0
0
0.000180979
0.0120817 -0.000335797 -1.39628e-09 -0.000335797 0.0104214 -2.59976e-07 -1.39628e-09 -2.59976e-07 1.03522e-06 
263
0
0
-0.000102833
0.0120817 -0.000335793 -1.40096e-09 -0.000335793 0.0104214 -2.59973e-07 -1.40096e-09 -2.59973e-07 1.03522e-06 
264
0
0
-5.1193e-05
0.0120817 -0.000335796 -1.40745e-09 -0.000335796 0.0104214 -2.59972e-07 -1.40745e-09 -2.59972e-07 1.03522e-06 
265
0
0
-0.000302578
0.0120817 -0.000335797 -1.41023e-09 -0.000335797 0.0104214 -2.59971e-07 -1.41023e-09 -2.59971e-07 1.03522e-06 
266
0
0
0.000354527
0.0120817 -0.000335801 -1.41371e-09 -0.000335801 0.0104214 -2.59971e-07 -1.41371e-09 -2.59971e-07 1.03522e-06 
267
0
0
-0.000271119
0.0120817 -0.000335792 -1.40955e-09 -0.000335792 0.0104214 -2.59971e-07 -1.40955e-09 -2.59971e-07 1.03522e-06 
268
0
0
-0.000674465
0.0120817 -0.000335799 -1.41388e-09 -0.000335799 0.0104214 -2.59971e-07 -1.41388e-09 -2.59971e-07 1.03522e-06 
269
0
0
0.000515326
0.0120817 -0.000335807 -1.41904e-09 -0.000335807 0.0104214 -2.59971e-07 -1.41904e-09 -2.59971e-07 1.03522e-06 
270
0
0
0.000336534
0.0120817 -0.000335792 -1.40457e-09 -0.000335792 0.0104214 -2.59974e-07 -1.40457e-09 -2.59974e-07 1.03522e-06 
271
0
0
0.000153383
0.0120817 -0.000335789 -1.399e-09 -0.000335789 0.0104214 -2.59976e-07 -1.399e-09 -2.59976e-07 1.03522e-06 
272
0
0
-2.23657e-05
0.0120817 -0.000335791 -1.39796e-09 -0.000335791 0.0104214 -2.59976e-07 -1.39796e-09 -2.59976e-07 1.03522e-06 
273
0
0
-0.000367949
0.0120817 -0.000335794 -1.39881e-09 -0.000335794 0.0104214 -2.59976e-07 -1.39881e-09 -2.59976e-07 1.03522e-06 
274
0
0
-0.000695756
0.0120817 -0.000335801 -1.40187e-09 -0.000335801 0.0104214 -2.59977e-07 -1.40187e-09 -2.59977e-07 1.03522e-06 
275
0
0
0.000363
0.0120817 -0.000335809 -1.40557e-09 -0.000335809 0.0104214 -2.59977e-07 -1.40557e-09 -2.59977e-07 1.03522e-06 
276
0
0
0.000810751
0.0120817 -0.000335795 -1.39745e-09 -0.000335795 0.0104214 -2.59977e-07 -1.39745e-09 -2.59977e-07 1.03522e-06 
277
0
0
0.000331913
0.0120817 -0.000335782 -1.39048e-09 -0.000335782 0.0104214 -2.59978e-07 -1.39048e-09 -2.59978e-07 1.03522e-06 
278
0
0
8.58548e-05
0.0120817 -0.000335785 -1.39303e-09 -0.000335785 0.0104214 -2.59985e-07 -1.39303e-09 -2.59985e-07 1.03522e-06 
279
0
0
-7.36629e-05
0.0120817 -0.00033579 -1.39637e-09 -0.00033579 0.0104214 -2.59989e-07 -1.39637e-09 -2.59989e-07 1.03522e-06 
280
0
0
0.000120937
0.0120817 -0.000335795 -1.39855e-09 -0.000335795 0.0104214 -2.59991e-07 -1.39855e-09 -2.59991e-07 1.03522e-06 
281
0
0
-0.00027398
0.0120817 -0.000335793 -1.3978e-09 -0.000335793 0.0104214 -2.59992e-07 -1.3978e-09 -2.59992e-07 1.03522e-06 
282
0
0
0.000358021
0.0120817 -0.000335799 -1.40141e-09 -0.000335799 0.0104214 -2.59993e-07 -1.40141e-09 -2.59993e-07 1.03522e-06 
283
0
0
-0.000250729
0.0120817 -0.000335791 -1.39765e-09 -0.000335791 0.0104214 -2.59994e-07 -1.39765e-09 -2.59994e-07 1.03522e-06 
284
0
0
8.15963e-05
0.0120817 -0.000335798 -1.40161e-09 -0.000335798 0.0104214 -2.59994e-07 -1.40161e-09 -2.59994e-07 1.03522e-06 
285
0
0
-2.77577e-05
0.0120817 -0.000335795 -1.39997e-09 -0.000335795 0.0104214 -2.59995e-07 -1.39997e-09 -2.59995e-07 1.03522e-06 
286
0
0
-0.000341115
0.0120817 -0.000335796 -1.39278e-09 -0.000335796 0.0104214 -2.59991e-07 -1.39278e-09 -2.59991e-07 1.03522e-06 
287
0
0
-0.000317257
0.0120817 -0.000335801 -1.39032e-09 -0.000335801 0.0104214 -2.5999e-07 -1.39032e-09 -2.5999e-07 1.03522e-06 
288
0
0
0.000527748
0.0120817 -0.000335803 -1.38792e-09 -0.000335803 0.0104214 -2.5999e-07 -1.38792e-09 -2.5999e-07 1.03522e-06 
289
0
0
-0.000455865
0.0120817 -0.00033579 -1.37911e-09 -0.00033579 0.0104214 -2.5999e-07 -1.37911e-09 -2.5999e-07 1.03522e-06 
290
0
0
0.000352924
0.0120817 -0.000335801 -1.38407e-09 -0.000335801 0.0104214 -2.5999e-07 -1.38407e-09 -2.5999e-07 1.03522e-06 
291
0
0
0.00100029
0.0120817 -0.000335792 -1.37796e-09 -0.000335792 0.0104214 -2.5999e-07 -1.37796e-09 -2.5999e-07 1.03522e-06 
292
0
0
0.000403509
0.0120817 -0.000335778 -1.36973e-09 -0.000335778 0.0104214 -2.5999e-07 -1.36973e-09 -2.5999e-07 1.03522e-06 
293
0
0
-8.79156e-05
0.0120817 -0.000335783 -1.37157e-09 -0.000335783 0.0104214 -2.59991e-07 -1.37157e-09 -2.59991e-07 1.03522e-06 
294
0
0
-6.35099e-05
0.0120817 -0.000335792 -1.37383e-09 -0.000335792 0.0104214 -2.59991e-07 -1.37383e-09 -2.59991e-07 1.03522e-06 
295
0
0
-0.000159367
0.0120817 -0.000335795 -1.37331e-09 -0.000335795 0.0104214 -2.59992e-07 -1.37331e-09 -2.59992e-07 1.03522e-06 
296
0
0
-0.000230797
0.0120817 -0.000335798 -1.37376e-09 -0.000335798 0.0104214 -2.59992e-07 -1.37376e-09 -2.59992e-07 1.03522e-06 
297
0
0
-0.000138916
0.0120817 -0.0003358 -1.37454e-09 -0.0003358 0.0104214 -2.59993e-07 -1.37454e-09 -2.59993e-07 1.03522e-06 
298
0
0
-0.000176186
0.0120817 -0.0003358 -1.37449e-09 -0.0003358 0.0104214 -2.59993e-07 -1.37449e-09 -2.59993e-07 1.03522e-06 
299
0
0
-0.00104404
0.0120817 -0.0003358 -1.37469e-09 -0.0003358 0.0104214 -2.59993e-07 -1.37469e-09 -2.59993e-07 1.03522e-06 
300
0
0
0.000282509
0.0120817 -0.000335814 -1.38196e-09 -0.000335814 0.0104214 -2.59993e-07 -1.38196e-09 -2.59993e-07 1.03522e-06 
301
0
0
0.00116661
0.0120817 -0.000335798 -1.37277e-09 -0.000335798 0.0104214 -2.59993e-07 -1.37277e-09 -2.59993e-07 1.03522e-06 
302
0
0
0.0017941
0.0120817 -0.000335778 -1.36807e-09 -0.000335778 0.0104214 -2.59987e-07 -1.36807e-09 -2.59987e-07 1.03522e-06 
303
0
0
-0.000141748
0.0120818 -0.00033576 -1.36371e-09 -0.00033576 0.0104214 -2.59983e-07 -1.36371e-09 -2.59983e-07 1.03522e-06 
304
0
0
0.000260865
0.0120817 -0.000335784 -1.38002e-09 -0.000335784 0.0104214 -2.59981e-07 -1.38002e-09 -2.59981e-07 1.03522e-06 
305
0
0
-0.0010741
0.0120817 -0.000335787 -1.38283e-09 -0.000335787 0.0104214 -2.59981e-07 -1.38283e-09 -2.59981e-07 1.03522e-06 
306
0
0
0.000507035
0.0120817 -0.000335809 -1.39549e-09 -0.000335809 0.0104214 -2.59981e-07 -1.39549e-09 -2.59981e-07 1.03522e-06 
307
0
0
-0.000137921
