0
0
0
-0.000266402
0.00632102 -7.44339e-05 -4.31087e-09 -7.44339e-05 0.0065425 -1.42373e-07 -4.31087e-09 -1.42373e-07 1.21851e-06 
1
0
0
-0.000641859
0.0093053 -0.000180885 -4.20701e-09 -0.000180885 0.00905162 -1.84344e-07 -4.20701e-09 -1.84344e-07 1.03651e-06 
2
0
0
-0.0002029
0.0107701 -0.00025599 -3.74344e-09 -0.00025599 0.00996569 -2.0839e-07 -3.74344e-09 -2.0839e-07 1.03685e-06 
3
0
0
0.000456726
0.0114639 -0.000297132 -3.31505e-09 -0.000297132 0.010272 -2.19294e-07 -3.31505e-09 -2.19294e-07 1.0371e-06 
4
0
0
-9.65775e-05
0.0117902 -0.000317552 -3.0136e-09 -0.000317552 0.0103719 -2.24954e-07 -3.0136e-09 -2.24954e-07 1.03671e-06 
5
0
0
1.75671e-05
0.0119437 -0.000327279 -2.80993e-09 -0.000327279 0.0104043 -2.28748e-07 -2.80993e-09 -2.28748e-07 1.03631e-06 
6
0
0
-0.000314664
0.0120159 -0.000331819 -2.65616e-09 -0.000331819 0.0104149 -2.31835e-07 -2.65616e-09 -2.31835e-07 1.036e-06 
7
0
0
0.000265753
0.01205 -0.000333928 -2.53149e-09 -0.000333928 0.0104185 -2.34583e-07 -2.53149e-09 -2.34583e-07 1.03576e-06 
8
0
0
0.00064324
0.0120662 -0.000334895 -2.41607e-09 -0.000334895 0.0104197 -2.37104e-07 -2.41607e-09 -2.37104e-07 1.03558e-06 
9
0
0
0.000119604
0.0120739 -0.000335339 -2.30966e-09 -0.000335339 0.0104202 -2.3943e-07 -2.30966e-09 -2.3943e-07 1.03545e-06 
10
0
0
1.66549e-05
0.0120777 -0.000335557 -2.21651e-09 -0.000335557 0.0104204 -2.41571e-07 -2.21651e-09 -2.41571e-07 1.03535e-06 
11
0
0
2.16522e-05
0.0120795 -0.000335663 -2.12921e-09 -0.000335663 0.0104206 -2.43533e-07 -2.12921e-09 -2.43533e-07 1.03528e-06 
12
0
0
-0.000152233
0.0120804 -0.000335715 -2.05835e-09 -0.000335715 0.0104207 -2.45323e-07 -2.05835e-09 -2.45323e-07 1.03523e-06 
13
0
0
-0.000264197
0.0120809 -0.000335744 -1.99222e-09 -0.000335744 0.0104208 -2.46947e-07 -1.99222e-09 -2.46947e-07 1.03519e-06 
14
0
0
-0.000608434
0.0120812 -0.000335762 -1.9282e-09 -0.000335762 0.0104209 -2.48413e-07 -1.9282e-09 -2.48413e-07 1.03517e-06 
15
0
0
0.000278312
0.0120814 -0.000335777 -1.87035e-09 -0.000335777 0.010421 -2.49732e-07 -1.87035e-09 -2.49732e-07 1.03515e-06 
16
0
0
-0.000603014
0.0120815 -0.000335772 -1.80875e-09 -0.000335772 0.010421 -2.50916e-07 -1.80875e-09 -2.50916e-07 1.03514e-06 
17
0
0
-0.00012413
0.0120815 -0.000335786 -1.76392e-09 -0.000335786 0.0104211 -2.51974e-07 -1.76392e-09 -2.51974e-07 1.03514e-06 
18
0
0
0.000499918
0.0120816 -0.000335785 -1.71639e-09 -0.000335785 0.0104211 -2.52917e-07 -1.71639e-09 -2.52917e-07 1.03514e-06 
19
0
0
-0.00062425
0.0120816 -0.000335776 -1.66967e-09 -0.000335776 0.0104212 -2.53757e-07 -1.66967e-09 -2.53757e-07 1.03514e-06 
20
0
0
-0.000178452
0.0120816 -0.000335792 -1.64683e-09 -0.000335792 0.0104212 -2.54503e-07 -1.64683e-09 -2.54503e-07 1.03514e-06 
21
0
0
-0.000613463
0.0120817 -0.000335791 -1.6169e-09 -0.000335791 0.0104212 -2.55164e-07 -1.6169e-09 -2.55164e-07 1.03515e-06 
22
0
0
0.000271268
0.0120817 -0.000335799 -1.59377e-09 -0.000335799 0.0104213 -2.55747e-07 -1.59377e-09 -2.55747e-07 1.03515e-06 
23
0
0
0.000363421
0.0120817 -0.000335789 -1.56267e-09 -0.000335789 0.0104213 -2.56262e-07 -1.56267e-09 -2.56262e-07 1.03516e-06 
24
0
0
-0.000394245
0.0120817 -0.000335784 -1.53802e-09 -0.000335784 0.0104213 -2.56716e-07 -1.53802e-09 -2.56716e-07 1.03516e-06 
25
0
0
0.000482424
0.0120817 -0.000335794 -1.52424e-09 -0.000335794 0.0104213 -2.57115e-07 -1.52424e-09 -2.57115e-07 1.03517e-06 
26
0
0
3.99125e-05
0.0120817 -0.000335785 -1.50175e-09 -0.000335785 0.0104213 -2.57467e-07 -1.50175e-09 -2.57467e-07 1.03517e-06 
27
0
0
0.000129165
0.0120817 -0.000335789 -1.48892e-09 -0.000335789 0.0104213 -2.57776e-07 -1.48892e-09 -2.57776e-07 1.03518e-06 
28
0
0
-0.000334139
0.0120817 -0.000335789 -1.47569e-09 -0.000335789 0.0104214 -2.58047e-07 -1.47569e-09 -2.58047e-07 1.03518e-06 
29
0
0
-0.000174762
0.0120817 -0.000335797 -1.47074e-09 -0.000335797 0.0104214 -2.58284e-07 -1.47074e-09 -2.58284e-07 1.03519e-06 
30
0
0
-0.000264606
0.0120817 -0.000335797 -1.46265e-09 -0.000335797 0.0104214 -2.58492e-07 -1.46265e-09 -2.58492e-07 1.03519e-06 
31
0
0
7.46354e-06
0.0120817 -0.000335799 -1.45592e-09 -0.000335799 0.0104214 -2.58674e-07 -1.45592e-09 -2.58674e-07 1.03519e-06 
32
0
0
0.000345518
0.0120817 -0.000335796 -1.447e-09 -0.000335796 0.0104214 -2.58833e-07 -1.447e-09 -2.58833e-07 1.0352e-06 
33
0
0
-0.000711816
0.0120817 -0.000335789 -1.43701e-09 -0.000335789 0.0104214 -2.58972e-07 -1.43701e-09 -2.58972e-07 1.0352e-06 
34
0
0
3.51916e-05
0.0120817 -0.000335804 -1.43928e-09 -0.000335804 0.0104214 -2.59094e-07 -1.43928e-09 -2.59094e-07 1.0352e-06 
35
0
0
-0.000497111
0.0120817 -0.000335798 -1.43042e-09 -0.000335798 0.0104214 -2.59201e-07 -1.43042e-09 -2.59201e-07 1.0352e-06 
36
0
0
0.000145692
0.0120817 -0.000335804 -1.4226e-09 -0.000335804 0.0104214 -2.59294e-07 -1.4226e-09 -2.59294e-07 1.03521e-06 
37
0
0
-0.000164577
0.0120817 -0.000335796 -1.40938e-09 -0.000335796 0.0104214 -2.59374e-07 -1.40938e-09 -2.59374e-07 1.03521e-06 
38
0
0
0.000193879
0.0120817 -0.000335798 -1.40505e-09 -0.000335798 0.0104214 -2.59444e-07 -1.40505e-09 -2.59444e-07 1.03521e-06 
39
0
0
-0.000389196
0.0120817 -0.000335793 -1.39865e-09 -0.000335793 0.0104214 -2.59507e-07 -1.39865e-09 -2.59507e-07 1.03521e-06 
40
0
0
-0.000179197
0.0120817 -0.000335801 -1.39962e-09 -0.000335801 0.0104214 -2.59562e-07 -1.39962e-09 -2.59562e-07 1.03521e-06 
41
0
0
-0.00023937
0.0120817 -0.0003358 -1.39657e-09 -0.0003358 0.0104214 -2.59609e-07 -1.39657e-09 -2.59609e-07 1.03521e-06 
42
0
0
0.00111261
0.0120817 -0.000335801 -1.39561e-09 -0.000335801 0.0104214 -2.59649e-07 -1.39561e-09 -2.59649e-07 1.03521e-06 
43
0
0
0.00103859
0.0120817 -0.00033578 -1.3837e-09 -0.00033578 0.0104214 -2.59682e-07 -1.3837e-09 -2.59682e-07 1.03522e-06 
44
0
0
0.000361346
0.0120817 -0.000335773 -1.37503e-09 -0.000335773 0.0104214 -2.59716e-07 -1.37503e-09 -2.59716e-07 1.03522e-06 
45
0
0
-0.000271886
0.0120817 -0.000335781 -1.37506e-09 -0.000335781 0.0104214 -2.59745e-07 -1.37506e-09 -2.59745e-07 1.03522e-06 
46
0
0
-0.000558754
0.0120817 -0.000335794 -1.37909e-09 -0.000335794 0.0104214 -2.59771e-07 -1.37909e-09 -2.59771e-07 1.03522e-06 
47
0
0
-9.77624e-05
0.0120817 -0.000335804 -1.3824e-09 -0.000335804 0.0104214 -2.59794e-07 -1.3824e-09 -2.59794e-07 1.03522e-06 
48
0
0
-0.000278963
0.0120817 -0.0003358 -1.37909e-09 -0.0003358 0.0104214 -2.59814e-07 -1.37909e-09 -2.59814e-07 1.03522e-06 
49
0
0
-0.000576108
0.0120817 -0.000335802 -1.37911e-09 -0.000335802 0.0104214 -2.59829e-07 -1.37911e-09 -2.59829e-07 1.03522e-06 
50
0
0
1.12613e-05
0.0120817 -0.000335807 -1.38145e-09 -0.000335807 0.0104214 -2.59841e-07 -1.38145e-09 -2.59841e-07 1.03522e-06 
51
0
0
0.00061266
0.0120817 -0.0003358 -1.37782e-09 -0.0003358 0.0104214 -2.59851e-07 -1.37782e-09 -2.59851e-07 1.03522e-06 
52
0
0
0.000122106
0.0120817 -0.000335787 -1.36521e-09 -0.000335787 0.0104214 -2.59865e-07 -1.36521e-09 -2.59865e-07 1.03522e-06 
53
0
0
-0.000108983
0.0120817 -0.000335791 -1.36283e-09 -0.000335791 0.0104214 -2.59876e-07 -1.36283e-09 -2.59876e-07 1.03522e-06 
54
0
0
-0.000769437
0.0120817 -0.000335795 -1.36249e-09 -0.000335795 0.0104214 -2.59886e-07 -1.36249e-09 -2.59886e-07 1.03522e-06 
55
0
0
0.00082519
0.0120817 -0.000335808 -1.36724e-09 -0.000335808 0.0104214 -2.59894e-07 -1.36724e-09 -2.59894e-07 1.03522e-06 
56
0
0
-4.67784e-05
0.0120817 -0.000335787 -1.35535e-09 -0.000335787 0.0104214 -2.599e-07 -1.35535e-09 -2.599e-07 1.03522e-06 
57
0
0
-0.000278752
0.0120817 -0.000335793 -1.35958e-09 -0.000335793 0.0104214 -2.59904e-07 -1.35958e-09 -2.59904e-07 1.03522e-06 
58
0
0
-0.000403242
0.0120817 -0.000335799 -1.3632e-09 -0.000335799 0.0104214 -2.59908e-07 -1.3632e-09 -2.59908e-07 1.03522e-06 
59
0
0
0.00060867
0.0120817 -0.000335803 -1.36516e-09 -0.000335803 0.0104214 -2.59912e-07 -1.36516e-09 -2.59912e-07 1.03522e-06 
60
0
0
-6.47663e-05
0.0120817 -0.000335789 -1.35254e-09 -0.000335789 0.0104214 -2.59917e-07 -1.35254e-09 -2.59917e-07 1.03522e-06 
61
0
0
6.37373e-05
0.0120817 -0.000335794 -1.35236e-09 -0.000335794 0.0104214 -2.59921e-07 -1.35236e-09 -2.59921e-07 1.03522e-06 
62
0
0
0.000342193
0.0120817 -0.000335794 -1.35076e-09 -0.000335794 0.0104214 -2.59924e-07 -1.35076e-09 -2.59924e-07 1.03522e-06 
63
0
0
-0.000208858
0.0120817 -0.00033579 -1.34771e-09 -0.00033579 0.0104214 -2.59925e-07 -1.34771e-09 -2.59925e-07 1.03522e-06 
64
0
0
-0.000746946
0.0120817 -0.000335797 -1.35138e-09 -0.000335797 0.0104214 -2.59927e-07 -1.35138e-09 -2.59927e-07 1.03522e-06 
65
0
0
-0.00058888
0.0120817 -0.000335808 -1.35783e-09 -0.000335808 0.0104214 -2.59929e-07 -1.35783e-09 -2.59929e-07 1.03522e-06 
66
0
0
0.000340529
0.0120817 -0.00033581 -1.35963e-09 -0.00033581 0.0104214 -2.59931e-07 -1.35963e-09 -2.59931e-07 1.03522e-06 
67
0
0
0.000378238
0.0120817 -0.000335796 -1.35278e-09 -0.000335796 0.0104214 -2.59932e-07 -1.35278e-09 -2.59932e-07 1.03522e-06 
68
0
0
-2.6266e-06
0.0120817 -0.00033579 -1.35045e-09 -0.00033579 0.0104214 -2.59934e-07 -1.35045e-09 -2.59934e-07 1.03522e-06 
69
0
0
-0.000454223
0.0120817 -0.000335793 -1.35488e-09 -0.000335793 0.0104214 -2.59935e-07 -1.35488e-09 -2.59935e-07 1.03522e-06 
70
0
0
-0.00155836
0.0120817 -0.000335802 -1.36073e-09 -0.000335802 0.0104214 -2.59935e-07 -1.36073e-09 -2.59935e-07 1.03522e-06 
71
0
0
0.000635258
0.0120817 -0.000335823 -1.37318e-09 -0.000335823 0.0104214 -2.59936e-07 -1.37318e-09 -2.59936e-07 1.03522e-06 
72
0
0
-0.000197949
0.0120817 -0.000335796 -1.35921e-09 -0.000335796 0.0104214 -2.59936e-07 -1.35921e-09 -2.59936e-07 1.03522e-06 
73
0
0
-0.000979738
0.0120817 -0.000335799 -1.36165e-09 -0.000335799 0.0104214 -2.59937e-07 -1.36165e-09 -2.59937e-07 1.03522e-06 
74
0
0
-0.000309252
0.0120817 -0.000335812 -1.36931e-09 -0.000335812 0.0104214 -2.59938e-07 -1.36931e-09 -2.59938e-07 1.03522e-06 
75
0
0
-0.000919773
0.0120817 -0.000335807 -1.36651e-09 -0.000335807 0.0104214 -2.59938e-07 -1.36651e-09 -2.59938e-07 1.03522e-06 
76
0
0
-0.000401924
0.0120817 -0.000335815 -1.36664e-09 -0.000335815 0.0104214 -2.59938e-07 -1.36664e-09 -2.59938e-07 1.03522e-06 
77
0
0
-0.000439852
0.0120817 -0.000335809 -1.36074e-09 -0.000335809 0.0104214 -2.59938e-07 -1.36074e-09 -2.59938e-07 1.03522e-06 
78
0
0
0.00060583
0.0120817 -0.000335808 -1.35906e-09 -0.000335808 0.0104214 -2.59938e-07 -1.35906e-09 -2.59938e-07 1.03522e-06 
79
0
0
0.000378744
0.0120817 -0.000335791 -1.34967e-09 -0.000335791 0.0104214 -2.59939e-07 -1.34967e-09 -2.59939e-07 1.03522e-06 
80
0
0
-7.02999e-05
0.0120817 -0.000335788 -1.3484e-09 -0.000335788 0.0104214 -2.59939e-07 -1.3484e-09 -2.59939e-07 1.03522e-06 
81
0
0
-0.00025885
0.0120817 -0.000335794 -1.3518e-09 -0.000335794 0.0104214 -2.59939e-07 -1.3518e-09 -2.59939e-07 1.03522e-06 
82
0
0
0.000220771
0.0120817 -0.000335799 -1.35466e-09 -0.000335799 0.0104214 -2.59938e-07 -1.35466e-09 -2.59938e-07 1.03522e-06 
83
0
0
-0.000170868
0.0120817 -0.000335793 -1.35167e-09 -0.000335793 0.0104214 -2.59938e-07 -1.35167e-09 -2.59938e-07 1.03522e-06 
84
0
0
-0.000101071
0.0120817 -0.000335798 -1.3454e-09 -0.000335798 0.0104214 -2.59945e-07 -1.3454e-09 -2.59945e-07 1.03522e-06 
85
0
0
1.48707e-05
0.0120817 -0.000335798 -1.33978e-09 -0.000335798 0.0104214 -2.59949e-07 -1.33978e-09 -2.59949e-07 1.03522e-06 
86
0
0
5.98121e-05
0.0120817 -0.000335796 -1.33619e-09 -0.000335796 0.0104214 -2.59952e-07 -1.33619e-09 -2.59952e-07 1.03522e-06 
87
0
0
0.00067028
0.0120817 -0.000335795 -1.33451e-09 -0.000335795 0.0104214 -2.59953e-07 -1.33451e-09 -2.59953e-07 1.03522e-06 
88
0
0
0.000390311
0.0120817 -0.000335785 -1.32857e-09 -0.000335785 0.0104214 -2.59954e-07 -1.32857e-09 -2.59954e-07 1.03522e-06 
89
0
0
0.000722051
0.0120817 -0.000335785 -1.32869e-09 -0.000335785 0.0104214 -2.59954e-07 -1.32869e-09 -2.59954e-07 1.03522e-06 
90
0
0
0.000101872
0.0120817 -0.00033578 -1.32611e-09 -0.00033578 0.0104214 -2.59954e-07 -1.32611e-09 -2.59954e-07 1.03522e-06 
91
0
0
-2.04864e-05
0.0120817 -0.000335788 -1.33152e-09 -0.000335788 0.0104214 -2.59954e-07 -1.33152e-09 -2.59954e-07 1.03522e-06 
92
0
0
0.000141721
0.0120817 -0.000335793 -1.33876e-09 -0.000335793 0.0104214 -2.59954e-07 -1.33876e-09 -2.59954e-07 1.03522e-06 
93
0
0
0.000775546
0.0120817 -0.000335792 -1.34199e-09 -0.000335792 0.0104214 -2.59955e-07 -1.34199e-09 -2.59955e-07 1.03522e-06 
94
0
0
0.000225707
0.0120817 -0.000335782 -1.33856e-09 -0.000335782 0.0104214 -2.59955e-07 -1.33856e-09 -2.59955e-07 1.03522e-06 
95
0
0
0.000187243
0.0120817 -0.000335787 -1.34298e-09 -0.000335787 0.0104214 -2.59955e-07 -1.34298e-09 -2.59955e-07 1.03522e-06 
96
0
0
0.000383406
0.0120817 -0.000335789 -1.34558e-09 -0.000335789 0.0104214 -2.59955e-07 -1.34558e-09 -2.59955e-07 1.03522e-06 
97
0
0
-0.000786695
0.0120817 -0.000335787 -1.34556e-09 -0.000335787 0.0104214 -2.59955e-07 -1.34556e-09 -2.59955e-07 1.03522e-06 
98
0
0
0.00027553
0.0120817 -0.000335805 -1.35565e-09 -0.000335805 0.0104214 -2.59955e-07 -1.35565e-09 -2.59955e-07 1.03522e-06 
99
0
0
-0.000713384
0.0120817 -0.000335795 -1.34996e-09 -0.000335795 0.0104214 -2.59955e-07 -1.34996e-09 -2.59955e-07 1.03522e-06 
100
0
0
-0.00093664
0.0120817 -0.000335807 -1.35496e-09 -0.000335807 0.0104214 -2.59955e-07 -1.35496e-09 -2.59955e-07 1.03522e-06 
101
0
0
-7.71155e-05
0.0120817 -0.000335815 -1.35885e-09 -0.000335815 0.0104214 -2.59954e-07 -1.35885e-09 -2.59954e-07 1.03522e-06 
102
0
0
0.000680312
0.0120817 -0.000335804 -1.35272e-09 -0.000335804 0.0104214 -2.59954e-07 -1.35272e-09 -2.59954e-07 1.03522e-06 
103
0
0
-3.57781e-05
0.0120817 -0.000335788 -1.34374e-09 -0.000335788 0.0104214 -2.59954e-07 -1.34374e-09 -2.59954e-07 1.03522e-06 
104
0
0
5.18991e-05
0.0120817 -0.000335793 -1.34666e-09 -0.000335793 0.0104214 -2.59954e-07 -1.34666e-09 -2.59954e-07 1.03522e-06 
105
0
0
-0.000384542
0.0120817 -0.000335794 -1.3472e-09 -0.000335794 0.0104214 -2.59954e-07 -1.3472e-09 -2.59954e-07 1.03522e-06 
106
0
0
1.31277e-05
0.0120817 -0.000335801 -1.35166e-09 -0.000335801 0.0104214 -2.59953e-07 -1.35166e-09 -2.59953e-07 1.03522e-06 
107
0
0
0.000248429
0.0120817 -0.000335798 -1.34992e-09 -0.000335798 0.0104214 -2.59954e-07 -1.34992e-09 -2.59954e-07 1.03522e-06 
108
0
0
-0.000872947
0.0120817 -0.000335792 -1.34688e-09 -0.000335792 0.0104214 -2.59954e-07 -1.34688e-09 -2.59954e-07 1.03522e-06 
109
0
0
-0.00100623
0.0120817 -0.000335808 -1.34725e-09 -0.000335808 0.0104214 -2.59951e-07 -1.34725e-09 -2.59951e-07 1.03522e-06 
110
0
0
-0.000702992
0.0120817 -0.000335816 -1.34566e-09 -0.000335816 0.0104214 -2.59949e-07 -1.34566e-09 -2.59949e-07 1.03522e-06 
111
0
0
-0.00032558
0.0120817 -0.000335815 -1.34128e-09 -0.000335815 0.0104214 -2.59948e-07 -1.34128e-09 -2.59948e-07 1.03522e-06 
112
0
0
0.000344377
0.0120817 -0.000335808 -1.33562e-09 -0.000335808 0.0104214 -2.59947e-07 -1.33562e-09 -2.59947e-07 1.03522e-06 
113
0
0
-0.000348859
0.0120817 -0.000335795 -1.32733e-09 -0.000335795 0.0104214 -2.59947e-07 -1.32733e-09 -2.59947e-07 1.03522e-06 
114
0
0
0.000320402
0.0120817 -0.000335801 -1.33077e-09 -0.000335801 0.0104214 -2.59947e-07 -1.33077e-09 -2.59947e-07 1.03522e-06 
115
0
0
0.000511333
0.0120817 -0.000335793 -1.32643e-09 -0.000335793 0.0104214 -2.59947e-07 -1.32643e-09 -2.59947e-07 1.03522e-06 
116
0
0
0.000625686
0.0120817 -0.000335786 -1.31987e-09 -0.000335786 0.0104214 -2.59945e-07 -1.31987e-09 -2.59945e-07 1.03522e-06 
117
0
0
0.000221771
0.0120817 -0.000335782 -1.31499e-09 -0.000335782 0.0104214 -2.59944e-07 -1.31499e-09 -2.59944e-07 1.03522e-06 
118
0
0
-0.000114512
0.0120817 -0.000335787 -1.31626e-09 -0.000335787 0.0104214 -2.59944e-07 -1.31626e-09 -2.59944e-07 1.03522e-06 
119
0
0
-0.000429125
0.0120817 -0.000335794 -1.31941e-09 -0.000335794 0.0104214 -2.59943e-07 -1.31941e-09 -2.59943e-07 1.03522e-06 
120
0
0
0.000369398
0.0120817 -0.000335802 -1.32274e-09 -0.000335802 0.0104214 -2.59942e-07 -1.32274e-09 -2.59942e-07 1.03522e-06 
121
0
0
0.000805225
0.0120817 -0.000335792 -1.31707e-09 -0.000335792 0.0104214 -2.59941e-07 -1.31707e-09 -2.59941e-07 1.03522e-06 
122
0
0
0.000265132
0.0120817 -0.000335782 -1.31186e-09 -0.000335782 0.0104214 -2.59941e-07 -1.31186e-09 -2.59941e-07 1.03522e-06 
123
0
0
-0.000210455
0.0120817 -0.000335786 -1.31534e-09 -0.000335786 0.0104214 -2.5994e-07 -1.31534e-09 -2.5994e-07 1.03522e-06 
124
0
0
0.000612721
0.0120817 -0.000335795 -1.30678e-09 -0.000335795 0.0104214 -2.59943e-07 -1.30678e-09 -2.59943e-07 1.03522e-06 
125
0
0
-0.000591962
0.0120817 -0.000335786 -1.29124e-09 -0.000335786 0.0104214 -2.59944e-07 -1.29124e-09 -2.59944e-07 1.03522e-06 
126
0
0
-0.00111922
0.0120817 -0.000335801 -1.29455e-09 -0.000335801 0.0104214 -2.59946e-07 -1.29455e-09 -2.59946e-07 1.03522e-06 
127
0
0
-9.23515e-05
0.0120817 -0.000335816 -1.2997e-09 -0.000335816 0.0104214 -2.59946e-07 -1.2997e-09 -2.59946e-07 1.03522e-06 
128
0
0
0.000168519
0.0120817 -0.000335805 -1.2927e-09 -0.000335805 0.0104214 -2.59945e-07 -1.2927e-09 -2.59945e-07 1.03522e-06 
129
0
0
-0.000654173
0.0120817 -0.000335796 -1.28837e-09 -0.000335796 0.0104214 -2.59946e-07 -1.28837e-09 -2.59946e-07 1.03522e-06 
130
0
0
-0.000345865
0.0120817 -0.000335806 -1.29413e-09 -0.000335806 0.0104214 -2.59945e-07 -1.29413e-09 -2.59945e-07 1.03522e-06 
131
0
0
-0.000196424
0.0120817 -0.000335805 -1.29335e-09 -0.000335805 0.0104214 -2.59945e-07 -1.29335e-09 -2.59945e-07 1.03522e-06 
132
0
0
-0.00023612
0.0120817 -0.000335802 -1.29171e-09 -0.000335802 0.0104214 -2.59945e-07 -1.29171e-09 -2.59945e-07 1.03522e-06 
133
0
0
0.000901319
0.0120817 -0.000335802 -1.29655e-09 -0.000335802 0.0104214 -2.59947e-07 -1.29655e-09 -2.59947e-07 1.03522e-06 
134
0
0
-0.000729887
0.0120817 -0.000335784 -1.29085e-09 -0.000335784 0.0104214 -2.59948e-07 -1.29085e-09 -2.59948e-07 1.03522e-06 
135
0
0
0.000532099
0.0120817 -0.000335803 -1.30503e-09 -0.000335803 0.0104214 -2.59948e-07 -1.30503e-09 -2.59948e-07 1.03522e-06 
136
0
0
0.000157656
0.0120817 -0.00033579 -1.29955e-09 -0.00033579 0.0104214 -2.59949e-07 -1.29955e-09 -2.59949e-07 1.03522e-06 
137
0
0
8.16324e-05
0.0120817 -0.000335791 -1.30048e-09 -0.000335791 0.0104214 -2.59949e-07 -1.30048e-09 -2.59949e-07 1.03522e-06 
138
0
0
0.00020487
0.0120817 -0.000335793 -1.30122e-09 -0.000335793 0.0104214 -2.59949e-07 -1.30122e-09 -2.59949e-07 1.03522e-06 
139
0
0
0.000439253
0.0120817 -0.000335791 -1.30082e-09 -0.000335791 0.0104214 -2.59949e-07 -1.30082e-09 -2.59949e-07 1.03522e-06 
140
0
0
0.000435361
0.0120817 -0.000335787 -1.29426e-09 -0.000335787 0.0104214 -2.59947e-07 -1.29426e-09 -2.59947e-07 1.03522e-06 
141
0
0
-8.68748e-05
0.0120817 -0.000335785 -1.29088e-09 -0.000335785 0.0104214 -2.59946e-07 -1.29088e-09 -2.59946e-07 1.03522e-06 
142
0
0
-2.30093e-05
0.0120817 -0.000335793 -1.29357e-09 -0.000335793 0.0104214 -2.59946e-07 -1.29357e-09 -2.59946e-07 1.03522e-06 
143
0
0
-0.000114549
0.0120817 -0.000335795 -1.29401e-09 -0.000335795 0.0104214 -2.59945e-07 -1.29401e-09 -2.59945e-07 1.03522e-06 
144
0
0
-0.000336697
0.0120817 -0.000335797 -1.29577e-09 -0.000335797 0.0104214 -2.59944e-07 -1.29577e-09 -2.59944e-07 1.03522e-06 
145
0
0
0.000149133
0.0120817 -0.000335802 -1.29835e-09 -0.000335802 0.0104214 -2.59944e-07 -1.29835e-09 -2.59944e-07 1.03522e-06 
146
0
0
-0.000362473
0.0120817 -0.000335796 -1.29526e-09 -0.000335796 0.0104214 -2.59945e-07 -1.29526e-09 -2.59945e-07 1.03522e-06 
147
0
0
-0.000124947
0.0120817 -0.000335801 -1.29877e-09 -0.000335801 0.0104214 -2.59945e-07 -1.29877e-09 -2.59945e-07 1.03522e-06 
148
0
0
-0.00113004
0.0120817 -0.0003358 -1.30158e-09 -0.0003358 0.0104214 -2.59942e-07 -1.30158e-09 -2.59942e-07 1.03522e-06 
149
0
0
0.000332105
0.0120817 -0.000335815 -1.31248e-09 -0.000335815 0.0104214 -2.5994e-07 -1.31248e-09 -2.5994e-07 1.03522e-06 
150
0
0
-0.000274136
0.0120817 -0.000335798 -1.30436e-09 -0.000335798 0.0104214 -2.59938e-07 -1.30436e-09 -2.59938e-07 1.03522e-06 
151
0
0
-0.000203531
0.0120817 -0.000335801 -1.30702e-09 -0.000335801 0.0104214 -2.59938e-07 -1.30702e-09 -2.59938e-07 1.03522e-06 
152
0
0
0.000708135
0.0120817 -0.000335801 -1.30688e-09 -0.000335801 0.0104214 -2.59938e-07 -1.30688e-09 -2.59938e-07 1.03522e-06 
153
0
0
0.000276692
0.0120817 -0.000335786 -1.29934e-09 -0.000335786 0.0104214 -2.59938e-07 -1.29934e-09 -2.59938e-07 1.03522e-06 
154
0
0
-0.000226999
0.0120817 -0.000335788 -1.30106e-09 -0.000335788 0.0104214 -2.59938e-07 -1.30106e-09 -2.59938e-07 1.03522e-06 
155
0
0
-0.000255628
0.0120817 -0.000335796 -1.30625e-09 -0.000335796 0.0104214 -2.59938e-07 -1.30625e-09 -2.59938e-07 1.03522e-06 
156
0
0
-0.000316117
0.0120817 -0.0003358 -1.30584e-09 -0.0003358 0.0104214 -2.59941e-07 -1.30584e-09 -2.59941e-07 1.03522e-06 
157
0
0
0.000349277
0.0120817 -0.000335802 -1.30562e-09 -0.000335802 0.0104214 -2.59943e-07 -1.30562e-09 -2.59943e-07 1.03522e-06 
158
0
0
4.20127e-05
0.0120817 -0.000335793 -1.29968e-09 -0.000335793 0.0104214 -2.59944e-07 -1.29968e-09 -2.59944e-07 1.03522e-06 
159
0
0
-0.000425747
0.0120817 -0.000335794 -1.30043e-09 -0.000335794 0.0104214 -2.59944e-07 -1.30043e-09 -2.59944e-07 1.03522e-06 
160
0
0
-0.00038401
0.0120817 -0.000335802 -1.30521e-09 -0.000335802 0.0104214 -2.59945e-07 -1.30521e-09 -2.59945e-07 1.03522e-06 
161
0
0
-0.000866719
0.0120817 -0.000335804 -1.30692e-09 -0.000335804 0.0104214 -2.59946e-07 -1.30692e-09 -2.59946e-07 1.03522e-06 
162
0
0
3.90616e-05
0.0120817 -0.000335813 -1.31172e-09 -0.000335813 0.0104214 -2.59946e-07 -1.31172e-09 -2.59946e-07 1.03522e-06 
163
0
0
0.000673455
0.0120817 -0.000335802 -1.30587e-09 -0.000335802 0.0104214 -2.59946e-07 -1.30587e-09 -2.59946e-07 1.03522e-06 
164
0
0
-0.000173926
0.0120817 -0.000335787 -1.29989e-09 -0.000335787 0.0104214 -2.59943e-07 -1.29989e-09 -2.59943e-07 1.03522e-06 
165
0
0
0.000462066
0.0120817 -0.000335795 -1.3059e-09 -0.000335795 0.0104214 -2.59941e-07 -1.3059e-09 -2.59941e-07 1.03522e-06 
166
0
0
-0.00069889
0.0120817 -0.000335788 -1.30261e-09 -0.000335788 0.0104214 -2.5994e-07 -1.30261e-09 -2.5994e-07 1.03522e-06 
167
0
0
-0.000438249
0.0120817 -0.000335804 -1.31109e-09 -0.000335804 0.0104214 -2.59939e-07 -1.31109e-09 -2.59939e-07 1.03522e-06 
168
0
0
-0.000323086
0.0120817 -0.000335806 -1.3117e-09 -0.000335806 0.0104214 -2.59939e-07 -1.3117e-09 -2.59939e-07 1.03522e-06 
169
0
0
-0.000594966
0.0120817 -0.000335805 -1.31112e-09 -0.000335805 0.0104214 -2.5994e-07 -1.31112e-09 -2.5994e-07 1.03522e-06 
170
0
0
-0.000795069
0.0120817 -0.000335809 -1.31287e-09 -0.000335809 0.0104214 -2.5994e-07 -1.31287e-09 -2.5994e-07 1.03522e-06 
171
0
0
0.000613435
0.0120817 -0.000335813 -1.31458e-09 -0.000335813 0.0104214 -2.59939e-07 -1.31458e-09 -2.59939e-07 1.03522e-06 
172
0
0
0.0011466
0.0120817 -0.000335793 -1.30621e-09 -0.000335793 0.0104214 -2.59936e-07 -1.30621e-09 -2.59936e-07 1.03522e-06 
173
0
0
-0.000265539
0.0120817 -0.000335776 -1.30133e-09 -0.000335776 0.0104214 -2.59935e-07 -1.30133e-09 -2.59935e-07 1.03522e-06 
174
0
0
-2.30239e-06
0.0120817 -0.000335792 -1.31347e-09 -0.000335792 0.0104214 -2.59935e-07 -1.31347e-09 -2.59935e-07 1.03522e-06 
175
0
0
0.000422561
0.0120817 -0.000335795 -1.31548e-09 -0.000335795 0.0104214 -2.59936e-07 -1.31548e-09 -2.59936e-07 1.03522e-06 
176
0
0
-0.000168484
0.0120817 -0.000335789 -1.3119e-09 -0.000335789 0.0104214 -2.59938e-07 -1.3119e-09 -2.59938e-07 1.03522e-06 
177
0
0
0.000265445
0.0120817 -0.000335796 -1.31571e-09 -0.000335796 0.0104214 -2.59938e-07 -1.31571e-09 -2.59938e-07 1.03522e-06 
178
0
0
0.0005859
0.0120817 -0.000335791 -1.31366e-09 -0.000335791 0.0104214 -2.59937e-07 -1.31366e-09 -2.59937e-07 1.03522e-06 
179
0
0
0.000702285
0.0120817 -0.000335785 -1.31162e-09 -0.000335785 0.0104214 -2.59935e-07 -1.31162e-09 -2.59935e-07 1.03522e-06 
180
0
0
-0.000285101
0.0120817 -0.00033578 -1.315e-09 -0.00033578 0.0104214 -2.5993e-07 -1.315e-09 -2.5993e-07 1.03522e-06 
181
0
0
-0.00136729
0.0120817 -0.000335794 -1.32632e-09 -0.000335794 0.0104214 -2.59927e-07 -1.32632e-09 -2.59927e-07 1.03522e-06 
182
0
0
-0.000697845
0.0120817 -0.000335817 -1.34049e-09 -0.000335817 0.0104214 -2.59927e-07 -1.34049e-09 -2.59927e-07 1.03522e-06 
183
0
0
0.000251147
0.0120817 -0.000335815 -1.34043e-09 -0.000335815 0.0104214 -2.59927e-07 -1.34043e-09 -2.59927e-07 1.03522e-06 
184
0
0
-0.00071085
0.0120817 -0.000335799 -1.33302e-09 -0.000335799 0.0104214 -2.59928e-07 -1.33302e-09 -2.59928e-07 1.03522e-06 
185
0
0
-0.000389562
0.0120817 -0.000335808 -1.33913e-09 -0.000335808 0.0104214 -2.59927e-07 -1.33913e-09 -2.59927e-07 1.03522e-06 
186
0
0
-7.91158e-05
0.0120817 -0.000335807 -1.33823e-09 -0.000335807 0.0104214 -2.59926e-07 -1.33823e-09 -2.59926e-07 1.03522e-06 
187
0
0
-0.000276986
0.0120817 -0.000335801 -1.3359e-09 -0.000335801 0.0104214 -2.59925e-07 -1.3359e-09 -2.59925e-07 1.03522e-06 
188
0
0
-0.000218292
0.0120817 -0.000335802 -1.33792e-09 -0.000335802 0.0104214 -2.59925e-07 -1.33792e-09 -2.59925e-07 1.03522e-06 
189
0
0
-0.000542392
0.0120817 -0.000335802 -1.33842e-09 -0.000335802 0.0104214 -2.59929e-07 -1.33842e-09 -2.59929e-07 1.03522e-06 
190
0
0
5.58409e-05
0.0120817 -0.000335807 -1.34085e-09 -0.000335807 0.0104214 -2.59932e-07 -1.34085e-09 -2.59932e-07 1.03522e-06 
191
0
0
0.000178676
0.0120817 -0.000335799 -1.33657e-09 -0.000335799 0.0104214 -2.59933e-07 -1.33657e-09 -2.59933e-07 1.03522e-06 
192
0
0
-0.000862813
0.0120817 -0.000335794 -1.33443e-09 -0.000335794 0.0104214 -2.59934e-07 -1.33443e-09 -2.59934e-07 1.03522e-06 
193
0
0
0.000359533
0.0120817 -0.000335809 -1.34358e-09 -0.000335809 0.0104214 -2.59934e-07 -1.34358e-09 -2.59934e-07 1.03522e-06 
194
0
0
0.000269091
0.0120817 -0.000335795 -1.33641e-09 -0.000335795 0.0104214 -2.59934e-07 -1.33641e-09 -2.59934e-07 1.03522e-06 
195
0
0
0.000456207
0.0120817 -0.000335791 -1.33474e-09 -0.000335791 0.0104214 -2.59934e-07 -1.33474e-09 -2.59934e-07 1.03522e-06 
196
0
0
-0.000514923
0.0120817 -0.000335787 -1.32981e-09 -0.000335787 0.0104214 -2.59933e-07 -1.32981e-09 -2.59933e-07 1.03522e-06 
197
0
0
-0.000960132
0.0120817 -0.0003358 -1.33644e-09 -0.0003358 0.0104214 -2.59933e-07 -1.33644e-09 -2.59933e-07 1.03522e-06 
198
0
0
-0.000494117
0.0120817 -0.000335813 -1.34257e-09 -0.000335813 0.0104214 -2.59935e-07 -1.34257e-09 -2.59935e-07 1.03522e-06 
199
0
0
0.000140212
0.0120817 -0.00033581 -1.3404e-09 -0.00033581 0.0104214 -2.59935e-07 -1.3404e-09 -2.59935e-07 1.03522e-06 
200
0
0
0.000282971
0.0120817 -0.000335799 -1.33435e-09 -0.000335799 0.0104214 -2.59935e-07 -1.33435e-09 -2.59935e-07 1.03522e-06 
201
0
0
-0.00061491
0.0120817 -0.000335792 -1.33227e-09 -0.000335792 0.0104214 -2.59935e-07 -1.33227e-09 -2.59935e-07 1.03522e-06 
202
0
0
0.000128295
0.0120817 -0.000335804 -1.34023e-09 -0.000335804 0.0104214 -2.59935e-07 -1.34023e-09 -2.59935e-07 1.03522e-06 
203
0
0
-0.000229272
0.0120817 -0.000335797 -1.3374e-09 -0.000335797 0.0104214 -2.59935e-07 -1.3374e-09 -2.59935e-07 1.03522e-06 
204
0
0
-0.000159283
0.0120817 -0.0003358 -1.33982e-09 -0.0003358 0.0104214 -2.59935e-07 -1.33982e-09 -2.59935e-07 1.03522e-06 
205
0
0
-0.000286606
0.0120817 -0.0003358 -1.33454e-09 -0.0003358 0.0104214 -2.59942e-07 -1.33454e-09 -2.59942e-07 1.03522e-06 
206
0
0
-0.000167785
0.0120817 -0.000335802 -1.33213e-09 -0.000335802 0.0104214 -2.59945e-07 -1.33213e-09 -2.59945e-07 1.03522e-06 
207
0
0
0.000132988
0.0120817 -0.000335801 -1.32937e-09 -0.000335801 0.0104214 -2.59947e-07 -1.32937e-09 -2.59947e-07 1.03522e-06 
208
0
0
0.00053034
0.0120817 -0.000335795 -1.32532e-09 -0.000335795 0.0104214 -2.59948e-07 -1.32532e-09 -2.59948e-07 1.03522e-06 
209
0
0
-0.000695415
0.0120817 -0.000335787 -1.32058e-09 -0.000335787 0.0104214 -2.59949e-07 -1.32058e-09 -2.59949e-07 1.03522e-06 
210
0
0
0.000359939
0.0120817 -0.000335803 -1.32992e-09 -0.000335803 0.0104214 -2.5995e-07 -1.32992e-09 -2.5995e-07 1.03522e-06 
211
0
0
0.000498201
0.0120817 -0.000335793 -1.32411e-09 -0.000335793 0.0104214 -2.59951e-07 -1.32411e-09 -2.59951e-07 1.03522e-06 
212
0
0
0.000864289
0.0120817 -0.000335787 -1.32241e-09 -0.000335787 0.0104214 -2.59957e-07 -1.32241e-09 -2.59957e-07 1.03522e-06 
213
0
0
0.000404365
0.0120817 -0.000335779 -1.31955e-09 -0.000335779 0.0104214 -2.59961e-07 -1.31955e-09 -2.59961e-07 1.03522e-06 
214
0
0
-8.37205e-05
0.0120817 -0.000335783 -1.32302e-09 -0.000335783 0.0104214 -2.59962e-07 -1.32302e-09 -2.59962e-07 1.03522e-06 
215
0
0
0.000363111
0.0120817 -0.000335792 -1.32882e-09 -0.000335792 0.0104214 -2.59964e-07 -1.32882e-09 -2.59964e-07 1.03522e-06 
216
0
0
9.88732e-05
0.0120817 -0.000335789 -1.32746e-09 -0.000335789 0.0104214 -2.59964e-07 -1.32746e-09 -2.59964e-07 1.03522e-06 
217
0
0
-2.71515e-05
0.0120817 -0.000335791 -1.32934e-09 -0.000335791 0.0104214 -2.59965e-07 -1.32934e-09 -2.59965e-07 1.03522e-06 
218
0
0
0.000301767
0.0120817 -0.000335794 -1.33111e-09 -0.000335794 0.0104214 -2.59965e-07 -1.33111e-09 -2.59965e-07 1.03522e-06 
219
0
0
9.36547e-05
0.0120817 -0.00033579 -1.32988e-09 -0.00033579 0.0104214 -2.59964e-07 -1.32988e-09 -2.59964e-07 1.03522e-06 
220
0
0
-0.000653221
0.0120817 -0.000335792 -1.32946e-09 -0.000335792 0.0104214 -2.59966e-07 -1.32946e-09 -2.59966e-07 1.03522e-06 
221
0
0
-0.000201459
0.0120817 -0.000335805 -1.33536e-09 -0.000335805 0.0104214 -2.59967e-07 -1.33536e-09 -2.59967e-07 1.03522e-06 
222
0
0
0.00089055
0.0120817 -0.000335802 -1.33332e-09 -0.000335802 0.0104214 -2.59968e-07 -1.33332e-09 -2.59968e-07 1.03522e-06 
223
0
0
0.000712786
0.0120817 -0.000335784 -1.32252e-09 -0.000335784 0.0104214 -2.59968e-07 -1.32252e-09 -2.59968e-07 1.03522e-06 
224
0
0
0.00064914
0.0120817 -0.00033578 -1.31985e-09 -0.00033578 0.0104214 -2.59969e-07 -1.31985e-09 -2.59969e-07 1.03522e-06 
225
0
0
0.000730643
0.0120817 -0.000335779 -1.31965e-09 -0.000335779 0.0104214 -2.5997e-07 -1.31965e-09 -2.5997e-07 1.03522e-06 
226
0
0
-0.000244184
0.0120817 -0.000335778 -1.31919e-09 -0.000335778 0.0104214 -2.5997e-07 -1.31919e-09 -2.5997e-07 1.03522e-06 
227
0
0
0.000132953
0.0120817 -0.000335793 -1.3276e-09 -0.000335793 0.0104214 -2.59969e-07 -1.3276e-09 -2.59969e-07 1.03522e-06 
228
0
0
2.12045e-05
0.0120817 -0.000335792 -1.32618e-09 -0.000335792 0.0104214 -2.59972e-07 -1.32618e-09 -2.59972e-07 1.03522e-06 
229
0
0
-0.00108506
0.0120817 -0.000335794 -1.32614e-09 -0.000335794 0.0104214 -2.59973e-07 -1.32614e-09 -2.59973e-07 1.03522e-06 
230
0
0
-1.79716e-05
0.0120817 -0.000335812 -1.33576e-09 -0.000335812 0.0104214 -2.59974e-07 -1.33576e-09 -2.59974e-07 1.03522e-06 
231
0
0
-0.000529888
0.0120817 -0.000335802 -1.32966e-09 -0.000335802 0.0104214 -2.59974e-07 -1.32966e-09 -2.59974e-07 1.03522e-06 
232
0
0
-0.000500376
0.0120817 -0.000335807 -1.33258e-09 -0.000335807 0.0104214 -2.59976e-07 -1.33258e-09 -2.59976e-07 1.03522e-06 
233
0
0
1.79495e-05
0.0120817 -0.000335808 -1.33277e-09 -0.000335808 0.0104214 -2.59979e-07 -1.33277e-09 -2.59979e-07 1.03522e-06 
234
0
0
0.00106058
0.0120817 -0.0003358 -1.32731e-09 -0.0003358 0.0104214 -2.5998e-07 -1.32731e-09 -2.5998e-07 1.03522e-06 
235
0
0
0.0010246
0.0120817 -0.00033578 -1.31778e-09 -0.00033578 0.0104214 -2.59978e-07 -1.31778e-09 -2.59978e-07 1.03522e-06 
236
0
0
0.000720937
0.0120817 -0.000335774 -1.31657e-09 -0.000335774 0.0104214 -2.59974e-07 -1.31657e-09 -2.59974e-07 1.03522e-06 
237
0
0
9.51719e-05
0.0120817 -0.000335776 -1.3263e-09 -0.000335776 0.0104214 -2.5997e-07 -1.3263e-09 -2.5997e-07 1.03522e-06 
238
0
0
-0.000330153
0.0120817 -0.000335787 -1.33742e-09 -0.000335787 0.0104214 -2.59968e-07 -1.33742e-09 -2.59968e-07 1.03522e-06 
239
0
0
-0.000372152
0.0120817 -0.000335797 -1.34687e-09 -0.000335797 0.0104214 -2.59969e-07 -1.34687e-09 -2.59969e-07 1.03522e-06 
240
0
0
-0.000556633
0.0120817 -0.000335802 -1.35136e-09 -0.000335802 0.0104214 -2.59972e-07 -1.35136e-09 -2.59972e-07 1.03522e-06 
241
0
0
-0.000892507
0.0120817 -0.000335807 -1.35417e-09 -0.000335807 0.0104214 -2.59975e-07 -1.35417e-09 -2.59975e-07 1.03522e-06 
242
0
0
0.0011614
0.0120817 -0.000335814 -1.35809e-09 -0.000335814 0.0104214 -2.59975e-07 -1.35809e-09 -2.59975e-07 1.03522e-06 
243
0
0
0.00163335
0.0120817 -0.000335784 -1.34343e-09 -0.000335784 0.0104214 -2.59974e-07 -1.34343e-09 -2.59974e-07 1.03522e-06 
244
0
0
-5.48793e-05
0.0120818 -0.000335765 -1.33644e-09 -0.000335765 0.0104214 -2.59973e-07 -1.33644e-09 -2.59973e-07 1.03522e-06 
245
0
0
0.000608814
0.0120817 -0.000335785 -1.34933e-09 -0.000335785 0.0104214 -2.59973e-07 -1.34933e-09 -2.59973e-07 1.03522e-06 
246
0
0
-1.00407e-05
0.0120817 -0.000335782 -1.34767e-09 -0.000335782 0.0104214 -2.59974e-07 -1.34767e-09 -2.59974e-07 1.03522e-06 
247
0
0
0.000220663
0.0120817 -0.000335791 -1.35248e-09 -0.000335791 0.0104214 -2.59975e-07 -1.35248e-09 -2.59975e-07 1.03522e-06 
248
0
0
4.69255e-05
0.0120817 -0.00033579 -1.35237e-09 -0.00033579 0.0104214 -2.59976e-07 -1.35237e-09 -2.59976e-07 1.03522e-06 
249
0
0
0.00110461
0.0120817 -0.000335793 -1.3541e-09 -0.000335793 0.0104214 -2.59976e-07 -1.3541e-09 -2.59976e-07 1.03522e-06 
250
0
0
-0.000583834
0.0120817 -0.000335777 -1.34612e-09 -0.000335777 0.0104214 -2.59975e-07 -1.34612e-09 -2.59975e-07 1.03522e-06 
251
0
0
0.000127887
0.0120817 -0.000335798 -1.35837e-09 -0.000335798 0.0104214 -2.59975e-07 -1.35837e-09 -2.59975e-07 1.03522e-06 
252
0
0
-0.00119696
0.0120817 -0.000335794 -1.35281e-09 -0.000335794 0.0104214 -2.59972e-07 -1.35281e-09 -2.59972e-07 1.03522e-06 
253
0
0
1.71392e-05
0.0120817 -0.000335814 -1.36039e-09 -0.000335814 0.0104214 -2.5997e-07 -1.36039e-09 -2.5997e-07 1.03522e-06 
254
0
0
0.000168233
0.0120817 -0.000335802 -1.35243e-09 -0.000335802 0.0104214 -2.59969e-07 -1.35243e-09 -2.59969e-07 1.03522e-06 
255
0
0
0.000358913
0.0120817 -0.000335796 -1.34904e-09 -0.000335796 0.0104214 -2.59968e-07 -1.34904e-09 -2.59968e-07 1.03522e-06 
256
0
0
3.39656e-05
0.0120817 -0.00033579 -1.34649e-09 -0.00033579 0.0104214 -2.59968e-07 -1.34649e-09 -2.59968e-07 1.03522e-06 
257
0
0
0.000731299
0.0120817 -0.000335793 -1.34807e-09 -0.000335793 0.0104214 -2.59968e-07 -1.34807e-09 -2.59968e-07 1.03522e-06 
258
0
0
0.000861803
0.0120817 -0.000335783 -1.34195e-09 -0.000335783 0.0104214 -2.59968e-07 -1.34195e-09 -2.59968e-07 1.03522e-06 
259
0
0
5.20943e-05
0.0120817 -0.000335777 -1.33955e-09 -0.000335777 0.0104214 -2.59968e-07 -1.33955e-09 -2.59968e-07 1.03522e-06 
260
0
0
-9.66617e-05
0.0120817 -0.000335788 -1.34615e-09 -0.000335788 0.0104214 -2.59968e-07 -1.34615e-09 -2.59968e-07 1.03522e-06 
261
0
0
7.27907e-05
0.0120817 -0.000335794 -1.34935e-09 -0.000335794 0.0104214 -2.5997e-07 -1.34935e-09 -2.5997e-07 1.03522e-06 
262
0
0
-0.000361693
0.0120817 -0.000335794 -1.34878e-09 -0.000335794 0.0104214 -2.59971e-07 -1.34878e-09 -2.59971e-07 1.03522e-06 
263
0
0
0.000468083
0.0120817 -0.000335801 -1.35258e-09 -0.000335801 0.0104214 -2.59971e-07 -1.35258e-09 -2.59971e-07 1.03522e-06 
264
0
0
-3.39527e-06
0.0120817 -0.00033579 -1.34718e-09 -0.00033579 0.0104214 -2.59971e-07 -1.34718e-09 -2.59971e-07 1.03522e-06 
265
0
0
7.28694e-05
0.0120817 -0.000335794 -1.34936e-09 -0.000335794 0.0104214 -2.59972e-07 -1.34936e-09 -2.59972e-07 1.03522e-06 
266
0
0
-4.18819e-05
0.0120817 -0.000335794 -1.34962e-09 -0.000335794 0.0104214 -2.59973e-07 -1.34962e-09 -2.59973e-07 1.03522e-06 
267
0
0
-0.000622775
0.0120817 -0.000335796 -1.35035e-09 -0.000335796 0.0104214 -2.59973e-07 -1.35035e-09 -2.59973e-07 1.03522e-06 
268
0
0
0.000519956
0.0120817 -0.000335805 -1.35585e-09 -0.000335805 0.0104214 -2.59973e-07 -1.35585e-09 -2.59973e-07 1.03522e-06 
269
0
0
0.000610905
0.0120817 -0.000335791 -1.3473e-09 -0.000335791 0.0104214 -2.59971e-07 -1.3473e-09 -2.59971e-07 1.03522e-06 
270
0
0
2.84745e-05
0.0120817 -0.000335784 -1.3443e-09 -0.000335784 0.0104214 -2.59971e-07 -1.3443e-09 -2.59971e-07 1.03522e-06 
271
0
0
-0.000108052
0.0120817 -0.000335791 -1.34897e-09 -0.000335791 0.0104214 -2.59971e-07 -1.34897e-09 -2.59971e-07 1.03522e-06 
272
0
0
-0.000111074
0.0120817 -0.000335796 -1.3519e-09 -0.000335796 0.0104214 -2.59971e-07 -1.3519e-09 -2.59971e-07 1.03522e-06 
273
0
0
-0.000233403
0.0120817 -0.000335797 -1.35241e-09 -0.000335797 0.0104214 -2.59972e-07 -1.35241e-09 -2.59972e-07 1.03522e-06 
274
0
0
0.000344034
0.0120817 -0.0003358 -1.35321e-09 -0.0003358 0.0104214 -2.59972e-07 -1.35321e-09 -2.59972e-07 1.03522e-06 
275
0
0
-0.000363934
0.0120817 -0.000335792 -1.34929e-09 -0.000335792 0.0104214 -2.59972e-07 -1.34929e-09 -2.59972e-07 1.03522e-06 
276
0
0
0.00111033
0.0120817 -0.0003358 -1.35532e-09 -0.0003358 0.0104214 -2.5997e-07 -1.35532e-09 -2.5997e-07 1.03522e-06 
277
0
0
-0.000526716
0.0120817 -0.00033578 -1.34473e-09 -0.00033578 0.0104214 -2.59969e-07 -1.34473e-09 -2.59969e-07 1.03522e-06 
278
0
0
-0.000233816
0.0120817 -0.000335798 -1.35541e-09 -0.000335798 0.0104214 -2.59968e-07 -1.35541e-09 -2.59968e-07 1.03522e-06 
279
0
0
-0.000356443
0.0120817 -0.0003358 -1.35708e-09 -0.0003358 0.0104214 -2.59968e-07 -1.35708e-09 -2.59968e-07 1.03522e-06 
280
0
0
-5.11117e-06
0.0120817 -0.000335803 -1.35937e-09 -0.000335803 0.0104214 -2.59968e-07 -1.35937e-09 -2.59968e-07 1.03522e-06 
281
0
0
0.000627555
0.0120817 -0.000335799 -1.35705e-09 -0.000335799 0.0104214 -2.59969e-07 -1.35705e-09 -2.59969e-07 1.03522e-06 
282
0
0
0.000574249
0.0120817 -0.000335787 -1.35068e-09 -0.000335787 0.0104214 -2.59969e-07 -1.35068e-09 -2.59969e-07 1.03522e-06 
283
0
0
-0.000603368
0.0120817 -0.000335783 -1.35008e-09 -0.000335783 0.0104214 -2.59968e-07 -1.35008e-09 -2.59968e-07 1.03522e-06 
284
0
0
-8.26871e-05
0.0120817 -0.0003358 -1.36046e-09 -0.0003358 0.0104214 -2.59971e-07 -1.36046e-09 -2.59971e-07 1.03522e-06 
285
0
0
0.000547807
0.0120817 -0.000335799 -1.35927e-09 -0.000335799 0.0104214 -2.59973e-07 -1.35927e-09 -2.59973e-07 1.03522e-06 
286
0
0
0.00117508
0.0120817 -0.000335788 -1.35226e-09 -0.000335788 0.0104214 -2.59974e-07 -1.35226e-09 -2.59974e-07 1.03522e-06 
287
0
0
-3.5148e-05
0.0120817 -0.000335774 -1.34428e-09 -0.000335774 0.0104214 -2.59974e-07 -1.34428e-09 -2.59974e-07 1.03522e-06 
288
0
0
0.000808313
0.0120817 -0.000335788 -1.35285e-09 -0.000335788 0.0104214 -2.59975e-07 -1.35285e-09 -2.59975e-07 1.03522e-06 
289
0
0
0.000651178
0.0120817 -0.00033578 -1.34847e-09 -0.00033578 0.0104214 -2.59976e-07 -1.34847e-09 -2.59976e-07 1.03522e-06 
290
0
0
0.000868731
0.0120817 -0.000335779 -1.34815e-09 -0.000335779 0.0104214 -2.59976e-07 -1.34815e-09 -2.59976e-07 1.03522e-06 
291
0
0
-9.34824e-05
0.0120817 -0.000335776 -1.34663e-09 -0.000335776 0.0104214 -2.59975e-07 -1.34663e-09 -2.59975e-07 1.03522e-06 
292
0
0
-0.00040722
0.0120817 -0.00033579 -1.35757e-09 -0.00033579 0.0104214 -2.59972e-07 -1.35757e-09 -2.59972e-07 1.03522e-06 
293
0
0
0.000111864
0.0120817 -0.0003358 -1.36566e-09 -0.0003358 0.0104214 -2.59971e-07 -1.36566e-09 -2.59971e-07 1.03522e-06 
294
0
0
-0.000415416
0.0120817 -0.000335795 -1.36443e-09 -0.000335795 0.0104214 -2.5997e-07 -1.36443e-09 -2.5997e-07 1.03522e-06 
295
0
0
-0.000511915
0.0120817 -0.000335802 -1.36909e-09 -0.000335802 0.0104214 -2.59969e-07 -1.36909e-09 -2.59969e-07 1.03522e-06 
296
0
0
-9.67091e-05
0.0120817 -0.000335806 -1.37229e-09 -0.000335806 0.0104214 -2.59968e-07 -1.37229e-09 -2.59968e-07 1.03522e-06 
297
0
0
0.000330837
0.0120817 -0.000335801 -1.37044e-09 -0.000335801 0.0104214 -2.59968e-07 -1.37044e-09 -2.59968e-07 1.03522e-06 
298
0
0
2.44201e-06
0.0120817 -0.000335793 -1.36655e-09 -0.000335793 0.0104214 -2.59969e-07 -1.36655e-09 -2.59969e-07 1.03522e-06 
299
0
0
-0.000162152
0.0120817 -0.000335794 -1.36773e-09 -0.000335794 0.0104214 -2.59969e-07 -1.36773e-09 -2.59969e-07 1.03522e-06 
300
0
0
-0.000719282
0.0120817 -0.000335798 -1.36935e-09 -0.000335798 0.0104214 -2.59968e-07 -1.36935e-09 -2.59968e-07 1.03522e-06 
301
0
0
5.04001e-05
0.0120817 -0.000335808 -1.37471e-09 -0.000335808 0.0104214 -2.59967e-07 -1.37471e-09 -2.59967e-07 1.03522e-06 
302
0
0
0.00096878
0.0120817 -0.000335799 -1.36975e-09 -0.000335799 0.0104214 -2.59966e-07 -1.36975e-09 -2.59966e-07 1.03522e-06 
303
0
0
-0.000143697
0.0120817 -0.000335782 -1.36068e-09 -0.000335782 0.0104214 -2.59966e-07 -1.36068e-09 -2.59966e-07 1.03522e-06 
304
0
0
0.000524423
0.0120817 -0.000335793 -1.36751e-09 -0.000335793 0.0104214 -2.59966e-07 -1.36751e-09 -2.59966e-07 1.03522e-06 
305
0
0
-0.000710994
0.0120817 -0.000335786 -1.36373e-09 -0.000335786 0.0104214 -2.59966e-07 -1.36373e-09 -2.59966e-07 1.03522e-06 
306
0
0
0.000287117
