0
0
0
0.00139271
0.00632102 -7.44339e-05 -4.31087e-09 -7.44339e-05 0.0065425 -1.42373e-07 -4.31087e-09 -1.42373e-07 1.21851e-06 
1
0
0
-2.4252e-05
0.00930531 -0.000180889 -4.22318e-09 -0.000180889 0.00905162 -1.84347e-07 -4.22318e-09 -1.84347e-07 1.03651e-06 
2
0
0
0.000102455
0.0107701 -0.00025599 -3.7825e-09 -0.00025599 0.00996569 -2.08394e-07 -3.7825e-09 -2.08394e-07 1.03685e-06 
3
0
0
0.00078799
0.0114639 -0.000297129 -3.3774e-09 -0.000297129 0.010272 -2.193e-07 -3.3774e-09 -2.193e-07 1.0371e-06 
4
0
0
0.000740668
0.0117902 -0.000317547 -3.09107e-09 -0.000317547 0.0103719 -2.24956e-07 -3.09107e-09 -2.24956e-07 1.03671e-06 
5
0
0
-0.000589682
0.0119437 -0.000327266 -2.89411e-09 -0.000327266 0.0104043 -2.28747e-07 -2.89411e-09 -2.28747e-07 1.03631e-06 
6
0
0
0.0013219
0.0120159 -0.000331823 -2.75555e-09 -0.000331823 0.0104149 -2.3183e-07 -2.75555e-09 -2.3183e-07 1.036e-06 
7
0
0
0.000335365
0.01205 -0.000333904 -2.62488e-09 -0.000333904 0.0104184 -2.34574e-07 -2.62488e-09 -2.34574e-07 1.03576e-06 
8
0
0
-0.00027046
0.0120662 -0.000334885 -2.51914e-09 -0.000334885 0.0104197 -2.37091e-07 -2.51914e-09 -2.37091e-07 1.03558e-06 
9
0
0
-0.000718763
0.0120739 -0.00033535 -2.4173e-09 -0.00033535 0.0104202 -2.39417e-07 -2.4173e-09 -2.39417e-07 1.03545e-06 
10
0
0
-0.000645077
0.0120777 -0.000335574 -2.32372e-09 -0.000335574 0.0104205 -2.41557e-07 -2.32372e-09 -2.41557e-07 1.03535e-06 
11
0
0
7.70356e-05
0.0120795 -0.00033568 -2.23589e-09 -0.00033568 0.0104206 -2.43518e-07 -2.23589e-09 -2.43518e-07 1.03528e-06 
12
0
0
9.54453e-05
0.0120804 -0.00033572 -2.14938e-09 -0.00033572 0.0104207 -2.45308e-07 -2.14938e-09 -2.45308e-07 1.03523e-06 
13
0
0
-0.000720547
0.0120809 -0.000335742 -2.07199e-09 -0.000335742 0.0104208 -2.46932e-07 -2.07199e-09 -2.46932e-07 1.03519e-06 
14
0
0
-0.00167536
0.0120812 -0.000335768 -2.01097e-09 -0.000335768 0.0104209 -2.48399e-07 -2.01097e-09 -2.48399e-07 1.03517e-06 
15
0
0
-0.00184405
0.0120814 -0.000335797 -1.96133e-09 -0.000335797 0.010421 -2.49718e-07 -1.96133e-09 -2.49718e-07 1.03515e-06 
16
0
0
-0.00197204
0.0120814 -0.000335813 -1.91161e-09 -0.000335813 0.010421 -2.50901e-07 -1.91161e-09 -2.50901e-07 1.03514e-06 
17
0
0
0.000232503
0.0120815 -0.000335823 -1.86576e-09 -0.000335823 0.0104211 -2.51957e-07 -1.86576e-09 -2.51957e-07 1.03514e-06 
18
0
0
0.000714227
0.0120816 -0.000335793 -1.80401e-09 -0.000335793 0.0104211 -2.52899e-07 -1.80401e-09 -2.52899e-07 1.03514e-06 
19
0
0
0.000403254
0.0120816 -0.000335776 -1.75375e-09 -0.000335776 0.0104212 -2.53737e-07 -1.75375e-09 -2.53737e-07 1.03514e-06 
20
0
0
0.00105552
0.0120817 -0.000335775 -1.71587e-09 -0.000335775 0.0104212 -2.54481e-07 -1.71587e-09 -2.54481e-07 1.03514e-06 
21
0
0
-0.000501378
0.0120817 -0.000335766 -1.67824e-09 -0.000335766 0.0104212 -2.5514e-07 -1.67824e-09 -2.5514e-07 1.03515e-06 
22
0
0
-0.000842865
0.0120817 -0.000335787 -1.66128e-09 -0.000335787 0.0104213 -2.55724e-07 -1.66128e-09 -2.55724e-07 1.03515e-06 
23
0
0
-1.73139e-05
0.0120817 -0.000335802 -1.64344e-09 -0.000335802 0.0104213 -2.5624e-07 -1.64344e-09 -2.5624e-07 1.03516e-06 
24
0
0
0.000474654
0.0120817 -0.000335795 -1.61843e-09 -0.000335795 0.0104213 -2.56693e-07 -1.61843e-09 -2.56693e-07 1.03516e-06 
25
0
0
0.000549284
0.0120817 -0.000335785 -1.59492e-09 -0.000335785 0.0104213 -2.57093e-07 -1.59492e-09 -2.57093e-07 1.03517e-06 
26
0
0
-0.000205417
0.0120817 -0.00033578 -1.57717e-09 -0.00033578 0.0104213 -2.57445e-07 -1.57717e-09 -2.57445e-07 1.03517e-06 
27
0
0
0.000228778
0.0120817 -0.000335791 -1.56964e-09 -0.000335791 0.0104214 -2.57754e-07 -1.56964e-09 -2.57754e-07 1.03518e-06 
28
0
0
-0.000177488
0.0120817 -0.000335788 -1.55653e-09 -0.000335788 0.0104214 -2.58027e-07 -1.55653e-09 -2.58027e-07 1.03518e-06 
29
0
0
-0.000401917
0.0120817 -0.000335794 -1.54806e-09 -0.000335794 0.0104214 -2.58266e-07 -1.54806e-09 -2.58266e-07 1.03519e-06 
30
0
0
0.00122704
0.0120817 -0.0003358 -1.54167e-09 -0.0003358 0.0104214 -2.58474e-07 -1.54167e-09 -2.58474e-07 1.03519e-06 
31
0
0
0.00149988
0.0120817 -0.000335777 -1.52197e-09 -0.000335777 0.0104214 -2.58657e-07 -1.52197e-09 -2.58657e-07 1.03519e-06 
32
0
0
0.00186661
0.0120817 -0.000335764 -1.50937e-09 -0.000335764 0.0104214 -2.58817e-07 -1.50937e-09 -2.58817e-07 1.0352e-06 
33
0
0
0.0015252
0.0120818 -0.000335753 -1.49779e-09 -0.000335753 0.0104214 -2.58957e-07 -1.49779e-09 -2.58957e-07 1.0352e-06 
34
0
0
0.00084979
0.0120818 -0.000335754 -1.49004e-09 -0.000335754 0.0104214 -2.59078e-07 -1.49004e-09 -2.59078e-07 1.0352e-06 
35
0
0
0.000753221
0.0120818 -0.000335766 -1.48988e-09 -0.000335766 0.0104214 -2.59184e-07 -1.48988e-09 -2.59184e-07 1.0352e-06 
36
0
0
-0.000270784
0.0120818 -0.000335772 -1.48908e-09 -0.000335772 0.0104214 -2.59274e-07 -1.48908e-09 -2.59274e-07 1.03521e-06 
37
0
0
-7.03204e-05
0.0120817 -0.00033579 -1.49759e-09 -0.00033579 0.0104214 -2.59353e-07 -1.49759e-09 -2.59353e-07 1.03521e-06 
38
0
0
0.00080162
0.0120817 -0.000335794 -1.49738e-09 -0.000335794 0.0104214 -2.59424e-07 -1.49738e-09 -2.59424e-07 1.03521e-06 
39
0
0
0.001202
0.0120817 -0.000335782 -1.48901e-09 -0.000335782 0.0104214 -2.59486e-07 -1.48901e-09 -2.59486e-07 1.03521e-06 
40
0
0
0.00162406
0.0120818 -0.000335771 -1.48313e-09 -0.000335771 0.0104214 -2.5954e-07 -1.48313e-09 -2.5954e-07 1.03521e-06 
41
0
0
0.00119661
0.0120818 -0.00033576 -1.47565e-09 -0.00033576 0.0104214 -2.59585e-07 -1.47565e-09 -2.59585e-07 1.03521e-06 
42
0
0
-0.000806734
0.0120818 -0.000335763 -1.47347e-09 -0.000335763 0.0104214 -2.59624e-07 -1.47347e-09 -2.59624e-07 1.03521e-06 
43
0
0
0.000404277
0.0120817 -0.000335796 -1.48764e-09 -0.000335796 0.0104214 -2.5966e-07 -1.48764e-09 -2.5966e-07 1.03522e-06 
44
0
0
0.000303298
0.0120817 -0.000335789 -1.48307e-09 -0.000335789 0.0104214 -2.5969e-07 -1.48307e-09 -2.5969e-07 1.03522e-06 
45
0
0
-0.000440986
0.0120817 -0.000335788 -1.48301e-09 -0.000335788 0.0104214 -2.59718e-07 -1.48301e-09 -2.59718e-07 1.03522e-06 
46
0
0
-0.000642769
0.0120817 -0.0003358 -1.48854e-09 -0.0003358 0.0104214 -2.59741e-07 -1.48854e-09 -2.59741e-07 1.03522e-06 
47
0
0
0.000252585
0.0120817 -0.000335807 -1.49079e-09 -0.000335807 0.0104214 -2.59761e-07 -1.49079e-09 -2.59761e-07 1.03522e-06 
48
0
0
-0.000308833
0.0120817 -0.000335796 -1.48531e-09 -0.000335796 0.0104214 -2.59777e-07 -1.48531e-09 -2.59777e-07 1.03522e-06 
49
0
0
0.000209897
0.0120817 -0.0003358 -1.48528e-09 -0.0003358 0.0104214 -2.59792e-07 -1.48528e-09 -2.59792e-07 1.03522e-06 
50
0
0
-0.000784903
0.0120817 -0.000335794 -1.47942e-09 -0.000335794 0.0104214 -2.59805e-07 -1.47942e-09 -2.59805e-07 1.03522e-06 
51
0
0
0.000151643
0.0120817 -0.000335807 -1.48289e-09 -0.000335807 0.0104214 -2.59817e-07 -1.48289e-09 -2.59817e-07 1.03522e-06 
52
0
0
0.000534252
0.0120817 -0.000335798 -1.4791e-09 -0.000335798 0.0104214 -2.59824e-07 -1.4791e-09 -2.59824e-07 1.03522e-06 
53
0
0
-0.00136528
0.0120817 -0.000335788 -1.47982e-09 -0.000335788 0.0104214 -2.59833e-07 -1.47982e-09 -2.59833e-07 1.03522e-06 
54
0
0
-0.000486301
0.0120817 -0.000335814 -1.4955e-09 -0.000335814 0.0104214 -2.59843e-07 -1.4955e-09 -2.59843e-07 1.03522e-06 
55
0
0
0.00188943
0.0120817 -0.00033581 -1.49039e-09 -0.00033581 0.0104214 -2.59851e-07 -1.49039e-09 -2.59851e-07 1.03522e-06 
56
0
0
-0.000766196
0.0120817 -0.000335771 -1.46803e-09 -0.000335771 0.0104214 -2.59856e-07 -1.46803e-09 -2.59856e-07 1.03522e-06 
57
0
0
-0.00021452
0.0120817 -0.000335798 -1.48712e-09 -0.000335798 0.0104214 -2.59859e-07 -1.48712e-09 -2.59859e-07 1.03522e-06 
58
0
0
0.000546437
0.0120817 -0.0003358 -1.48917e-09 -0.0003358 0.0104214 -2.59865e-07 -1.48917e-09 -2.59865e-07 1.03522e-06 
59
0
0
0.00019599
0.0120817 -0.000335789 -1.48211e-09 -0.000335789 0.0104214 -2.59871e-07 -1.48211e-09 -2.59871e-07 1.03522e-06 
60
0
0
-0.000457851
0.0120817 -0.00033579 -1.48283e-09 -0.00033579 0.0104214 -2.59874e-07 -1.48283e-09 -2.59874e-07 1.03522e-06 
61
0
0
0.00113815
0.0120817 -0.000335801 -1.49019e-09 -0.000335801 0.0104214 -2.59876e-07 -1.49019e-09 -2.59876e-07 1.03522e-06 
62
0
0
0.000217323
0.0120817 -0.000335779 -1.48079e-09 -0.000335779 0.0104214 -2.59879e-07 -1.48079e-09 -2.59879e-07 1.03522e-06 
63
0
0
-0.00130646
0.0120817 -0.000335786 -1.48518e-09 -0.000335786 0.0104214 -2.59882e-07 -1.48518e-09 -2.59882e-07 1.03522e-06 
64
0
0
-0.000283571
0.0120817 -0.000335813 -1.49953e-09 -0.000335813 0.0104214 -2.59884e-07 -1.49953e-09 -2.59884e-07 1.03522e-06 
65
0
0
0.000344013
0.0120817 -0.000335807 -1.49709e-09 -0.000335807 0.0104214 -2.59885e-07 -1.49709e-09 -2.59885e-07 1.03522e-06 
66
0
0
3.36059e-05
0.0120817 -0.000335794 -1.49265e-09 -0.000335794 0.0104214 -2.59886e-07 -1.49265e-09 -2.59886e-07 1.03522e-06 
67
0
0
0.000391463
0.0120817 -0.000335794 -1.49449e-09 -0.000335794 0.0104214 -2.59887e-07 -1.49449e-09 -2.59887e-07 1.03522e-06 
68
0
0
-4.69869e-05
0.0120817 -0.000335789 -1.49324e-09 -0.000335789 0.0104214 -2.59888e-07 -1.49324e-09 -2.59888e-07 1.03522e-06 
69
0
0
-0.000475493
0.0120817 -0.000335794 -1.49878e-09 -0.000335794 0.0104214 -2.5989e-07 -1.49878e-09 -2.5989e-07 1.03522e-06 
70
0
0
-0.000532327
0.0120817 -0.000335802 -1.50464e-09 -0.000335802 0.0104214 -2.59891e-07 -1.50464e-09 -2.59891e-07 1.03522e-06 
71
0
0
0.000595182
0.0120817 -0.000335807 -1.50714e-09 -0.000335807 0.0104214 -2.59892e-07 -1.50714e-09 -2.59892e-07 1.03522e-06 
72
0
0
-5.84119e-05
0.0120817 -0.00033579 -1.49933e-09 -0.00033579 0.0104214 -2.59893e-07 -1.49933e-09 -2.59893e-07 1.03522e-06 
73
0
0
-0.000408312
0.0120817 -0.000335794 -1.50054e-09 -0.000335794 0.0104214 -2.59895e-07 -1.50054e-09 -2.59895e-07 1.03522e-06 
74
0
0
-0.000692864
0.0120817 -0.000335802 -1.50385e-09 -0.000335802 0.0104214 -2.59897e-07 -1.50385e-09 -2.59897e-07 1.03522e-06 
75
0
0
-0.00153096
0.0120817 -0.000335809 -1.50692e-09 -0.000335809 0.0104214 -2.59897e-07 -1.50692e-09 -2.59897e-07 1.03522e-06 
76
0
0
0.000322827
0.0120817 -0.000335825 -1.51647e-09 -0.000335825 0.0104214 -2.59897e-07 -1.51647e-09 -2.59897e-07 1.03522e-06 
77
0
0
0.000375728
0.0120817 -0.000335802 -1.50679e-09 -0.000335802 0.0104214 -2.59896e-07 -1.50679e-09 -2.59896e-07 1.03522e-06 
78
0
0
-0.00129392
0.0120817 -0.000335792 -1.5053e-09 -0.000335792 0.0104214 -2.59896e-07 -1.5053e-09 -2.59896e-07 1.03522e-06 
79
0
0
-0.00109263
0.0120817 -0.000335815 -1.51969e-09 -0.000335815 0.0104214 -2.59896e-07 -1.51969e-09 -2.59896e-07 1.03522e-06 
80
0
0
0.000552698
0.0120817 -0.00033582 -1.52468e-09 -0.00033582 0.0104214 -2.59896e-07 -1.52468e-09 -2.59896e-07 1.03522e-06 
81
0
0
-0.000232148
0.0120817 -0.000335796 -1.5132e-09 -0.000335796 0.0104214 -2.59899e-07 -1.5132e-09 -2.59899e-07 1.03522e-06 
82
0
0
-0.0013464
0.0120817 -0.000335799 -1.51724e-09 -0.000335799 0.0104214 -2.59902e-07 -1.51724e-09 -2.59902e-07 1.03522e-06 
83
0
0
-3.71191e-05
0.0120817 -0.000335818 -1.52848e-09 -0.000335818 0.0104214 -2.59904e-07 -1.52848e-09 -2.59904e-07 1.03522e-06 
84
0
0
8.90442e-05
0.0120817 -0.000335805 -1.5216e-09 -0.000335805 0.0104214 -2.59905e-07 -1.5216e-09 -2.59905e-07 1.03522e-06 
85
0
0
-0.000723196
0.0120817 -0.000335798 -1.51982e-09 -0.000335798 0.0104214 -2.59907e-07 -1.51982e-09 -2.59907e-07 1.03522e-06 
86
0
0
-0.000627189
0.0120817 -0.000335808 -1.52772e-09 -0.000335808 0.0104214 -2.59908e-07 -1.52772e-09 -2.59908e-07 1.03522e-06 
87
0
0
-0.00101327
0.0120817 -0.00033581 -1.53018e-09 -0.00033581 0.0104214 -2.59909e-07 -1.53018e-09 -2.59909e-07 1.03522e-06 
88
0
0
0.00128232
0.0120817 -0.000335817 -1.5352e-09 -0.000335817 0.0104214 -2.59909e-07 -1.5352e-09 -2.59909e-07 1.03522e-06 
89
0
0
0.00149966
0.0120817 -0.000335783 -1.51445e-09 -0.000335783 0.0104214 -2.5991e-07 -1.51445e-09 -2.5991e-07 1.03522e-06 
90
0
0
0.000825366
0.0120818 -0.000335767 -1.50633e-09 -0.000335767 0.0104214 -2.59909e-07 -1.50633e-09 -2.59909e-07 1.03522e-06 
91
0
0
0.00138735
0.0120818 -0.000335772 -1.50969e-09 -0.000335772 0.0104214 -2.5991e-07 -1.50969e-09 -2.5991e-07 1.03522e-06 
92
0
0
-0.000864168
0.0120818 -0.000335764 -1.50502e-09 -0.000335764 0.0104214 -2.5991e-07 -1.50502e-09 -2.5991e-07 1.03522e-06 
93
0
0
0.00122822
0.0120817 -0.000335797 -1.52283e-09 -0.000335797 0.0104214 -2.59911e-07 -1.52283e-09 -2.59911e-07 1.03522e-06 
94
0
0
0.000959621
0.0120817 -0.000335777 -1.51237e-09 -0.000335777 0.0104214 -2.59911e-07 -1.51237e-09 -2.59911e-07 1.03522e-06 
95
0
0
0.000533854
0.0120818 -0.000335773 -1.51307e-09 -0.000335773 0.0104214 -2.59911e-07 -1.51307e-09 -2.59911e-07 1.03522e-06 
96
0
0
0.00116959
0.0120817 -0.000335779 -1.51752e-09 -0.000335779 0.0104214 -2.59911e-07 -1.51752e-09 -2.59911e-07 1.03522e-06 
97
0
0
0.00121739
0.0120818 -0.00033577 -1.5138e-09 -0.00033577 0.0104214 -2.5991e-07 -1.5138e-09 -2.5991e-07 1.03522e-06 
98
0
0
0.00136271
0.0120818 -0.000335767 -1.51068e-09 -0.000335767 0.0104214 -2.59909e-07 -1.51068e-09 -2.59909e-07 1.03522e-06 
99
0
0
-0.000133303
0.0120818 -0.000335763 -1.50952e-09 -0.000335763 0.0104214 -2.5991e-07 -1.50952e-09 -2.5991e-07 1.03522e-06 
100
0
0
0.00050556
0.0120817 -0.000335785 -1.52314e-09 -0.000335785 0.0104214 -2.5991e-07 -1.52314e-09 -2.5991e-07 1.03522e-06 
101
0
0
3.82204e-05
0.0120817 -0.000335784 -1.52242e-09 -0.000335784 0.0104214 -2.59911e-07 -1.52242e-09 -2.59911e-07 1.03522e-06 
102
0
0
-0.000249341
0.0120817 -0.00033579 -1.52645e-09 -0.00033579 0.0104214 -2.59911e-07 -1.52645e-09 -2.59911e-07 1.03522e-06 
103
0
0
-0.000103546
0.0120817 -0.000335798 -1.53052e-09 -0.000335798 0.0104214 -2.59911e-07 -1.53052e-09 -2.59911e-07 1.03522e-06 
104
0
0
0.000339901
0.0120817 -0.000335798 -1.53186e-09 -0.000335798 0.0104214 -2.59911e-07 -1.53186e-09 -2.59911e-07 1.03522e-06 
105
0
0
0.00139651
0.0120817 -0.000335791 -1.52669e-09 -0.000335791 0.0104214 -2.59912e-07 -1.52669e-09 -2.59912e-07 1.03522e-06 
106
0
0
0.000650602
0.0120818 -0.000335772 -1.51523e-09 -0.000335772 0.0104214 -2.59912e-07 -1.51523e-09 -2.59912e-07 1.03522e-06 
107
0
0
0.00151062
0.0120817 -0.000335776 -1.52003e-09 -0.000335776 0.0104214 -2.5991e-07 -1.52003e-09 -2.5991e-07 1.03522e-06 
108
0
0
0.000646704
0.0120818 -0.000335764 -1.51602e-09 -0.000335764 0.0104214 -2.59909e-07 -1.51602e-09 -2.59909e-07 1.03522e-06 
109
0
0
-0.000496261
0.0120818 -0.000335773 -1.52229e-09 -0.000335773 0.0104214 -2.59907e-07 -1.52229e-09 -2.59907e-07 1.03522e-06 
110
0
0
-0.00112939
0.0120817 -0.000335795 -1.53436e-09 -0.000335795 0.0104214 -2.59905e-07 -1.53436e-09 -2.59905e-07 1.03522e-06 
111
0
0
0.000392899
0.0120817 -0.000335813 -1.54631e-09 -0.000335813 0.0104214 -2.59905e-07 -1.54631e-09 -2.59905e-07 1.03522e-06 
112
0
0
-0.00139582
0.0120817 -0.000335796 -1.54071e-09 -0.000335796 0.0104214 -2.59908e-07 -1.54071e-09 -2.59908e-07 1.03522e-06 
113
0
0
-0.00113861
0.0120817 -0.000335818 -1.55236e-09 -0.000335818 0.0104214 -2.5991e-07 -1.55236e-09 -2.5991e-07 1.03522e-06 
114
0
0
-0.000387326
0.0120817 -0.000335822 -1.55352e-09 -0.000335822 0.0104214 -2.59912e-07 -1.55352e-09 -2.59912e-07 1.03522e-06 
115
0
0
-0.000130818
0.0120817 -0.000335812 -1.54839e-09 -0.000335812 0.0104214 -2.59913e-07 -1.54839e-09 -2.59913e-07 1.03522e-06 
116
0
0
1.87774e-05
0.0120817 -0.000335804 -1.5456e-09 -0.000335804 0.0104214 -2.59912e-07 -1.5456e-09 -2.59912e-07 1.03522e-06 
117
0
0
0.000831533
0.0120817 -0.000335798 -1.54332e-09 -0.000335798 0.0104214 -2.59912e-07 -1.54332e-09 -2.59912e-07 1.03522e-06 
118
0
0
-0.00153722
0.0120817 -0.000335783 -1.53666e-09 -0.000335783 0.0104214 -2.59911e-07 -1.53666e-09 -2.59911e-07 1.03522e-06 
119
0
0
-0.000454831
0.0120817 -0.000335815 -1.55638e-09 -0.000335815 0.0104214 -2.5991e-07 -1.55638e-09 -2.5991e-07 1.03522e-06 
120
0
0
-0.000528778
0.0120817 -0.00033581 -1.55461e-09 -0.00033581 0.0104214 -2.59909e-07 -1.55461e-09 -2.59909e-07 1.03522e-06 
121
0
0
-0.000160804
0.0120817 -0.000335809 -1.55299e-09 -0.000335809 0.0104214 -2.59908e-07 -1.55299e-09 -2.59908e-07 1.03522e-06 
122
0
0
0.000566129
0.0120817 -0.000335803 -1.55024e-09 -0.000335803 0.0104214 -2.59907e-07 -1.55024e-09 -2.59907e-07 1.03522e-06 
123
0
0
0.00234168
0.0120817 -0.000335789 -1.5448e-09 -0.000335789 0.0104214 -2.59907e-07 -1.5448e-09 -2.59907e-07 1.03522e-06 
124
0
0
0.00298952
0.0120818 -0.000335756 -1.52977e-09 -0.000335756 0.0104214 -2.5991e-07 -1.52977e-09 -2.5991e-07 1.03522e-06 
125
0
0
0.00358121
0.0120818 -0.000335733 -1.52129e-09 -0.000335733 0.0104214 -2.59913e-07 -1.52129e-09 -2.59913e-07 1.03522e-06 
126
0
0
0.0057882
0.0120818 -0.000335715 -1.51324e-09 -0.000335715 0.0104214 -2.59914e-07 -1.51324e-09 -2.59914e-07 1.03522e-06 
127
0
0
0.00710768
0.0120818 -0.000335673 -1.48991e-09 -0.000335673 0.0104214 -2.59915e-07 -1.48991e-09 -2.59915e-07 1.03522e-06 
128
0
0
0.00787326
0.0120818 -0.000335636 -1.47055e-09 -0.000335636 0.0104214 -2.59915e-07 -1.47055e-09 -2.59915e-07 1.03522e-06 
129
0
0
0.004768
0.0120818 -0.00033561 -1.45394e-09 -0.00033561 0.0104214 -2.59923e-07 -1.45394e-09 -2.59923e-07 1.03522e-06 
130
0
0
0.00244751
0.0120818 -0.000335649 -1.47473e-09 -0.000335649 0.0104214 -2.59928e-07 -1.47473e-09 -2.59928e-07 1.03522e-06 
131
0
0
0.00500817
0.0120818 -0.000335701 -1.50077e-09 -0.000335701 0.0104214 -2.59932e-07 -1.50077e-09 -2.59932e-07 1.03522e-06 
132
0
0
0.00187425
0.0120818 -0.00033568 -1.48712e-09 -0.00033568 0.0104214 -2.59933e-07 -1.48712e-09 -2.59933e-07 1.03522e-06 
133
0
0
0.0018156
0.0120818 -0.000335722 -1.51086e-09 -0.000335722 0.0104214 -2.5993e-07 -1.51086e-09 -2.5993e-07 1.03522e-06 
134
0
0
0.000998578
0.0120818 -0.000335739 -1.5219e-09 -0.000335739 0.0104214 -2.59928e-07 -1.5219e-09 -2.59928e-07 1.03522e-06 
135
0
0
0.000520067
0.0120818 -0.000335758 -1.5348e-09 -0.000335758 0.0104214 -2.59929e-07 -1.5348e-09 -2.59929e-07 1.03522e-06 
136
0
0
0.00119475
0.0120818 -0.000335773 -1.54463e-09 -0.000335773 0.0104214 -2.59933e-07 -1.54463e-09 -2.59933e-07 1.03522e-06 
137
0
0
0.00174444
0.0120818 -0.000335768 -1.54292e-09 -0.000335768 0.0104214 -2.59933e-07 -1.54292e-09 -2.59933e-07 1.03522e-06 
138
0
0
0.00125255
0.0120818 -0.000335757 -1.53311e-09 -0.000335757 0.0104214 -2.59926e-07 -1.53311e-09 -2.59926e-07 1.03522e-06 
139
0
0
0.00102253
0.0120818 -0.000335761 -1.53419e-09 -0.000335761 0.0104214 -2.59922e-07 -1.53419e-09 -2.59922e-07 1.03522e-06 
140
0
0
0.00110569
0.0120818 -0.000335766 -1.53628e-09 -0.000335766 0.0104214 -2.5992e-07 -1.53628e-09 -2.5992e-07 1.03522e-06 
141
0
0
0.00129898
0.0120818 -0.000335767 -1.53791e-09 -0.000335767 0.0104214 -2.59919e-07 -1.53791e-09 -2.59919e-07 1.03522e-06 
142
0
0
0.00073109
0.0120818 -0.000335764 -1.53685e-09 -0.000335764 0.0104214 -2.59919e-07 -1.53685e-09 -2.59919e-07 1.03522e-06 
143
0
0
-0.000166418
0.0120818 -0.000335772 -1.5425e-09 -0.000335772 0.0104214 -2.59919e-07 -1.5425e-09 -2.59919e-07 1.03522e-06 
144
0
0
0.000149514
0.0120817 -0.000335789 -1.55365e-09 -0.000335789 0.0104214 -2.59918e-07 -1.55365e-09 -2.59918e-07 1.03522e-06 
145
0
0
0.000214365
0.0120817 -0.000335791 -1.55476e-09 -0.000335791 0.0104214 -2.5992e-07 -1.55476e-09 -2.5992e-07 1.03522e-06 
146
0
0
0.00169279
0.0120817 -0.00033579 -1.55686e-09 -0.00033579 0.0104214 -2.59921e-07 -1.55686e-09 -2.59921e-07 1.03522e-06 
147
0
0
0.00103488
0.0120818 -0.000335767 -1.54628e-09 -0.000335767 0.0104214 -2.59922e-07 -1.54628e-09 -2.59922e-07 1.03522e-06 
148
0
0
0.000261708
0.0120818 -0.000335768 -1.5489e-09 -0.000335768 0.0104214 -2.59921e-07 -1.5489e-09 -2.59921e-07 1.03522e-06 
149
0
0
0.000409696
0.0120817 -0.000335781 -1.55572e-09 -0.000335781 0.0104214 -2.5992e-07 -1.55572e-09 -2.5992e-07 1.03522e-06 
150
0
0
-0.000123288
0.0120817 -0.000335783 -1.55844e-09 -0.000335783 0.0104214 -2.59918e-07 -1.55844e-09 -2.59918e-07 1.03522e-06 
151
0
0
0.00121232
0.0120817 -0.000335793 -1.5652e-09 -0.000335793 0.0104214 -2.59917e-07 -1.5652e-09 -2.59917e-07 1.03522e-06 
152
0
0
0.00149287
0.0120817 -0.000335775 -1.55719e-09 -0.000335775 0.0104214 -2.59917e-07 -1.55719e-09 -2.59917e-07 1.03522e-06 
153
0
0
-0.000677998
0.0120818 -0.000335764 -1.54959e-09 -0.000335764 0.0104214 -2.59918e-07 -1.54959e-09 -2.59918e-07 1.03522e-06 
154
0
0
-0.000464675
0.0120817 -0.000335794 -1.56398e-09 -0.000335794 0.0104214 -2.5992e-07 -1.56398e-09 -2.5992e-07 1.03522e-06 
155
0
0
0.00100254
0.0120817 -0.000335802 -1.5649e-09 -0.000335802 0.0104214 -2.59924e-07 -1.5649e-09 -2.59924e-07 1.03522e-06 
156
0
0
0.000504334
0.0120817 -0.000335782 -1.55285e-09 -0.000335782 0.0104214 -2.59927e-07 -1.55285e-09 -2.59927e-07 1.03522e-06 
157
0
0
-0.000475879
0.0120817 -0.000335782 -1.55687e-09 -0.000335782 0.0104214 -2.59927e-07 -1.55687e-09 -2.59927e-07 1.03522e-06 
158
0
0
0.000336891
0.0120817 -0.000335798 -1.5691e-09 -0.000335798 0.0104214 -2.59928e-07 -1.5691e-09 -2.59928e-07 1.03522e-06 
159
0
0
0.000224854
0.0120817 -0.000335791 -1.56682e-09 -0.000335791 0.0104214 -2.59929e-07 -1.56682e-09 -2.59929e-07 1.03522e-06 
160
0
0
-0.000116647
0.0120817 -0.00033579 -1.56797e-09 -0.00033579 0.0104214 -2.5993e-07 -1.56797e-09 -2.5993e-07 1.03522e-06 
161
0
0
0.000315183
0.0120817 -0.000335795 -1.57023e-09 -0.000335795 0.0104214 -2.59932e-07 -1.57023e-09 -2.59932e-07 1.03522e-06 
162
0
0
0.000413716
0.0120817 -0.00033579 -1.5683e-09 -0.00033579 0.0104214 -2.59932e-07 -1.5683e-09 -2.59932e-07 1.03522e-06 
163
0
0
1.08895e-05
0.0120817 -0.000335787 -1.56739e-09 -0.000335787 0.0104214 -2.59931e-07 -1.56739e-09 -2.59931e-07 1.03522e-06 
164
0
0
-0.000651245
0.0120817 -0.000335792 -1.57053e-09 -0.000335792 0.0104214 -2.59931e-07 -1.57053e-09 -2.59931e-07 1.03522e-06 
165
0
0
0.000526386
0.0120817 -0.000335804 -1.57772e-09 -0.000335804 0.0104214 -2.59932e-07 -1.57772e-09 -2.59932e-07 1.03522e-06 
166
0
0
0.00099198
0.0120817 -0.000335791 -1.57132e-09 -0.000335791 0.0104214 -2.59935e-07 -1.57132e-09 -2.59935e-07 1.03522e-06 
167
0
0
0.00157118
0.0120817 -0.000335778 -1.56659e-09 -0.000335778 0.0104214 -2.59937e-07 -1.56659e-09 -2.59937e-07 1.03522e-06 
168
0
0
0.00058118
0.0120818 -0.000335764 -1.56056e-09 -0.000335764 0.0104214 -2.59937e-07 -1.56056e-09 -2.59937e-07 1.03522e-06 
169
0
0
0.000617559
0.0120818 -0.000335774 -1.5549e-09 -0.000335774 0.0104214 -2.59934e-07 -1.5549e-09 -2.59934e-07 1.03522e-06 
170
0
0
0.000906287
0.0120817 -0.000335778 -1.54831e-09 -0.000335778 0.0104214 -2.59932e-07 -1.54831e-09 -2.59932e-07 1.03522e-06 
171
0
0
0.00101246
0.0120818 -0.000335774 -1.54241e-09 -0.000335774 0.0104214 -2.59932e-07 -1.54241e-09 -2.59932e-07 1.03522e-06 
172
0
0
-0.000468779
0.0120818 -0.000335771 -1.53808e-09 -0.000335771 0.0104214 -2.59933e-07 -1.53808e-09 -2.59933e-07 1.03522e-06 
173
0
0
0.00046957
0.0120817 -0.000335794 -1.54909e-09 -0.000335794 0.0104214 -2.59933e-07 -1.54909e-09 -2.59933e-07 1.03522e-06 
174
0
0
0.000250112
0.0120817 -0.000335787 -1.54562e-09 -0.000335787 0.0104214 -2.59934e-07 -1.54562e-09 -2.59934e-07 1.03522e-06 
175
0
0
1.68157e-05
0.0120817 -0.000335788 -1.54764e-09 -0.000335788 0.0104214 -2.59934e-07 -1.54764e-09 -2.59934e-07 1.03522e-06 
176
0
0
0.0003494
0.0120817 -0.000335793 -1.55135e-09 -0.000335793 0.0104214 -2.59935e-07 -1.55135e-09 -2.59935e-07 1.03522e-06 
177
0
0
0.000764792
0.0120817 -0.000335789 -1.55049e-09 -0.000335789 0.0104214 -2.59936e-07 -1.55049e-09 -2.59936e-07 1.03522e-06 
178
0
0
-0.000184137
0.0120817 -0.000335781 -1.54636e-09 -0.000335781 0.0104214 -2.59938e-07 -1.54636e-09 -2.59938e-07 1.03522e-06 
179
0
0
0.000362766
0.0120817 -0.000335793 -1.55349e-09 -0.000335793 0.0104214 -2.5994e-07 -1.55349e-09 -2.5994e-07 1.03522e-06 
180
0
0
-8.92378e-05
0.0120817 -0.000335789 -1.55201e-09 -0.000335789 0.0104214 -2.5994e-07 -1.55201e-09 -2.5994e-07 1.03522e-06 
181
0
0
0.00055427
0.0120817 -0.000335794 -1.5565e-09 -0.000335794 0.0104214 -2.59939e-07 -1.5565e-09 -2.59939e-07 1.03522e-06 
182
0
0
0.000449482
0.0120817 -0.000335786 -1.55354e-09 -0.000335786 0.0104214 -2.59938e-07 -1.55354e-09 -2.59938e-07 1.03522e-06 
183
0
0
-0.000243965
0.0120817 -0.000335785 -1.55418e-09 -0.000335785 0.0104214 -2.59938e-07 -1.55418e-09 -2.59938e-07 1.03522e-06 
184
0
0
0.00044843
0.0120817 -0.000335795 -1.56146e-09 -0.000335795 0.0104214 -2.59939e-07 -1.56146e-09 -2.59939e-07 1.03522e-06 
185
0
0
0.000259796
0.0120817 -0.000335788 -1.5576e-09 -0.000335788 0.0104214 -2.59943e-07 -1.5576e-09 -2.59943e-07 1.03522e-06 
186
0
0
9.42966e-05
0.0120817 -0.000335789 -1.55747e-09 -0.000335789 0.0104214 -2.59947e-07 -1.55747e-09 -2.59947e-07 1.03522e-06 
187
0
0
0.00107451
0.0120817 -0.000335791 -1.55895e-09 -0.000335791 0.0104214 -2.59948e-07 -1.55895e-09 -2.59948e-07 1.03522e-06 
188
0
0
-0.000511962
0.0120817 -0.000335777 -1.5521e-09 -0.000335777 0.0104214 -2.5995e-07 -1.5521e-09 -2.5995e-07 1.03522e-06 
189
0
0
0.00036582
0.0120817 -0.000335796 -1.56457e-09 -0.000335796 0.0104214 -2.59951e-07 -1.56457e-09 -2.59951e-07 1.03522e-06 
190
0
0
0.000229232
0.0120817 -0.00033579 -1.56199e-09 -0.00033579 0.0104214 -2.59952e-07 -1.56199e-09 -2.59952e-07 1.03522e-06 
191
0
0
0.000262897
0.0120817 -0.00033579 -1.56211e-09 -0.00033579 0.0104214 -2.59953e-07 -1.56211e-09 -2.59953e-07 1.03522e-06 
192
0
0
0.000551534
0.0120817 -0.000335789 -1.56227e-09 -0.000335789 0.0104214 -2.59952e-07 -1.56227e-09 -2.59952e-07 1.03522e-06 
193
0
0
4.15624e-05
0.0120817 -0.000335784 -1.55759e-09 -0.000335784 0.0104214 -2.59945e-07 -1.55759e-09 -2.59945e-07 1.03522e-06 
194
0
0
-0.000257314
0.0120817 -0.000335791 -1.55956e-09 -0.000335791 0.0104214 -2.5994e-07 -1.55956e-09 -2.5994e-07 1.03522e-06 
195
0
0
-0.000461715
0.0120817 -0.000335798 -1.56148e-09 -0.000335798 0.0104214 -2.59936e-07 -1.56148e-09 -2.59936e-07 1.03522e-06 
196
0
0
-0.000364983
0.0120817 -0.000335804 -1.56268e-09 -0.000335804 0.0104214 -2.59933e-07 -1.56268e-09 -2.59933e-07 1.03522e-06 
197
0
0
4.14714e-05
0.0120817 -0.000335804 -1.56236e-09 -0.000335804 0.0104214 -2.59932e-07 -1.56236e-09 -2.59932e-07 1.03522e-06 
198
0
0
-7.60122e-05
0.0120817 -0.000335798 -1.56009e-09 -0.000335798 0.0104214 -2.59932e-07 -1.56009e-09 -2.59932e-07 1.03522e-06 
199
0
0
-0.00114708
0.0120817 -0.000335798 -1.56069e-09 -0.000335798 0.0104214 -2.59934e-07 -1.56069e-09 -2.59934e-07 1.03522e-06 
200
0
0
-4.53585e-05
0.0120817 -0.000335815 -1.56976e-09 -0.000335815 0.0104214 -2.59937e-07 -1.56976e-09 -2.59937e-07 1.03522e-06 
201
0
0
-0.000153394
0.0120817 -0.000335803 -1.55671e-09 -0.000335803 0.0104214 -2.59935e-07 -1.55671e-09 -2.59935e-07 1.03522e-06 
202
0
0
-0.000366594
0.0120817 -0.000335801 -1.55209e-09 -0.000335801 0.0104214 -2.59936e-07 -1.55209e-09 -2.59936e-07 1.03522e-06 
203
0
0
7.18877e-05
0.0120817 -0.000335803 -1.55245e-09 -0.000335803 0.0104214 -2.59938e-07 -1.55245e-09 -2.59938e-07 1.03522e-06 
204
0
0
-0.000196773
0.0120817 -0.000335797 -1.54803e-09 -0.000335797 0.0104214 -2.5994e-07 -1.54803e-09 -2.5994e-07 1.03522e-06 
205
0
0
-0.000125362
0.0120817 -0.000335799 -1.54837e-09 -0.000335799 0.0104214 -2.59941e-07 -1.54837e-09 -2.59941e-07 1.03522e-06 
206
0
0
0.000309814
0.0120817 -0.000335799 -1.54814e-09 -0.000335799 0.0104214 -2.59943e-07 -1.54814e-09 -2.59943e-07 1.03522e-06 
207
0
0
-0.000354974
0.0120817 -0.000335792 -1.54477e-09 -0.000335792 0.0104214 -2.59944e-07 -1.54477e-09 -2.59944e-07 1.03522e-06 
208
0
0
0.0002676
0.0120817 -0.0003358 -1.54909e-09 -0.0003358 0.0104214 -2.59945e-07 -1.54909e-09 -2.59945e-07 1.03522e-06 
209
0
0
0.000485476
0.0120817 -0.000335793 -1.54305e-09 -0.000335793 0.0104214 -2.59945e-07 -1.54305e-09 -2.59945e-07 1.03522e-06 
210
0
0
-0.000334575
0.0120817 -0.000335787 -1.53921e-09 -0.000335787 0.0104214 -2.59944e-07 -1.53921e-09 -2.59944e-07 1.03522e-06 
211
0
0
-7.97141e-05
0.0120817 -0.000335797 -1.54597e-09 -0.000335797 0.0104214 -2.59944e-07 -1.54597e-09 -2.59944e-07 1.03522e-06 
212
0
0
-0.000951694
0.0120817 -0.000335798 -1.5462e-09 -0.000335798 0.0104214 -2.59945e-07 -1.5462e-09 -2.59945e-07 1.03522e-06 
213
0
0
-0.000367644
0.0120817 -0.000335811 -1.55254e-09 -0.000335811 0.0104214 -2.59946e-07 -1.55254e-09 -2.59946e-07 1.03522e-06 
214
0
0
0.000453651
0.0120817 -0.000335807 -1.5498e-09 -0.000335807 0.0104214 -2.59948e-07 -1.5498e-09 -2.59948e-07 1.03522e-06 
215
0
0
0.000229938
0.0120817 -0.000335793 -1.54263e-09 -0.000335793 0.0104214 -2.5995e-07 -1.54263e-09 -2.5995e-07 1.03522e-06 
216
0
0
5.34796e-05
0.0120817 -0.000335791 -1.54298e-09 -0.000335791 0.0104214 -2.5995e-07 -1.54298e-09 -2.5995e-07 1.03522e-06 
217
0
0
-0.00011025
0.0120817 -0.000335793 -1.54486e-09 -0.000335793 0.0104214 -2.59949e-07 -1.54486e-09 -2.59949e-07 1.03522e-06 
218
0
0
0.000288219
0.0120817 -0.000335796 -1.54341e-09 -0.000335796 0.0104214 -2.59948e-07 -1.54341e-09 -2.59948e-07 1.03522e-06 
219
0
0
0.0005832
0.0120817 -0.000335791 -1.53788e-09 -0.000335791 0.0104214 -2.59946e-07 -1.53788e-09 -2.59946e-07 1.03522e-06 
220
0
0
-0.000189428
0.0120817 -0.000335785 -1.532e-09 -0.000335785 0.0104214 -2.59944e-07 -1.532e-09 -2.59944e-07 1.03522e-06 
221
0
0
-0.00102091
0.0120817 -0.000335794 -1.53664e-09 -0.000335794 0.0104214 -2.59943e-07 -1.53664e-09 -2.59943e-07 1.03522e-06 
222
0
0
-0.000655102
0.0120817 -0.000335811 -1.5452e-09 -0.000335811 0.0104214 -2.59945e-07 -1.5452e-09 -2.59945e-07 1.03522e-06 
223
0
0
-0.000364366
0.0120817 -0.000335812 -1.54477e-09 -0.000335812 0.0104214 -2.5995e-07 -1.54477e-09 -2.5995e-07 1.03522e-06 
224
0
0
-0.00123158
0.0120817 -0.000335808 -1.54232e-09 -0.000335808 0.0104214 -2.59957e-07 -1.54232e-09 -2.59957e-07 1.03522e-06 
225
0
0
-0.00121186
0.0120817 -0.00033582 -1.54491e-09 -0.00033582 0.0104214 -2.59963e-07 -1.54491e-09 -2.59963e-07 1.03522e-06 
226
0
0
0.000449247
0.0120817 -0.000335824 -1.54467e-09 -0.000335824 0.0104214 -2.59969e-07 -1.54467e-09 -2.59969e-07 1.03522e-06 
227
0
0
0.00054633
0.0120817 -0.000335799 -1.52936e-09 -0.000335799 0.0104214 -2.59976e-07 -1.52936e-09 -2.59976e-07 1.03522e-06 
228
0
0
-0.000303444
0.0120817 -0.000335788 -1.52196e-09 -0.000335788 0.0104214 -2.59983e-07 -1.52196e-09 -2.59983e-07 1.03522e-06 
229
0
0
0.00131414
0.0120817 -0.000335798 -1.52572e-09 -0.000335798 0.0104214 -2.5999e-07 -1.52572e-09 -2.5999e-07 1.03522e-06 
230
0
0
0.0018611
0.0120817 -0.000335775 -1.51221e-09 -0.000335775 0.0104214 -2.59995e-07 -1.51221e-09 -2.59995e-07 1.03522e-06 
231
0
0
0.00121071
0.0120818 -0.000335758 -1.50138e-09 -0.000335758 0.0104214 -2.59999e-07 -1.50138e-09 -2.59999e-07 1.03522e-06 
232
0
0
0.00132942
0.0120818 -0.000335762 -1.50275e-09 -0.000335762 0.0104214 -2.60001e-07 -1.50275e-09 -2.60001e-07 1.03522e-06 
233
0
0
0.000937142
0.0120818 -0.000335762 -1.50121e-09 -0.000335762 0.0104214 -2.59999e-07 -1.50121e-09 -2.59999e-07 1.03522e-06 
234
0
0
-0.000363437
0.0120818 -0.000335768 -1.50716e-09 -0.000335768 0.0104214 -2.59994e-07 -1.50716e-09 -2.59994e-07 1.03522e-06 
235
0
0
0.000727782
0.0120817 -0.000335791 -1.52413e-09 -0.000335791 0.0104214 -2.59985e-07 -1.52413e-09 -2.59985e-07 1.03522e-06 
236
0
0
-0.000922538
0.0120817 -0.000335782 -1.51951e-09 -0.000335782 0.0104214 -2.59972e-07 -1.51951e-09 -2.59972e-07 1.03522e-06 
237
0
0
-0.00389949
0.0120817 -0.000335805 -1.52928e-09 -0.000335805 0.0104214 -2.59959e-07 -1.52928e-09 -2.59959e-07 1.03522e-06 
238
0
0
0.000291503
0.0120817 -0.000335861 -1.55725e-09 -0.000335861 0.0104215 -2.59951e-07 -1.55725e-09 -2.59951e-07 1.03522e-06 
239
0
0
0.00302801
0.0120817 -0.000335816 -1.53196e-09 -0.000335816 0.0104214 -2.59948e-07 -1.53196e-09 -2.59948e-07 1.03522e-06 
240
0
0
-0.000777877
0.0120818 -0.000335755 -1.501e-09 -0.000335755 0.0104214 -2.5995e-07 -1.501e-09 -2.5995e-07 1.03522e-06 
241
0
0
-0.00146761
0.0120817 -0.000335792 -1.51593e-09 -0.000335792 0.0104214 -2.59952e-07 -1.51593e-09 -2.59952e-07 1.03522e-06 
242
0
0
0.00113887
0.0120817 -0.000335818 -1.52441e-09 -0.000335818 0.0104214 -2.59953e-07 -1.52441e-09 -2.59953e-07 1.03522e-06 
243
0
0
0.00127776
0.0120817 -0.000335786 -1.50422e-09 -0.000335786 0.0104214 -2.59956e-07 -1.50422e-09 -2.59956e-07 1.03522e-06 
244
0
0
-0.000836173
0.0120818 -0.000335772 -1.49466e-09 -0.000335772 0.0104214 -2.59959e-07 -1.49466e-09 -2.59959e-07 1.03522e-06 
245
0
0
-0.000550445
0.0120817 -0.0003358 -1.50781e-09 -0.0003358 0.0104214 -2.5996e-07 -1.50781e-09 -2.5996e-07 1.03522e-06 
246
0
0
0.00048341
0.0120817 -0.000335806 -1.51029e-09 -0.000335806 0.0104214 -2.5996e-07 -1.51029e-09 -2.5996e-07 1.03522e-06 
247
0
0
0.000223534
0.0120817 -0.000335792 -1.50352e-09 -0.000335792 0.0104214 -2.5996e-07 -1.50352e-09 -2.5996e-07 1.03522e-06 
248
0
0
-0.000483297
0.0120817 -0.000335791 -1.5033e-09 -0.000335791 0.0104214 -2.5996e-07 -1.5033e-09 -2.5996e-07 1.03522e-06 
249
0
0
0.000245356
0.0120817 -0.000335801 -1.50866e-09 -0.000335801 0.0104214 -2.59959e-07 -1.50866e-09 -2.59959e-07 1.03522e-06 
250
0
0
0.000406117
0.0120817 -0.000335794 -1.5041e-09 -0.000335794 0.0104214 -2.59959e-07 -1.5041e-09 -2.59959e-07 1.03522e-06 
251
0
0
0.000503808
0.0120817 -0.000335788 -1.50083e-09 -0.000335788 0.0104214 -2.5996e-07 -1.50083e-09 -2.5996e-07 1.03522e-06 
252
0
0
6.19438e-05
0.0120817 -0.000335785 -1.49752e-09 -0.000335785 0.0104214 -2.59961e-07 -1.49752e-09 -2.59961e-07 1.03522e-06 
253
0
0
0.000735686
0.0120817 -0.00033579 -1.49922e-09 -0.00033579 0.0104214 -2.59962e-07 -1.49922e-09 -2.59962e-07 1.03522e-06 
254
0
0
-6.35016e-05
0.0120817 -0.000335782 -1.49287e-09 -0.000335782 0.0104214 -2.59963e-07 -1.49287e-09 -2.59963e-07 1.03522e-06 
255
0
0
0.000266116
0.0120817 -0.000335791 -1.49701e-09 -0.000335791 0.0104214 -2.59963e-07 -1.49701e-09 -2.59963e-07 1.03522e-06 
256
0
0
-0.000492558
0.0120817 -0.00033579 -1.496e-09 -0.00033579 0.0104214 -2.59963e-07 -1.496e-09 -2.59963e-07 1.03522e-06 
257
0
0
-0.000859389
0.0120817 -0.000335801 -1.50325e-09 -0.000335801 0.0104214 -2.59963e-07 -1.50325e-09 -2.59963e-07 1.03522e-06 
258
0
0
-9.61793e-05
0.0120817 -0.000335811 -1.5068e-09 -0.000335811 0.0104214 -2.5996e-07 -1.5068e-09 -2.5996e-07 1.03522e-06 
259
0
0
0.000652502
0.0120817 -0.000335803 -1.50044e-09 -0.000335803 0.0104214 -2.59959e-07 -1.50044e-09 -2.59959e-07 1.03522e-06 
260
0
0
9.99836e-05
0.0120817 -0.000335788 -1.49078e-09 -0.000335788 0.0104214 -2.59959e-07 -1.49078e-09 -2.59959e-07 1.03522e-06 
261
0
0
0.000550421
0.0120817 -0.000335791 -1.49094e-09 -0.000335791 0.0104214 -2.59959e-07 -1.49094e-09 -2.59959e-07 1.03522e-06 
262
0
0
-7.03204e-05
0.0120817 -0.000335785 -1.48557e-09 -0.000335785 0.0104214 -2.59958e-07 -1.48557e-09 -2.59958e-07 1.03522e-06 
263
0
0
0.00204572
0.0120817 -0.000335793 -1.48816e-09 -0.000335793 0.0104214 -2.59957e-07 -1.48816e-09 -2.59957e-07 1.03522e-06 
264
0
0
0.000738805
0.0120818 -0.000335762 -1.47043e-09 -0.000335762 0.0104214 -2.59957e-07 -1.47043e-09 -2.59957e-07 1.03522e-06 
265
0
0
0.000534298
0.0120818 -0.000335771 -1.47322e-09 -0.000335771 0.0104214 -2.59958e-07 -1.47322e-09 -2.59958e-07 1.03522e-06 
266
0
0
3.93503e-06
0.0120817 -0.000335778 -1.4749e-09 -0.000335778 0.0104214 -2.59958e-07 -1.4749e-09 -2.59958e-07 1.03522e-06 
267
0
0
-0.000683598
0.0120817 -0.000335789 -1.47961e-09 -0.000335789 0.0104214 -2.59959e-07 -1.47961e-09 -2.59959e-07 1.03522e-06 
268
0
0
-0.000720737
0.0120817 -0.000335804 -1.487e-09 -0.000335804 0.0104214 -2.5996e-07 -1.487e-09 -2.5996e-07 1.03522e-06 
269
0
0
0.000308566
0.0120817 -0.00033581 -1.48919e-09 -0.00033581 0.0104214 -2.59961e-07 -1.48919e-09 -2.59961e-07 1.03522e-06 
270
0
0
0.00022883
0.0120817 -0.000335796 -1.48102e-09 -0.000335796 0.0104214 -2.59961e-07 -1.48102e-09 -2.59961e-07 1.03522e-06 
271
0
0
0.000602736
0.0120817 -0.000335792 -1.47886e-09 -0.000335792 0.0104214 -2.59961e-07 -1.47886e-09 -2.59961e-07 1.03522e-06 
272
0
0
0.000331297
0.0120817 -0.000335785 -1.4742e-09 -0.000335785 0.0104214 -2.59961e-07 -1.4742e-09 -2.59961e-07 1.03522e-06 
273
0
0
-9.62544e-06
0.0120817 -0.000335786 -1.47191e-09 -0.000335786 0.0104214 -2.59961e-07 -1.47191e-09 -2.59961e-07 1.03522e-06 
274
0
0
0.000442347
0.0120817 -0.000335792 -1.47262e-09 -0.000335792 0.0104214 -2.59961e-07 -1.47262e-09 -2.59961e-07 1.03522e-06 
275
0
0
-0.000999504
0.0120817 -0.000335787 -1.46823e-09 -0.000335787 0.0104214 -2.59962e-07 -1.46823e-09 -2.59962e-07 1.03522e-06 
276
0
0
7.26649e-05
0.0120817 -0.000335808 -1.47869e-09 -0.000335808 0.0104214 -2.59962e-07 -1.47869e-09 -2.59962e-07 1.03522e-06 
277
0
0
-0.000747672
0.0120817 -0.000335799 -1.47311e-09 -0.000335799 0.0104214 -2.59962e-07 -1.47311e-09 -2.59962e-07 1.03522e-06 
278
0
0
-0.00046857
0.0120817 -0.000335809 -1.47751e-09 -0.000335809 0.0104214 -2.59962e-07 -1.47751e-09 -2.59962e-07 1.03522e-06 
279
0
0
-0.000669838
0.0120817 -0.000335808 -1.47608e-09 -0.000335808 0.0104214 -2.59963e-07 -1.47608e-09 -2.59963e-07 1.03522e-06 
280
0
0
-0.000741732
0.0120817 -0.000335811 -1.4767e-09 -0.000335811 0.0104214 -2.59963e-07 -1.4767e-09 -2.59963e-07 1.03522e-06 
281
0
0
0.000113441
0.0120817 -0.000335813 -1.47702e-09 -0.000335813 0.0104214 -2.59964e-07 -1.47702e-09 -2.59964e-07 1.03522e-06 
282
0
0
0.000376337
0.0120817 -0.0003358 -1.46734e-09 -0.0003358 0.0104214 -2.59963e-07 -1.46734e-09 -2.59963e-07 1.03522e-06 
283
0
0
-0.000109151
0.0120817 -0.000335791 -1.46041e-09 -0.000335791 0.0104214 -2.59962e-07 -1.46041e-09 -2.59962e-07 1.03522e-06 
284
0
0
-0.000461983
0.0120817 -0.000335796 -1.46109e-09 -0.000335796 0.0104214 -2.59961e-07 -1.46109e-09 -2.59961e-07 1.03522e-06 
285
0
0
0.000155939
0.0120817 -0.000335803 -1.46386e-09 -0.000335803 0.0104214 -2.59961e-07 -1.46386e-09 -2.59961e-07 1.03522e-06 
286
0
0
0.000134716
0.0120817 -0.000335796 -1.45926e-09 -0.000335796 0.0104214 -2.5996e-07 -1.45926e-09 -2.5996e-07 1.03522e-06 
287
0
0
-3.03345e-05
0.0120817 -0.000335794 -1.45831e-09 -0.000335794 0.0104214 -2.59958e-07 -1.45831e-09 -2.59958e-07 1.03522e-06 
288
0
0
0.000249722
0.0120817 -0.000335795 -1.45922e-09 -0.000335795 0.0104214 -2.59957e-07 -1.45922e-09 -2.59957e-07 1.03522e-06 
289
0
0
0.000434471
0.0120817 -0.000335791 -1.45316e-09 -0.000335791 0.0104214 -2.59958e-07 -1.45316e-09 -2.59958e-07 1.03522e-06 
290
0
0
-0.00101667
0.0120817 -0.000335787 -1.44773e-09 -0.000335787 0.0104214 -2.5996e-07 -1.44773e-09 -2.5996e-07 1.03522e-06 
291
0
0
-0.000768882
0.0120817 -0.000335808 -1.45739e-09 -0.000335808 0.0104214 -2.59961e-07 -1.45739e-09 -2.59961e-07 1.03522e-06 
292
0
0
0.000416446
0.0120817 -0.000335813 -1.45697e-09 -0.000335813 0.0104214 -2.59961e-07 -1.45697e-09 -2.59961e-07 1.03522e-06 
293
0
0
-0.000569021
0.0120817 -0.000335795 -1.44587e-09 -0.000335795 0.0104214 -2.5996e-07 -1.44587e-09 -2.5996e-07 1.03522e-06 
294
0
0
-0.000129838
0.0120817 -0.000335805 -1.4496e-09 -0.000335805 0.0104214 -2.5996e-07 -1.4496e-09 -2.5996e-07 1.03522e-06 
295
0
0
-0.00018906
0.0120817 -0.000335801 -1.44689e-09 -0.000335801 0.0104214 -2.59959e-07 -1.44689e-09 -2.59959e-07 1.03522e-06 
296
0
0
-0.000330667
0.0120817 -0.000335801 -1.44687e-09 -0.000335801 0.0104214 -2.5996e-07 -1.44687e-09 -2.5996e-07 1.03522e-06 
297
0
0
-0.000801198
0.0120817 -0.000335803 -1.4476e-09 -0.000335803 0.0104214 -2.59962e-07 -1.4476e-09 -2.59962e-07 1.03522e-06 
298
0
0
0.000632109
0.0120817 -0.000335811 -1.45133e-09 -0.000335811 0.0104214 -2.59964e-07 -1.45133e-09 -2.59964e-07 1.03522e-06 
299
0
0
0.000546934
0.0120817 -0.000335791 -1.44094e-09 -0.000335791 0.0104214 -2.59966e-07 -1.44094e-09 -2.59966e-07 1.03522e-06 
300
0
0
8.95541e-05
0.0120817 -0.000335785 -1.43862e-09 -0.000335785 0.0104214 -2.59967e-07 -1.43862e-09 -2.59967e-07 1.03522e-06 
301
0
0
0.000286805
0.0120817 -0.00033579 -1.44119e-09 -0.00033579 0.0104214 -2.59967e-07 -1.44119e-09 -2.59967e-07 1.03522e-06 
302
0
0
0.000240265
0.0120817 -0.000335789 -1.43926e-09 -0.000335789 0.0104214 -2.59968e-07 -1.43926e-09 -2.59968e-07 1.03522e-06 
303
0
0
2.84477e-05
0.0120817 -0.000335789 -1.43792e-09 -0.000335789 0.0104214 -2.59969e-07 -1.43792e-09 -2.59969e-07 1.03522e-06 
304
0
0
-2.11171e-05
0.0120817 -0.000335793 -1.43812e-09 -0.000335793 0.0104214 -2.59968e-07 -1.43812e-09 -2.59968e-07 1.03522e-06 
305
0
0
2.66687e-05
0.0120817 -0.000335795 -1.43838e-09 -0.000335795 0.0104214 -2.59965e-07 -1.43838e-09 -2.59965e-07 1.03522e-06 
306
0
0
0.000230607
0.0120817 -0.000335795 -1.43872e-09 -0.000335795 0.0104214 -2.59962e-07 -1.43872e-09 -2.59962e-07 1.03522e-06 
307
0
0
-0.000468547
0.0120817 -0.000335792 -1.43846e-09 -0.000335792 0.0104214 -2.59957e-07 -1.43846e-09 -2.59957e-07 1.03522e-06 
308
0
0
