0
0
0
-0.000312588
0.00632102 -7.44339e-05 -4.31087e-09 -7.44339e-05 0.0065425 -1.42373e-07 -4.31087e-09 -1.42373e-07 1.21851e-06 
1
0
0
-0.0020205
0.0093053 -0.000180884 -4.18027e-09 -0.000180884 0.00905162 -1.84473e-07 -4.18027e-09 -1.84473e-07 1.03651e-06 
2
0
0
-0.00243862
0.0107701 -0.000255994 -3.69787e-09 -0.000255994 0.0099657 -2.08645e-07 -3.69787e-09 -2.08645e-07 1.03685e-06 
3
0
0
-0.00122846
0.0114638 -0.00029715 -3.25589e-09 -0.00029715 0.010272 -2.19668e-07 -3.25589e-09 -2.19668e-07 1.0371e-06 
4
0
0
-0.00041647
0.0117902 -0.000317579 -2.94029e-09 -0.000317579 0.0103719 -2.25405e-07 -2.94029e-09 -2.25405e-07 1.03671e-06 
5
0
0
0.000459954
0.0119436 -0.000327294 -2.72212e-09 -0.000327294 0.0104043 -2.29249e-07 -2.72212e-09 -2.29249e-07 1.03631e-06 
6
0
0
-0.000225288
0.0120159 -0.000331818 -2.55783e-09 -0.000331818 0.0104149 -2.32368e-07 -2.55783e-09 -2.32368e-07 1.036e-06 
7
0
0
-0.00130695
0.01205 -0.000333926 -2.42995e-09 -0.000333926 0.0104185 -2.35139e-07 -2.42995e-09 -2.35139e-07 1.03576e-06 
8
0
0
-0.000163849
0.0120662 -0.000334919 -2.32258e-09 -0.000334919 0.0104197 -2.37678e-07 -2.32258e-09 -2.37678e-07 1.03558e-06 
9
0
0
-0.00084994
0.0120739 -0.000335361 -2.22347e-09 -0.000335361 0.0104202 -2.39997e-07 -2.22347e-09 -2.39997e-07 1.03545e-06 
10
0
0
8.05486e-05
0.0120777 -0.000335581 -2.13728e-09 -0.000335581 0.0104205 -2.4214e-07 -2.13728e-09 -2.4214e-07 1.03535e-06 
11
0
0
-0.000209803
0.0120795 -0.000335671 -2.04461e-09 -0.000335671 0.0104206 -2.44108e-07 -2.04461e-09 -2.44108e-07 1.03528e-06 
12
0
0
-0.00112077
0.0120804 -0.000335721 -1.96321e-09 -0.000335721 0.0104207 -2.45906e-07 -1.96321e-09 -2.45906e-07 1.03523e-06 
13
0
0
-0.000891149
0.0120809 -0.000335762 -1.89465e-09 -0.000335762 0.0104208 -2.47539e-07 -1.89465e-09 -2.47539e-07 1.03519e-06 
14
0
0
0.000249279
0.0120812 -0.000335779 -1.82532e-09 -0.000335779 0.0104209 -2.49016e-07 -1.82532e-09 -2.49016e-07 1.03517e-06 
15
0
0
0.000194673
0.0120814 -0.00033577 -1.75296e-09 -0.00033577 0.010421 -2.50346e-07 -1.75296e-09 -2.50346e-07 1.03515e-06 
16
0
0
0.000723227
0.0120815 -0.00033577 -1.69192e-09 -0.00033577 0.010421 -2.51541e-07 -1.69192e-09 -2.51541e-07 1.03514e-06 
17
0
0
-0.000603366
0.0120815 -0.000335764 -1.63424e-09 -0.000335764 0.0104211 -2.52586e-07 -1.63424e-09 -2.52586e-07 1.03514e-06 
18
0
0
-0.000316841
0.0120816 -0.000335784 -1.595e-09 -0.000335784 0.0104211 -2.53525e-07 -1.595e-09 -2.53525e-07 1.03514e-06 
19
0
0
-0.000562857
0.0120816 -0.000335789 -1.55207e-09 -0.000335789 0.0104212 -2.54365e-07 -1.55207e-09 -2.54365e-07 1.03514e-06 
20
0
0
-0.000323807
0.0120816 -0.000335796 -1.51466e-09 -0.000335796 0.0104212 -2.55113e-07 -1.51466e-09 -2.55113e-07 1.03514e-06 
21
0
0
-0.00117865
0.0120817 -0.000335795 -1.47739e-09 -0.000335795 0.0104212 -2.55775e-07 -1.47739e-09 -2.55775e-07 1.03515e-06 
22
0
0
-0.000832304
0.0120817 -0.00033581 -1.45376e-09 -0.00033581 0.0104213 -2.56361e-07 -1.45376e-09 -2.56361e-07 1.03515e-06 
23
0
0
-0.000293213
0.0120817 -0.00033581 -1.4278e-09 -0.00033581 0.0104213 -2.56877e-07 -1.4278e-09 -2.56877e-07 1.03516e-06 
24
0
0
-0.00045131
0.0120817 -0.000335803 -1.4003e-09 -0.000335803 0.0104213 -2.57333e-07 -1.4003e-09 -2.57333e-07 1.03516e-06 
25
0
0
-0.000304905
0.0120817 -0.000335803 -1.37807e-09 -0.000335803 0.0104213 -2.5771e-07 -1.37807e-09 -2.5771e-07 1.03517e-06 
26
0
0
0.000103676
0.0120817 -0.000335801 -1.35721e-09 -0.000335801 0.0104213 -2.58049e-07 -1.35721e-09 -2.58049e-07 1.03517e-06 
27
0
0
4.92018e-05
0.0120817 -0.000335794 -1.33636e-09 -0.000335794 0.0104214 -2.58352e-07 -1.33636e-09 -2.58352e-07 1.03518e-06 
28
0
0
-0.000166847
0.0120817 -0.000335792 -1.32052e-09 -0.000335792 0.0104214 -2.58624e-07 -1.32052e-09 -2.58624e-07 1.03518e-06 
29
0
0
-0.000224112
0.0120817 -0.000335796 -1.30819e-09 -0.000335796 0.0104214 -2.58864e-07 -1.30819e-09 -2.58864e-07 1.03519e-06 
30
0
0
2.13199e-05
0.0120817 -0.000335798 -1.2964e-09 -0.000335798 0.0104214 -2.59075e-07 -1.2964e-09 -2.59075e-07 1.03519e-06 
31
0
0
-0.000511262
0.0120817 -0.000335795 -1.2832e-09 -0.000335795 0.0104214 -2.5926e-07 -1.2832e-09 -2.5926e-07 1.03519e-06 
32
0
0
-0.000596296
0.0120817 -0.000335803 -1.27819e-09 -0.000335803 0.0104214 -2.59423e-07 -1.27819e-09 -2.59423e-07 1.0352e-06 
33
0
0
0.000764347
0.0120817 -0.000335807 -1.26818e-09 -0.000335807 0.0104214 -2.59546e-07 -1.26818e-09 -2.59546e-07 1.0352e-06 
34
0
0
-0.00091312
0.0120817 -0.000335787 -1.24694e-09 -0.000335787 0.0104214 -2.59659e-07 -1.24694e-09 -2.59659e-07 1.0352e-06 
35
0
0
-0.000811914
0.0120817 -0.000335806 -1.2485e-09 -0.000335806 0.0104214 -2.59762e-07 -1.2485e-09 -2.59762e-07 1.0352e-06 
36
0
0
-0.000101231
0.0120817 -0.000335812 -1.24372e-09 -0.000335812 0.0104214 -2.59854e-07 -1.24372e-09 -2.59854e-07 1.03521e-06 
37
0
0
-0.00055076
0.0120817 -0.000335803 -1.23246e-09 -0.000335803 0.0104214 -2.59937e-07 -1.23246e-09 -2.59937e-07 1.03521e-06 
38
0
0
2.46381e-06
0.0120817 -0.000335807 -1.22892e-09 -0.000335807 0.0104214 -2.6001e-07 -1.22892e-09 -2.6001e-07 1.03521e-06 
39
0
0
-0.000267189
0.0120817 -0.0003358 -1.2191e-09 -0.0003358 0.0104214 -2.60074e-07 -1.2191e-09 -2.60074e-07 1.03521e-06 
40
0
0
-0.000587705
0.0120817 -0.000335801 -1.21562e-09 -0.000335801 0.0104214 -2.6013e-07 -1.21562e-09 -2.6013e-07 1.03521e-06 
41
0
0
-0.000263925
0.0120817 -0.000335807 -1.21794e-09 -0.000335807 0.0104214 -2.6016e-07 -1.21794e-09 -2.6016e-07 1.03521e-06 
42
0
0
-0.00192358
0.0120817 -0.000335804 -1.21454e-09 -0.000335804 0.0104214 -2.60193e-07 -1.21454e-09 -2.60193e-07 1.03521e-06 
43
0
0
-0.000766936
0.0120817 -0.000335829 -1.22585e-09 -0.000335829 0.0104214 -2.60226e-07 -1.22585e-09 -2.60226e-07 1.03522e-06 
44
0
0
0.00042547
0.0120817 -0.00033582 -1.21753e-09 -0.00033582 0.0104214 -2.60257e-07 -1.21753e-09 -2.60257e-07 1.03522e-06 
45
0
0
-0.000754576
0.0120817 -0.000335798 -1.20332e-09 -0.000335798 0.0104214 -2.60286e-07 -1.20332e-09 -2.60286e-07 1.03522e-06 
46
0
0
-0.000500993
0.0120817 -0.000335809 -1.20769e-09 -0.000335809 0.0104214 -2.60311e-07 -1.20769e-09 -2.60311e-07 1.03522e-06 
47
0
0
-0.000198864
0.0120817 -0.000335808 -1.20561e-09 -0.000335808 0.0104214 -2.60334e-07 -1.20561e-09 -2.60334e-07 1.03522e-06 
48
0
0
-0.000687036
0.0120817 -0.000335804 -1.20096e-09 -0.000335804 0.0104214 -2.60354e-07 -1.20096e-09 -2.60354e-07 1.03522e-06 
49
0
0
0.000787432
0.0120817 -0.00033581 -1.19873e-09 -0.00033581 0.0104214 -2.60355e-07 -1.19873e-09 -2.60355e-07 1.03522e-06 
50
0
0
-0.000271953
0.0120817 -0.000335788 -1.18331e-09 -0.000335788 0.0104214 -2.60361e-07 -1.18331e-09 -2.60361e-07 1.03522e-06 
51
0
0
-0.00061038
0.0120817 -0.000335797 -1.18579e-09 -0.000335797 0.0104214 -2.60369e-07 -1.18579e-09 -2.60369e-07 1.03522e-06 
52
0
0
-0.000380599
0.0120817 -0.000335806 -1.18773e-09 -0.000335806 0.0104214 -2.60379e-07 -1.18773e-09 -2.60379e-07 1.03522e-06 
53
0
0
-0.000170142
0.0120817 -0.000335806 -1.18487e-09 -0.000335806 0.0104214 -2.60389e-07 -1.18487e-09 -2.60389e-07 1.03522e-06 
54
0
0
-0.000298449
0.0120817 -0.000335802 -1.18116e-09 -0.000335802 0.0104214 -2.60398e-07 -1.18116e-09 -2.60398e-07 1.03522e-06 
55
0
0
-0.000681677
0.0120817 -0.000335803 -1.17956e-09 -0.000335803 0.0104214 -2.60407e-07 -1.17956e-09 -2.60407e-07 1.03522e-06 
56
0
0
0.00103266
0.0120817 -0.000335809 -1.18152e-09 -0.000335809 0.0104214 -2.60415e-07 -1.18152e-09 -2.60415e-07 1.03522e-06 
57
0
0
-0.000899158
0.0120817 -0.000335785 -1.1624e-09 -0.000335785 0.0104214 -2.60409e-07 -1.1624e-09 -2.60409e-07 1.03522e-06 
58
0
0
0.000199498
0.0120817 -0.000335806 -1.17031e-09 -0.000335806 0.0104214 -2.60407e-07 -1.17031e-09 -2.60407e-07 1.03522e-06 
59
0
0
-0.000104723
0.0120817 -0.000335796 -1.16068e-09 -0.000335796 0.0104214 -2.60409e-07 -1.16068e-09 -2.60409e-07 1.03522e-06 
60
0
0
0.000100595
0.0120817 -0.000335798 -1.15857e-09 -0.000335798 0.0104214 -2.60412e-07 -1.15857e-09 -2.60412e-07 1.03522e-06 
61
0
0
-4.19138e-05
0.0120817 -0.000335795 -1.15597e-09 -0.000335795 0.0104214 -2.60415e-07 -1.15597e-09 -2.60415e-07 1.03522e-06 
62
0
0
0.000635611
0.0120817 -0.000335796 -1.15633e-09 -0.000335796 0.0104214 -2.6042e-07 -1.15633e-09 -2.6042e-07 1.03522e-06 
63
0
0
-0.000875005
0.0120817 -0.000335786 -1.14975e-09 -0.000335786 0.0104214 -2.60424e-07 -1.14975e-09 -2.60424e-07 1.03522e-06 
64
0
0
-0.000271732
0.0120817 -0.000335806 -1.16005e-09 -0.000335806 0.0104214 -2.60428e-07 -1.16005e-09 -2.60428e-07 1.03522e-06 
65
0
0
-0.000953689
0.0120817 -0.000335804 -1.15625e-09 -0.000335804 0.0104214 -2.60417e-07 -1.15625e-09 -2.60417e-07 1.03522e-06 
66
0
0
-0.000911206
0.0120817 -0.000335814 -1.1588e-09 -0.000335814 0.0104214 -2.60411e-07 -1.1588e-09 -2.60411e-07 1.03522e-06 
67
0
0
-0.000203583
0.0120817 -0.000335817 -1.15749e-09 -0.000335817 0.0104214 -2.60409e-07 -1.15749e-09 -2.60409e-07 1.03522e-06 
68
0
0
0.000598448
0.0120817 -0.000335807 -1.15025e-09 -0.000335807 0.0104214 -2.60409e-07 -1.15025e-09 -2.60409e-07 1.03522e-06 
69
0
0
-0.000276518
0.0120817 -0.000335791 -1.14095e-09 -0.000335791 0.0104214 -2.6041e-07 -1.14095e-09 -2.6041e-07 1.03522e-06 
70
0
0
-0.000698512
0.0120817 -0.000335798 -1.14516e-09 -0.000335798 0.0104214 -2.60412e-07 -1.14516e-09 -2.60412e-07 1.03522e-06 
71
0
0
-0.000755101
0.0120817 -0.000335808 -1.14884e-09 -0.000335808 0.0104214 -2.60415e-07 -1.14884e-09 -2.60415e-07 1.03522e-06 
72
0
0
0.000532464
0.0120817 -0.000335812 -1.14974e-09 -0.000335812 0.0104214 -2.60418e-07 -1.14974e-09 -2.60418e-07 1.03522e-06 
73
0
0
-0.000294794
0.0120817 -0.000335794 -1.13665e-09 -0.000335794 0.0104214 -2.60398e-07 -1.13665e-09 -2.60398e-07 1.03522e-06 
74
0
0
-0.000562738
0.0120817 -0.0003358 -1.13826e-09 -0.0003358 0.0104214 -2.60387e-07 -1.13826e-09 -2.60387e-07 1.03522e-06 
75
0
0
-0.000563821
0.0120817 -0.000335806 -1.14113e-09 -0.000335806 0.0104214 -2.60382e-07 -1.14113e-09 -2.60382e-07 1.03522e-06 
76
0
0
-5.13563e-05
0.0120817 -0.000335809 -1.14166e-09 -0.000335809 0.0104214 -2.60381e-07 -1.14166e-09 -2.60381e-07 1.03522e-06 
77
0
0
5.88132e-05
0.0120817 -0.000335802 -1.13674e-09 -0.000335802 0.0104214 -2.6038e-07 -1.13674e-09 -2.6038e-07 1.03522e-06 
78
0
0
0.000286954
0.0120817 -0.000335797 -1.13411e-09 -0.000335797 0.0104214 -2.60381e-07 -1.13411e-09 -2.60381e-07 1.03522e-06 
79
0
0
0.00022344
0.0120817 -0.000335792 -1.13034e-09 -0.000335792 0.0104214 -2.60383e-07 -1.13034e-09 -2.60383e-07 1.03522e-06 
80
0
0
-0.000294878
0.0120817 -0.000335791 -1.12936e-09 -0.000335791 0.0104214 -2.60385e-07 -1.12936e-09 -2.60385e-07 1.03522e-06 
81
0
0
-0.000123773
0.0120817 -0.000335799 -1.13478e-09 -0.000335799 0.0104214 -2.60373e-07 -1.13478e-09 -2.60373e-07 1.03522e-06 
82
0
0
5.50734e-05
0.0120817 -0.000335799 -1.13457e-09 -0.000335799 0.0104214 -2.60366e-07 -1.13457e-09 -2.60366e-07 1.03522e-06 
83
0
0
0.000233121
0.0120817 -0.000335796 -1.13194e-09 -0.000335796 0.0104214 -2.60363e-07 -1.13194e-09 -2.60363e-07 1.03522e-06 
84
0
0
-0.000136017
0.0120817 -0.000335792 -1.12936e-09 -0.000335792 0.0104214 -2.60362e-07 -1.12936e-09 -2.60362e-07 1.03522e-06 
85
0
0
-0.000966583
0.0120817 -0.000335797 -1.13127e-09 -0.000335797 0.0104214 -2.60363e-07 -1.13127e-09 -2.60363e-07 1.03522e-06 
86
0
0
-0.00030034
0.0120817 -0.000335811 -1.13886e-09 -0.000335811 0.0104214 -2.60364e-07 -1.13886e-09 -2.60364e-07 1.03522e-06 
87
0
0
-1.64214e-06
0.0120817 -0.000335807 -1.13505e-09 -0.000335807 0.0104214 -2.60366e-07 -1.13505e-09 -2.60366e-07 1.03522e-06 
88
0
0
-0.000787287
0.0120817 -0.0003358 -1.13101e-09 -0.0003358 0.0104214 -2.60368e-07 -1.13101e-09 -2.60368e-07 1.03522e-06 
89
0
0
-0.000470696
0.0120817 -0.00033581 -1.14682e-09 -0.00033581 0.0104214 -2.60352e-07 -1.14682e-09 -2.60352e-07 1.03522e-06 
90
0
0
0.000595421
0.0120817 -0.000335809 -1.15289e-09 -0.000335809 0.0104214 -2.60343e-07 -1.15289e-09 -2.60343e-07 1.03522e-06 
91
0
0
0.000375074
0.0120817 -0.000335791 -1.14751e-09 -0.000335791 0.0104214 -2.60339e-07 -1.14751e-09 -2.60339e-07 1.03522e-06 
92
0
0
-0.000713132
0.0120817 -0.000335788 -1.14873e-09 -0.000335788 0.0104214 -2.60339e-07 -1.14873e-09 -2.60339e-07 1.03522e-06 
93
0
0
-0.00119123
0.0120817 -0.000335804 -1.15853e-09 -0.000335804 0.0104214 -2.60339e-07 -1.15853e-09 -2.60339e-07 1.03522e-06 
94
0
0
0.000262447
0.0120817 -0.000335818 -1.16534e-09 -0.000335818 0.0104214 -2.60341e-07 -1.16534e-09 -2.60341e-07 1.03522e-06 
95
0
0
0.000776322
0.0120817 -0.0003358 -1.15477e-09 -0.0003358 0.0104214 -2.60342e-07 -1.15477e-09 -2.60342e-07 1.03522e-06 
96
0
0
-0.00124161
0.0120817 -0.000335785 -1.14697e-09 -0.000335785 0.0104214 -2.60343e-07 -1.14697e-09 -2.60343e-07 1.03522e-06 
97
0
0
-0.00141297
0.0120817 -0.000335811 -1.17022e-09 -0.000335811 0.0104214 -2.60332e-07 -1.17022e-09 -2.60332e-07 1.03522e-06 
98
0
0
-0.00126851
0.0120817 -0.000335824 -1.18227e-09 -0.000335824 0.0104214 -2.60326e-07 -1.18227e-09 -2.60326e-07 1.03522e-06 
99
0
0
-0.000167013
0.0120817 -0.000335827 -1.18594e-09 -0.000335827 0.0104214 -2.60324e-07 -1.18594e-09 -2.60324e-07 1.03522e-06 
100
0
0
-0.000292852
0.0120817 -0.00033581 -1.17796e-09 -0.00033581 0.0104214 -2.60324e-07 -1.17796e-09 -2.60324e-07 1.03522e-06 
101
0
0
-0.000693011
0.0120817 -0.000335806 -1.17659e-09 -0.000335806 0.0104214 -2.60325e-07 -1.17659e-09 -2.60325e-07 1.03522e-06 
102
0
0
-0.000611753
0.0120817 -0.000335811 -1.17868e-09 -0.000335811 0.0104214 -2.60325e-07 -1.17868e-09 -2.60325e-07 1.03522e-06 
103
0
0
0.000780664
0.0120817 -0.000335811 -1.17813e-09 -0.000335811 0.0104214 -2.60327e-07 -1.17813e-09 -2.60327e-07 1.03522e-06 
104
0
0
0.000215862
0.0120817 -0.000335789 -1.16603e-09 -0.000335789 0.0104214 -2.60328e-07 -1.16603e-09 -2.60328e-07 1.03522e-06 
105
0
0
-0.000116079
0.0120817 -0.00033579 -1.17601e-09 -0.00033579 0.0104214 -2.60319e-07 -1.17601e-09 -2.60319e-07 1.03522e-06 
106
0
0
6.78271e-05
0.0120817 -0.000335795 -1.18567e-09 -0.000335795 0.0104214 -2.60313e-07 -1.18567e-09 -2.60313e-07 1.03522e-06 
107
0
0
-0.000376126
0.0120817 -0.000335795 -1.18866e-09 -0.000335795 0.0104214 -2.60312e-07 -1.18866e-09 -2.60312e-07 1.03522e-06 
108
0
0
-0.00045691
0.0120817 -0.000335801 -1.19429e-09 -0.000335801 0.0104214 -2.60312e-07 -1.19429e-09 -2.60312e-07 1.03522e-06 
109
0
0
0.000377297
0.0120817 -0.000335805 -1.19753e-09 -0.000335805 0.0104214 -2.60312e-07 -1.19753e-09 -2.60312e-07 1.03522e-06 
110
0
0
-0.000834622
0.0120817 -0.000335793 -1.19144e-09 -0.000335793 0.0104214 -2.60313e-07 -1.19144e-09 -2.60313e-07 1.03522e-06 
111
0
0
3.7096e-05
0.0120817 -0.000335808 -1.19881e-09 -0.000335808 0.0104214 -2.60314e-07 -1.19881e-09 -2.60314e-07 1.03522e-06 
112
0
0
0.000158133
0.0120817 -0.0003358 -1.19195e-09 -0.0003358 0.0104214 -2.60316e-07 -1.19195e-09 -2.60316e-07 1.03522e-06 
113
0
0
-0.00134839
0.0120817 -0.000335795 -1.18998e-09 -0.000335795 0.0104214 -2.60304e-07 -1.18998e-09 -2.60304e-07 1.03522e-06 
114
0
0
0.00086246
0.0120817 -0.000335817 -1.20281e-09 -0.000335817 0.0104214 -2.60299e-07 -1.20281e-09 -2.60299e-07 1.03522e-06 
115
0
0
0.000189642
0.0120817 -0.00033579 -1.18835e-09 -0.00033579 0.0104214 -2.60296e-07 -1.18835e-09 -2.60296e-07 1.03522e-06 
116
0
0
7.87919e-06
0.0120817 -0.000335791 -1.1899e-09 -0.000335791 0.0104214 -2.60295e-07 -1.1899e-09 -2.60295e-07 1.03522e-06 
117
0
0
-0.000520164
0.0120817 -0.000335794 -1.1928e-09 -0.000335794 0.0104214 -2.60296e-07 -1.1928e-09 -2.60296e-07 1.03522e-06 
118
0
0
-0.000874662
0.0120817 -0.000335803 -1.19834e-09 -0.000335803 0.0104214 -2.60297e-07 -1.19834e-09 -2.60297e-07 1.03522e-06 
119
0
0
-0.0011896
0.0120817 -0.000335812 -1.20196e-09 -0.000335812 0.0104214 -2.60299e-07 -1.20196e-09 -2.60299e-07 1.03522e-06 
120
0
0
-7.97422e-07
0.0120817 -0.000335821 -1.20503e-09 -0.000335821 0.0104214 -2.603e-07 -1.20503e-09 -2.603e-07 1.03522e-06 
121
0
0
-0.000449513
0.0120817 -0.000335805 -1.20261e-09 -0.000335805 0.0104214 -2.6029e-07 -1.20261e-09 -2.6029e-07 1.03522e-06 
122
0
0
-5.80419e-05
0.0120817 -0.000335807 -1.20849e-09 -0.000335807 0.0104214 -2.60284e-07 -1.20849e-09 -2.60284e-07 1.03522e-06 
123
0
0
-0.000424944
0.0120817 -0.000335801 -1.20781e-09 -0.000335801 0.0104214 -2.60283e-07 -1.20781e-09 -2.60283e-07 1.03522e-06 
124
0
0
-0.000662088
0.0120817 -0.000335804 -1.2113e-09 -0.000335804 0.0104214 -2.60282e-07 -1.2113e-09 -2.60282e-07 1.03522e-06 
125
0
0
-0.000263792
0.0120817 -0.00033581 -1.21492e-09 -0.00033581 0.0104214 -2.60282e-07 -1.21492e-09 -2.60282e-07 1.03522e-06 
126
0
0
-0.000438101
0.0120817 -0.000335805 -1.21216e-09 -0.000335805 0.0104214 -2.60283e-07 -1.21216e-09 -2.60283e-07 1.03522e-06 
127
0
0
0.00102236
0.0120817 -0.000335806 -1.21213e-09 -0.000335806 0.0104214 -2.60283e-07 -1.21213e-09 -2.60283e-07 1.03522e-06 
128
0
0
2.55247e-05
0.0120817 -0.000335784 -1.19945e-09 -0.000335784 0.0104214 -2.60284e-07 -1.19945e-09 -2.60284e-07 1.03522e-06 
129
0
0
-0.000855045
0.0120817 -0.000335791 -1.2076e-09 -0.000335791 0.0104214 -2.60268e-07 -1.2076e-09 -2.60268e-07 1.03522e-06 
130
0
0
-0.000331392
0.0120817 -0.000335807 -1.21824e-09 -0.000335807 0.0104214 -2.60259e-07 -1.21824e-09 -2.60259e-07 1.03522e-06 
131
0
0
-0.000142219
0.0120817 -0.000335805 -1.2174e-09 -0.000335805 0.0104214 -2.60255e-07 -1.2174e-09 -2.60255e-07 1.03522e-06 
132
0
0
-0.000746986
0.0120817 -0.000335802 -1.21651e-09 -0.000335802 0.0104214 -2.60253e-07 -1.21651e-09 -2.60253e-07 1.03522e-06 
133
0
0
-0.000448446
0.0120817 -0.00033581 -1.22267e-09 -0.00033581 0.0104214 -2.60252e-07 -1.22267e-09 -2.60252e-07 1.03522e-06 
134
0
0
0.000171859
0.0120817 -0.000335808 -1.22224e-09 -0.000335808 0.0104214 -2.60252e-07 -1.22224e-09 -2.60252e-07 1.03522e-06 
135
0
0
0.000406604
0.0120817 -0.000335798 -1.21625e-09 -0.000335798 0.0104214 -2.60253e-07 -1.21625e-09 -2.60253e-07 1.03522e-06 
136
0
0
-0.000345694
0.0120817 -0.00033579 -1.21155e-09 -0.00033579 0.0104214 -2.60253e-07 -1.21155e-09 -2.60253e-07 1.03522e-06 
137
0
0
1.67398e-05
0.0120817 -0.000335799 -1.22877e-09 -0.000335799 0.0104214 -2.60241e-07 -1.22877e-09 -2.60241e-07 1.03522e-06 
138
0
0
-0.000381785
0.0120817 -0.000335797 -1.23581e-09 -0.000335797 0.0104214 -2.60234e-07 -1.23581e-09 -2.60234e-07 1.03522e-06 
139
0
0
0.000113526
0.0120817 -0.000335802 -1.24329e-09 -0.000335802 0.0104214 -2.6023e-07 -1.24329e-09 -2.6023e-07 1.03522e-06 
140
0
0
0.000633128
0.0120817 -0.000335796 -1.24143e-09 -0.000335796 0.0104214 -2.60227e-07 -1.24143e-09 -2.60227e-07 1.03522e-06 
141
0
0
2.12115e-05
0.0120817 -0.000335786 -1.23703e-09 -0.000335786 0.0104214 -2.60224e-07 -1.23703e-09 -2.60224e-07 1.03522e-06 
142
0
0
-0.000799527
0.0120817 -0.000335792 -1.24167e-09 -0.000335792 0.0104214 -2.60222e-07 -1.24167e-09 -2.60222e-07 1.03522e-06 
143
0
0
0.000151542
0.0120817 -0.000335807 -1.25056e-09 -0.000335807 0.0104214 -2.60221e-07 -1.25056e-09 -2.60221e-07 1.03522e-06 
144
0
0
-0.00056975
0.0120817 -0.000335798 -1.24537e-09 -0.000335798 0.0104214 -2.60218e-07 -1.24537e-09 -2.60218e-07 1.03522e-06 
145
0
0
-0.000162656
0.0120817 -0.000335805 -1.2494e-09 -0.000335805 0.0104214 -2.60201e-07 -1.2494e-09 -2.60201e-07 1.03522e-06 
146
0
0
-0.000367089
0.0120817 -0.000335802 -1.24764e-09 -0.000335802 0.0104214 -2.6019e-07 -1.24764e-09 -2.6019e-07 1.03522e-06 
147
0
0
0.000393525
0.0120817 -0.000335804 -1.24856e-09 -0.000335804 0.0104214 -2.60184e-07 -1.24856e-09 -2.60184e-07 1.03522e-06 
148
0
0
-0.000897761
0.0120817 -0.000335793 -1.24167e-09 -0.000335793 0.0104214 -2.6018e-07 -1.24167e-09 -2.6018e-07 1.03522e-06 
149
0
0
-0.000886499
0.0120817 -0.000335809 -1.24937e-09 -0.000335809 0.0104214 -2.60179e-07 -1.24937e-09 -2.60179e-07 1.03522e-06 
150
0
0
-0.000643198
0.0120817 -0.000335815 -1.25191e-09 -0.000335815 0.0104214 -2.60178e-07 -1.25191e-09 -2.60178e-07 1.03522e-06 
151
0
0
-0.000288256
0.0120817 -0.000335813 -1.25127e-09 -0.000335813 0.0104214 -2.60178e-07 -1.25127e-09 -2.60178e-07 1.03522e-06 
152
0
0
-3.96878e-05
0.0120817 -0.000335807 -1.24801e-09 -0.000335807 0.0104214 -2.60178e-07 -1.24801e-09 -2.60178e-07 1.03522e-06 
153
0
0
-0.000569751
0.0120817 -0.000335801 -1.24725e-09 -0.000335801 0.0104214 -2.60173e-07 -1.24725e-09 -2.60173e-07 1.03522e-06 
154
0
0
-0.00186794
0.0120817 -0.000335807 -1.2526e-09 -0.000335807 0.0104214 -2.60168e-07 -1.2526e-09 -2.60168e-07 1.03522e-06 
155
0
0
-0.000976016
0.0120817 -0.000335829 -1.2655e-09 -0.000335829 0.0104214 -2.60164e-07 -1.2655e-09 -2.60164e-07 1.03522e-06 
156
0
0
0.000622453
0.0120817 -0.000335824 -1.26198e-09 -0.000335824 0.0104214 -2.60162e-07 -1.26198e-09 -2.60162e-07 1.03522e-06 
157
0
0
0.000426328
0.0120817 -0.000335797 -1.24727e-09 -0.000335797 0.0104214 -2.60162e-07 -1.24727e-09 -2.60162e-07 1.03522e-06 
158
0
0
-0.00109861
0.0120817 -0.000335789 -1.24426e-09 -0.000335789 0.0104214 -2.60162e-07 -1.24426e-09 -2.60162e-07 1.03522e-06 
159
0
0
-0.00130807
0.0120817 -0.000335811 -1.25544e-09 -0.000335811 0.0104214 -2.60162e-07 -1.25544e-09 -2.60162e-07 1.03522e-06 
160
0
0
-0.000383537
0.0120817 -0.000335822 -1.25969e-09 -0.000335822 0.0104214 -2.60163e-07 -1.25969e-09 -2.60163e-07 1.03522e-06 
161
0
0
0.000754508
0.0120817 -0.000335812 -1.25422e-09 -0.000335812 0.0104214 -2.6016e-07 -1.25422e-09 -2.6016e-07 1.03522e-06 
162
0
0
-0.00120368
0.0120817 -0.00033579 -1.24312e-09 -0.00033579 0.0104214 -2.6016e-07 -1.24312e-09 -2.6016e-07 1.03522e-06 
163
0
0
-0.00154791
0.0120817 -0.000335813 -1.25612e-09 -0.000335813 0.0104214 -2.60161e-07 -1.25612e-09 -2.60161e-07 1.03522e-06 
164
0
0
-0.00289499
0.0120817 -0.000335827 -1.26319e-09 -0.000335827 0.0104214 -2.60164e-07 -1.26319e-09 -2.60164e-07 1.03522e-06 
165
0
0
-0.00112502
0.0120817 -0.000335853 -1.27731e-09 -0.000335853 0.0104215 -2.60167e-07 -1.27731e-09 -2.60167e-07 1.03522e-06 
166
0
0
-0.000673455
0.0120817 -0.000335836 -1.26704e-09 -0.000335836 0.0104215 -2.60172e-07 -1.26704e-09 -2.60172e-07 1.03522e-06 
167
0
0
-0.000217498
0.0120817 -0.000335822 -1.25857e-09 -0.000335822 0.0104214 -2.60178e-07 -1.25857e-09 -2.60178e-07 1.03522e-06 
168
0
0
0.00075123
0.0120817 -0.000335809 -1.24983e-09 -0.000335809 0.0104214 -2.60182e-07 -1.24983e-09 -2.60182e-07 1.03522e-06 
169
0
0
8.52546e-05
0.0120817 -0.000335789 -1.2381e-09 -0.000335789 0.0104214 -2.60177e-07 -1.2381e-09 -2.60177e-07 1.03522e-06 
170
0
0
-0.000659298
0.0120817 -0.000335792 -1.24003e-09 -0.000335792 0.0104214 -2.60173e-07 -1.24003e-09 -2.60173e-07 1.03522e-06 
171
0
0
-0.00176857
0.0120817 -0.000335805 -1.2458e-09 -0.000335805 0.0104214 -2.60168e-07 -1.2458e-09 -2.60168e-07 1.03522e-06 
172
0
0
-0.00279382
0.0120817 -0.000335827 -1.25528e-09 -0.000335827 0.0104214 -2.6016e-07 -1.25528e-09 -2.6016e-07 1.03522e-06 
173
0
0
-0.0011611
0.0120817 -0.000335852 -1.26762e-09 -0.000335852 0.0104215 -2.60148e-07 -1.26762e-09 -2.60148e-07 1.03522e-06 
174
0
0
-0.000631154
0.0120817 -0.000335836 -1.2595e-09 -0.000335836 0.0104215 -2.60135e-07 -1.2595e-09 -2.60135e-07 1.03522e-06 
175
0
0
-0.000462723
0.0120817 -0.000335821 -1.25182e-09 -0.000335821 0.0104214 -2.60117e-07 -1.25182e-09 -2.60117e-07 1.03522e-06 
176
0
0
-0.00188583
0.0120817 -0.000335813 -1.2482e-09 -0.000335813 0.0104214 -2.60096e-07 -1.2482e-09 -2.60096e-07 1.03522e-06 
177
0
0
-0.00122353
0.0120817 -0.000335832 -1.26618e-09 -0.000335832 0.0104215 -2.60068e-07 -1.26618e-09 -2.60068e-07 1.03522e-06 
178
0
0
5.93972e-05
0.0120817 -0.000335829 -1.26779e-09 -0.000335829 0.0104214 -2.60042e-07 -1.26779e-09 -2.60042e-07 1.03522e-06 
179
0
0
-0.00207331
0.0120817 -0.000335807 -1.25826e-09 -0.000335807 0.0104214 -2.60014e-07 -1.25826e-09 -2.60014e-07 1.03522e-06 
180
0
0
-0.00464385
0.0120817 -0.000335833 -1.2788e-09 -0.000335833 0.0104215 -2.59986e-07 -1.2788e-09 -2.59986e-07 1.03522e-06 
181
0
0
-0.00459886
0.0120817 -0.000335884 -1.31166e-09 -0.000335884 0.0104215 -2.59957e-07 -1.31166e-09 -2.59957e-07 1.03522e-06 
182
0
0
-0.00383483
0.0120817 -0.000335902 -1.32241e-09 -0.000335902 0.0104215 -2.59928e-07 -1.32241e-09 -2.59928e-07 1.03522e-06 
183
0
0
-0.00259513
0.0120817 -0.000335897 -1.32046e-09 -0.000335897 0.0104215 -2.59902e-07 -1.32046e-09 -2.59902e-07 1.03522e-06 
184
0
0
-0.000930727
0.0120817 -0.000335875 -1.3107e-09 -0.000335875 0.0104215 -2.59879e-07 -1.3107e-09 -2.59879e-07 1.03522e-06 
185
0
0
-0.0010409
0.0120817 -0.000335841 -1.27806e-09 -0.000335841 0.0104215 -2.59868e-07 -1.27806e-09 -2.59868e-07 1.03522e-06 
186
0
0
-0.0036596
0.0120817 -0.000335829 -1.25916e-09 -0.000335829 0.0104214 -2.59843e-07 -1.25916e-09 -2.59843e-07 1.03522e-06 
187
0.0676588
0
-0.00813394
0.0120817 -0.000335867 -1.27321e-09 -0.000335867 0.0104215 -2.59802e-07 -1.27321e-09 -2.59802e-07 1.03522e-06 
188
0.089964
0
-0.0102224
0.0120817 -0.000335952 -1.3199e-09 -0.000335952 0.0104215 -2.5975e-07 -1.3199e-09 -2.5975e-07 1.03522e-06 
189
0.115786
0
-0.00852273
0.0120816 -0.000336017 -1.35576e-09 -0.000336017 0.0104215 -2.59691e-07 -1.35576e-09 -2.59691e-07 1.03522e-06 
190
0.145361
0
-0.00513842
0.0120816 -0.000336015 -1.35328e-09 -0.000336015 0.0104215 -2.59623e-07 -1.35328e-09 -2.59623e-07 1.03522e-06 
191
0.178679
0
-0.00612785
0.0120816 -0.000335961 -1.32985e-09 -0.000335961 0.0104215 -2.59546e-07 -1.32985e-09 -2.59546e-07 1.03522e-06 
192
0.203202
0
-0.00949737
0.0120817 -0.000335956 -1.33981e-09 -0.000335956 0.0104215 -2.59458e-07 -1.33981e-09 -2.59458e-07 1.03522e-06 
193
0.234399
0
-0.00949758
0.0120816 -0.000336007 -1.38436e-09 -0.000336007 0.0104215 -2.5939e-07 -1.38436e-09 -2.5939e-07 1.03522e-06 
194
0.269121
0
-0.00835084
0.0120816 -0.000336027 -1.40412e-09 -0.000336027 0.0104215 -2.59308e-07 -1.40412e-09 -2.59308e-07 1.03522e-06 
195
0.30604
0
-0.0111035
0.0120816 -0.000336016 -1.40986e-09 -0.000336016 0.0104215 -2.59216e-07 -1.40986e-09 -2.59216e-07 1.03522e-06 
196
0.343959
0
-0.0130045
0.0120816 -0.000336056 -1.44599e-09 -0.000336056 0.0104215 -2.59118e-07 -1.44599e-09 -2.59118e-07 1.03522e-06 
197
0.384701
0
-0.0131538
0.0120816 -0.000336101 -1.48292e-09 -0.000336101 0.0104215 -2.59017e-07 -1.48292e-09 -2.59017e-07 1.03522e-06 
198
0.42619
0
-0.0127313
0.0120816 -0.00033612 -1.50497e-09 -0.00033612 0.0104215 -2.58909e-07 -1.50497e-09 -2.58909e-07 1.03522e-06 
199
0.469176
0
-0.0140268
0.0120816 -0.000336121 -1.5237e-09 -0.000336121 0.0104215 -2.58799e-07 -1.5237e-09 -2.58799e-07 1.03522e-06 
200
0.501137
0
-0.0140813
0.0120816 -0.000336142 -1.55931e-09 -0.000336142 0.0104216 -2.58684e-07 -1.55931e-09 -2.58684e-07 1.03522e-06 
201
0.538313
0
-0.0112685
0.0120815 -0.000336151 -1.58307e-09 -0.000336151 0.0104216 -2.58596e-07 -1.58307e-09 -2.58596e-07 1.03522e-06 
202
0.576534
0
-0.0111076
0.0120816 -0.000336109 -1.57446e-09 -0.000336109 0.0104215 -2.58499e-07 -1.57446e-09 -2.58499e-07 1.03522e-06 
203
0.61396
0
-0.0113283
0.0120816 -0.000336091 -1.57936e-09 -0.000336091 0.0104215 -2.58397e-07 -1.57936e-09 -2.58397e-07 1.03522e-06 
204
0.645693
0
-0.0117882
0.0120816 -0.000336088 -1.59894e-09 -0.000336088 0.0104215 -2.58297e-07 -1.59894e-09 -2.58297e-07 1.03522e-06 
205
0.676152
0
-0.010471
0.0120816 -0.000336094 -1.62363e-09 -0.000336094 0.0104215 -2.58211e-07 -1.62363e-09 -2.58211e-07 1.03522e-06 
206
0.703491
0
-0.0110901
0.0120816 -0.000336075 -1.63131e-09 -0.000336075 0.0104215 -2.5813e-07 -1.63131e-09 -2.5813e-07 1.03522e-06 
207
0.730061
0
-0.0117237
0.0120816 -0.000336078 -1.65063e-09 -0.000336078 0.0104215 -2.58056e-07 -1.65063e-09 -2.58056e-07 1.03522e-06 
208
0.74097
0
-0.0091434
0.0120816 -0.000336089 -1.66716e-09 -0.000336089 0.0104215 -2.57985e-07 -1.66716e-09 -2.57985e-07 1.03522e-06 
209
0.757689
0
-0.00714459
0.0120816 -0.000336052 -1.65904e-09 -0.000336052 0.0104215 -2.57953e-07 -1.65904e-09 -2.57953e-07 1.03522e-06 
210
0.774012
0
-0.00719197
0.0120816 -0.000336006 -1.64472e-09 -0.000336006 0.0104215 -2.5791e-07 -1.64472e-09 -2.5791e-07 1.03522e-06 
211
0.794038
0
0.00276393
0.0120816 -0.00033599 -1.66101e-09 -0.00033599 0.0104215 -2.57866e-07 -1.66101e-09 -2.57866e-07 1.03522e-06 
212
0.808225
0.0506793
0.0139918
0.0120817 -0.000335826 -1.59279e-09 -0.000335826 0.0104214 -2.57815e-07 -1.59279e-09 -2.57815e-07 1.03522e-06 
213
0.821531
0.0596513
0.0135268
0.0120818 -0.000335585 -1.50948e-09 -0.000335585 0.0104214 -2.57776e-07 -1.50948e-09 -2.57776e-07 1.03522e-06 
214
0.834892
0.0679138
0.01056
0.0120819 -0.000335501 -1.51998e-09 -0.000335501 0.0104213 -2.57741e-07 -1.51998e-09 -2.57741e-07 1.03522e-06 
215
0.845324
0.0755664
0.00530905
0.0120819 -0.000335516 -1.57251e-09 -0.000335516 0.0104213 -2.57705e-07 -1.57251e-09 -2.57705e-07 1.03522e-06 
216
0.853469
0.0736427
-0.00468788
0.0120818 -0.000335605 -1.65261e-09 -0.000335605 0.0104214 -2.57675e-07 -1.65261e-09 -2.57675e-07 1.03522e-06 
217
0.867153
0.0717383
-0.013988
0.0120818 -0.000335797 -1.73857e-09 -0.000335797 0.0104214 -2.57653e-07 -1.73857e-09 -2.57653e-07 1.03522e-06 
218
0.887913
0.0683646
-0.0184413
0.0120816 -0.000336018 -1.8281e-09 -0.000336018 0.0104215 -2.57617e-07 -1.8281e-09 -2.57617e-07 1.03522e-06 
219
0.910522
0.0677685
-0.0176493
0.0120816 -0.000336173 -1.87805e-09 -0.000336173 0.0104216 -2.57563e-07 -1.87805e-09 -2.57563e-07 1.03522e-06 
220
0.935184
0.0676815
-0.00574316
0.0120815 -0.000336219 -1.88913e-09 -0.000336219 0.0104216 -2.57503e-07 -1.88913e-09 -2.57503e-07 1.03522e-06 
221
0.952402
0.0729484
0.000835699
0.0120816 -0.000336048 -1.80461e-09 -0.000336048 0.0104215 -2.57438e-07 -1.80461e-09 -2.57438e-07 1.03522e-06 
222
0.967668
0.0769511
-0.00301297
0.0120817 -0.000335878 -1.75211e-09 -0.000335878 0.0104215 -2.57391e-07 -1.75211e-09 -2.57391e-07 1.03522e-06 
223
0.981503
0.082979
-0.0111172
0.0120817 -0.000335874 -1.77884e-09 -0.000335874 0.0104215 -2.5735e-07 -1.77884e-09 -2.5735e-07 1.03522e-06 
224
0.984496
0.0831397
-0.0125812
0.0120816 -0.000336002 -1.86944e-09 -0.000336002 0.0104215 -2.57312e-07 -1.86944e-09 -2.57312e-07 1.03522e-06 
225
0.994566
0.0814233
-0.0032151
0.0120816 -0.000336073 -1.90355e-09 -0.000336073 0.0104215 -2.57301e-07 -1.90355e-09 -2.57301e-07 1.03522e-06 
226
0.999503
0.0860054
0.00474284
0.0120816 -0.000335952 -1.835e-09 -0.000335952 0.0104215 -2.57277e-07 -1.835e-09 -2.57277e-07 1.03522e-06 
227
1.00901
0.0923891
0.0011624
0.0120817 -0.00033578 -1.774e-09 -0.00033578 0.0104214 -2.57263e-07 -1.774e-09 -2.57263e-07 1.03522e-06 
228
1.01737
0.0960063
-0.00955546
0.0120817 -0.000335771 -1.8061e-09 -0.000335771 0.0104214 -2.57238e-07 -1.8061e-09 -2.57238e-07 1.03522e-06 
229
1.03341
0.0959399
-0.0179652
0.0120817 -0.000335937 -1.90704e-09 -0.000335937 0.0104215 -2.57215e-07 -1.90704e-09 -2.57215e-07 1.03522e-06 
230
1.05303
0.0910893
-0.0152897
0.0120816 -0.000336134 -1.9984e-09 -0.000336134 0.0104216 -2.57173e-07 -1.9984e-09 -2.57173e-07 1.03522e-06 
231
1.07755
0.0918988
-0.0149349
0.0120815 -0.000336167 -1.98698e-09 -0.000336167 0.0104216 -2.57122e-07 -1.98698e-09 -2.57122e-07 1.03522e-06 
232
1.09377
0.0904568
-0.0181345
0.0120815 -0.000336174 -1.98908e-09 -0.000336174 0.0104216 -2.57058e-07 -1.98908e-09 -2.57058e-07 1.03522e-06 
233
1.11848
0.0929429
-0.022096
0.0120815 -0.000336227 -2.00967e-09 -0.000336227 0.0104216 -2.57012e-07 -2.00967e-09 -2.57012e-07 1.03522e-06 
234
1.15274
0.0927192
-0.0192793
0.0120815 -0.00033631 -2.05846e-09 -0.00033631 0.0104216 -2.56948e-07 -2.05846e-09 -2.56948e-07 1.03522e-06 
235
1.18713
0.0999551
-0.0140405
0.0120815 -0.000336297 -2.05105e-09 -0.000336297 0.0104216 -2.56859e-07 -2.05105e-09 -2.56859e-07 1.03522e-06 
236
1.21716
0.110934
-0.0116853
0.0120815 -0.000336209 -2.03991e-09 -0.000336209 0.0104216 -2.56767e-07 -2.03991e-09 -2.56767e-07 1.03522e-06 
237
1.24336
0.115468
0.00113997
0.0120815 -0.000336138 -2.05971e-09 -0.000336138 0.0104215 -2.56686e-07 -2.05971e-09 -2.56686e-07 1.03522e-06 
238
1.26667
0.119698
0.00798044
0.0120817 -0.000335907 -1.97966e-09 -0.000335907 0.0104215 -2.56616e-07 -1.97966e-09 -2.56616e-07 1.03522e-06 
239
1.28357
0.123205
-0.000990828
0.0120818 -0.000335711 -1.91615e-09 -0.000335711 0.0104214 -2.56554e-07 -1.91615e-09 -2.56554e-07 1.03522e-06 
240
1.28606
0.122129
-0.0116514
0.0120817 -0.000335779 -1.97433e-09 -0.000335779 0.0104214 -2.56507e-07 -1.97433e-09 -2.56507e-07 1.03522e-06 
241
1.2965
0.120742
-0.0185346
0.0120817 -0.000335974 -2.06407e-09 -0.000335974 0.0104215 -2.56496e-07 -2.06407e-09 -2.56496e-07 1.03522e-06 
242
1.31285
0.117935
-0.0210011
0.0120816 -0.000336157 -2.13691e-09 -0.000336157 0.0104216 -2.5647e-07 -2.13691e-09 -2.5647e-07 1.03522e-06 
243
1.33094
0.115008
-0.0153287
0.0120815 -0.000336266 -2.16777e-09 -0.000336266 0.0104216 -2.56428e-07 -2.16777e-09 -2.56428e-07 1.03522e-06 
244
1.35071
0.117672
-0.0150633
0.0120815 -0.000336218 -2.1258e-09 -0.000336218 0.0104216 -2.56381e-07 -2.1258e-09 -2.56381e-07 1.03522e-06 
245
1.3713
0.121268
-0.0177238
0.0120815 -0.000336195 -2.12573e-09 -0.000336195 0.0104216 -2.56328e-07 -2.12573e-09 -2.56328e-07 1.03522e-06 
246
1.39674
0.125524
-0.0229672
0.0120815 -0.000336228 -2.16059e-09 -0.000336228 0.0104216 -2.56273e-07 -2.16059e-09 -2.56273e-07 1.03522e-06 
247
1.42456
0.124476
-0.0149696
0.0120815 -0.000336324 -2.22694e-09 -0.000336324 0.0104216 -2.56206e-07 -2.22694e-09 -2.56206e-07 1.03522e-06 
248
1.44102
0.125065
-0.0135229
0.0120815 -0.000336234 -2.18007e-09 -0.000336234 0.0104216 -2.56133e-07 -2.18007e-09 -2.56133e-07 1.03522e-06 
249
1.46626
0.124545
-0.0122995
0.0120815 -0.000336176 -2.15802e-09 -0.000336176 0.0104216 -2.56086e-07 -2.15802e-09 -2.56086e-07 1.03522e-06 
250
1.49841
0.13079
-0.012238
0.0120815 -0.000336135 -2.14063e-09 -0.000336135 0.0104215 -2.56021e-07 -2.14063e-09 -2.56021e-07 1.03522e-06 
251
1.52474
0.142684
-0.0149913
0.0120816 -0.000336119 -2.16088e-09 -0.000336119 0.0104215 -2.55937e-07 -2.16088e-09 -2.55937e-07 1.03522e-06 
252
1.5455
0.153404
-0.0161263
0.0120815 -0.000336156 -2.23253e-09 -0.000336156 0.0104216 -2.55865e-07 -2.23253e-09 -2.55865e-07 1.03522e-06 
253
1.56922
0.157079
-0.0220143
0.0120815 -0.000336188 -2.29834e-09 -0.000336188 0.0104216 -2.55808e-07 -2.29834e-09 -2.55808e-07 1.03522e-06 
254
1.59045
0.155734
-0.0138503
0.0120815 -0.000336294 -2.37019e-09 -0.000336294 0.0104216 -2.55745e-07 -2.37019e-09 -2.55745e-07 1.03522e-06 
255
1.61178
0.155768
-0.0131167
0.0120815 -0.000336204 -2.3213e-09 -0.000336204 0.0104216 -2.55688e-07 -2.3213e-09 -2.55688e-07 1.03522e-06 
256
1.61851
0.157321
-0.0156807
0.0120815 -0.000336159 -2.30159e-09 -0.000336159 0.0104216 -2.55632e-07 -2.30159e-09 -2.55632e-07 1.03522e-06 
257
1.62812
0.159966
-0.0116254
0.0120815 -0.000336182 -2.32136e-09 -0.000336182 0.0104216 -2.5561e-07 -2.32136e-09 -2.5561e-07 1.03522e-06 
258
1.63736
0.165107
-0.0102362
0.0120816 -0.000336127 -2.30671e-09 -0.000336127 0.0104215 -2.55586e-07 -2.30671e-09 -2.55586e-07 1.03522e-06 
259
1.65943
0.16248
-0.0166284
0.0120816 -0.000336083 -2.31101e-09 -0.000336083 0.0104215 -2.55561e-07 -2.31101e-09 -2.55561e-07 1.03522e-06 
260
1.68608
0.159514
-0.0155573
0.0120815 -0.000336168 -2.3473e-09 -0.000336168 0.0104216 -2.55505e-07 -2.3473e-09 -2.55505e-07 1.03522e-06 
261
1.71564
0.159165
-0.0117262
0.0120815 -0.000336184 -2.3401e-09 -0.000336184 0.0104216 -2.55435e-07 -2.3401e-09 -2.55435e-07 1.03522e-06 
262
1.74612
0.158636
-0.00717955
0.0120816 -0.000336129 -2.31014e-09 -0.000336129 0.0104215 -2.55357e-07 -2.31014e-09 -2.55357e-07 1.03522e-06 
263
1.77566
0.163999
-0.0117418
0.0120816 -0.000336036 -2.26648e-09 -0.000336036 0.0104215 -2.55277e-07 -2.26648e-09 -2.55277e-07 1.03522e-06 
264
1.79805
0.166481
-0.0148652
0.0120816 -0.000336073 -2.31102e-09 -0.000336073 0.0104215 -2.55197e-07 -2.31102e-09 -2.55197e-07 1.03522e-06 
265
1.81386
0.175581
-0.0251119
0.0120816 -0.000336136 -2.355e-09 -0.000336136 0.0104215 -2.55136e-07 -2.355e-09 -2.55136e-07 1.03522e-06 
266
1.83223
0.179955
-0.0429542
0.0120815 -0.000336323 -2.48028e-09 -0.000336323 0.0104216 -2.55091e-07 -2.48028e-09 -2.55091e-07 1.03522e-06 
267
1.85039
0.175509
-0.0446891
0.0120813 -0.000336677 -2.66563e-09 -0.000336677 0.0104217 -2.55041e-07 -2.66563e-09 -2.55041e-07 1.03522e-06 
268
1.87181
0.169078
-0.0196256
0.0120812 -0.000336839 -2.71434e-09 -0.000336839 0.0104218 -2.54992e-07 -2.71434e-09 -2.54992e-07 1.03522e-06 
269
1.88816
0.169802
-0.00208331
0.0120813 -0.000336504 -2.51722e-09 -0.000336504 0.0104217 -2.54938e-07 -2.51722e-09 -2.54938e-07 1.03522e-06 
270
1.90324
0.174182
-0.00141238
0.0120815 -0.000336098 -2.33306e-09 -0.000336098 0.0104215 -2.54895e-07 -2.33306e-09 -2.54895e-07 1.03522e-06 
271
1.91757
0.179486
-0.0116894
0.0120816 -0.000335932 -2.29037e-09 -0.000335932 0.0104215 -2.54855e-07 -2.29037e-09 -2.54855e-07 1.03522e-06 
272
1.92271
0.1806
-0.0237667
0.0120816 -0.000336032 -2.37305e-09 -0.000336032 0.0104215 -2.54815e-07 -2.37305e-09 -2.54815e-07 1.03522e-06 
273
1.93814
0.181873
-0.0323525
0.0120815 -0.000336262 -2.48872e-09 -0.000336262 0.0104216 -2.54799e-07 -2.48872e-09 -2.54799e-07 1.03522e-06 
274
1.96186
0.184225
-0.0271405
0.0120814 -0.000336486 -2.5923e-09 -0.000336486 0.0104217 -2.54759e-07 -2.5923e-09 -2.54759e-07 1.03522e-06 
275
1.98494
0.190419
-0.00834647
0.0120814 -0.000336488 -2.59352e-09 -0.000336488 0.0104217 -2.54698e-07 -2.59352e-09 -2.54698e-07 1.03522e-06 
276
1.99687
0.204565
0.00916218
0.0120815 -0.000336191 -2.47702e-09 -0.000336191 0.0104216 -2.54638e-07 -2.47702e-09 -2.54638e-07 1.03522e-06 
277
2.01151
0.213526
0.0158637
0.0120817 -0.0003358 -2.3636e-09 -0.0003358 0.0104214 -2.54605e-07 -2.3636e-09 -2.54605e-07 1.03522e-06 
278
2.02217
0.220533
0.016529
0.0120818 -0.000335545 -2.30492e-09 -0.000335545 0.0104213 -2.54566e-07 -2.30492e-09 -2.54566e-07 1.03522e-06 
279
2.03703
0.222054
0.0174246
0.0120819 -0.000335437 -2.30198e-09 -0.000335437 0.0104213 -2.54537e-07 -2.30198e-09 -2.54537e-07 1.03522e-06 
280
2.03258
0.224237
0.0224078
0.012082 -0.000335382 -2.29349e-09 -0.000335382 0.0104213 -2.54499e-07 -2.29349e-09 -2.54499e-07 1.03522e-06 
281
2.0442
0.22418
0.0277043
0.012082 -0.000335282 -2.25911e-09 -0.000335282 0.0104213 -2.54507e-07 -2.25911e-09 -2.54507e-07 1.03522e-06 
282
2.0586
0.228243
0.030847
0.0120821 -0.00033516 -2.20658e-09 -0.00033516 0.0104212 -2.5448e-07 -2.20658e-09 -2.5448e-07 1.03522e-06 
283
2.07821
0.231636
0.0250388
0.0120821 -0.000335064 -2.18358e-09 -0.000335064 0.0104212 -2.54443e-07 -2.18358e-09 -2.54443e-07 1.03522e-06 
284
2.1072
0.233338
0.023883
0.0120821 -0.000335119 -2.23236e-09 -0.000335119 0.0104212 -2.54391e-07 -2.23236e-09 -2.54391e-07 1.03522e-06 
285
2.12989
0.240454
0.0264194
0.0120821 -0.000335159 -2.26115e-09 -0.000335159 0.0104212 -2.54316e-07 -2.26115e-09 -2.54316e-07 1.03522e-06 
286
2.15617
0.243708
0.0209116
0.0120821 -0.000335134 -2.2794e-09 -0.000335134 0.0104212 -2.54254e-07 -2.2794e-09 -2.54254e-07 1.03522e-06 
287
2.1754
0.245413
0.025488
0.0120821 -0.000335212 -2.3364e-09 -0.000335212 0.0104212 -2.54184e-07 -2.3364e-09 -2.54184e-07 1.03522e-06 
288
2.18434
0.246673
0.0142843
0.0120821 -0.000335169 -2.32406e-09 -0.000335169 0.0104212 -2.54132e-07 -2.32406e-09 -2.54132e-07 1.03522e-06 
289
2.19418
0.245698
0.0147811
0.012082 -0.00033533 -2.40885e-09 -0.00033533 0.0104213 -2.54104e-07 -2.40885e-09 -2.54104e-07 1.03522e-06 
290
2.2033
0.252611
0.001733
0.012082 -0.000335384 -2.42677e-09 -0.000335384 0.0104213 -2.54078e-07 -2.42677e-09 -2.54078e-07 1.03522e-06 
291
2.21567
0.245267
0.0123174
0.0120819 -0.000335611 -2.56011e-09 -0.000335611 0.0104214 -2.54053e-07 -2.56011e-09 -2.54053e-07 1.03522e-06 
292
2.21995
0.25116
0.0147862
0.0120819 -0.00033553 -2.48798e-09 -0.00033553 0.0104213 -2.54022e-07 -2.48798e-09 -2.54022e-07 1.03522e-06 
293
2.23685
0.245666
0.017173
0.0120819 -0.00033546 -2.47679e-09 -0.00033546 0.0104213 -2.54008e-07 -2.47679e-09 -2.54008e-07 1.03522e-06 
294
2.24435
0.255382
0.0141996
0.012082 -0.000335395 -2.43193e-09 -0.000335395 0.0104213 -2.53966e-07 -2.43193e-09 -2.53966e-07 1.03522e-06 
295
2.26841
0.258781
-0.00074166
0.0120819 -0.000335417 -2.4836e-09 -0.000335417 0.0104213 -2.53944e-07 -2.4836e-09 -2.53944e-07 1.03522e-06 
296
2.26883
0.257738
0.00121188
0.0120818 -0.000335663 -2.62089e-09 -0.000335663 0.0104214 -2.53882e-07 -2.62089e-09 -2.53882e-07 1.03522e-06 
297
2.27411
0.270043
-0.0135995
0.0120818 -0.000335726 -2.64049e-09 -0.000335726 0.0104214 -2.53876e-07 -2.64049e-09 -2.53876e-07 1.03522e-06 
298
2.28895
0.261141
