0
0
0
0.000184874
0.00632102 -7.44339e-05 -4.31087e-09 -7.44339e-05 0.0065425 -1.42373e-07 -4.31087e-09 -1.42373e-07 1.21851e-06 
1
0
0
0.000901148
0.0093053 -0.000180886 -4.22065e-09 -0.000180886 0.00905162 -1.8436e-07 -4.22065e-09 -1.8436e-07 1.03651e-06 
2
0
0
0.000414989
0.0107701 -0.000255987 -3.76816e-09 -0.000255987 0.00996569 -2.08421e-07 -3.76816e-09 -2.08421e-07 1.03685e-06 
3
0
0
0.000271535
0.0114639 -0.000297125 -3.35676e-09 -0.000297125 0.010272 -2.19337e-07 -3.35676e-09 -2.19337e-07 1.0371e-06 
4
0
0
0.000374502
0.0117902 -0.000317552 -3.06865e-09 -0.000317552 0.0103719 -2.24999e-07 -3.06865e-09 -2.24999e-07 1.03671e-06 
5
0
0
6.52529e-05
0.0119437 -0.000327272 -2.86799e-09 -0.000327272 0.0104043 -2.28793e-07 -2.86799e-09 -2.28793e-07 1.03631e-06 
6
0
0
-0.000684868
0.0120159 -0.000331816 -2.7182e-09 -0.000331816 0.0104149 -2.3188e-07 -2.7182e-09 -2.3188e-07 1.036e-06 
7
0
0
0.000391591
0.01205 -0.000333932 -2.59722e-09 -0.000333932 0.0104185 -2.3463e-07 -2.59722e-09 -2.3463e-07 1.03576e-06 
8
0
0
0.000207176
0.0120662 -0.000334895 -2.48027e-09 -0.000334895 0.0104197 -2.37155e-07 -2.48027e-09 -2.37155e-07 1.03558e-06 
9
0
0
0.000187522
0.0120739 -0.000335346 -2.37728e-09 -0.000335346 0.0104202 -2.39488e-07 -2.37728e-09 -2.39488e-07 1.03545e-06 
10
0
0
-0.000580506
0.0120777 -0.000335559 -2.28114e-09 -0.000335559 0.0104205 -2.41635e-07 -2.28114e-09 -2.41635e-07 1.03535e-06 
11
0
0
-0.00107404
0.0120795 -0.000335673 -2.20192e-09 -0.000335673 0.0104206 -2.43595e-07 -2.20192e-09 -2.43595e-07 1.03528e-06 
12
0
0
-6.0118e-05
0.0120804 -0.000335736 -2.12846e-09 -0.000335736 0.0104207 -2.45378e-07 -2.12846e-09 -2.45378e-07 1.03523e-06 
13
0
0
0.000651804
0.0120809 -0.000335751 -2.04767e-09 -0.000335751 0.0104208 -2.46996e-07 -2.04767e-09 -2.46996e-07 1.03519e-06 
14
0
0
0.000255952
0.0120812 -0.00033575 -1.97029e-09 -0.00033575 0.0104209 -2.4846e-07 -1.97029e-09 -2.4846e-07 1.03517e-06 
15
0
0
-0.000504835
0.0120814 -0.000335759 -1.90748e-09 -0.000335759 0.010421 -2.49779e-07 -1.90748e-09 -2.49779e-07 1.03515e-06 
16
0
0
0.000149039
0.0120815 -0.000335777 -1.85602e-09 -0.000335777 0.010421 -2.50964e-07 -1.85602e-09 -2.50964e-07 1.03514e-06 
17
0
0
0.000414303
0.0120815 -0.000335776 -1.79894e-09 -0.000335776 0.0104211 -2.52024e-07 -1.79894e-09 -2.52024e-07 1.03514e-06 
18
0
0
-0.00062206
0.0120816 -0.000335773 -1.74731e-09 -0.000335773 0.0104211 -2.5297e-07 -1.74731e-09 -2.5297e-07 1.03514e-06 
19
0
0
-4.68727e-05
0.0120816 -0.000335789 -1.70548e-09 -0.000335789 0.0104212 -2.53812e-07 -1.70548e-09 -2.53812e-07 1.03514e-06 
20
0
0
-1.89812e-06
0.0120816 -0.000335788 -1.6616e-09 -0.000335788 0.0104212 -2.54559e-07 -1.6616e-09 -2.54559e-07 1.03514e-06 
21
0
0
-0.000217039
0.0120817 -0.000335787 -1.6252e-09 -0.000335787 0.0104212 -2.55221e-07 -1.6252e-09 -2.55221e-07 1.03515e-06 
22
0
0
-0.000441271
0.0120817 -0.000335791 -1.59564e-09 -0.000335791 0.0104213 -2.55805e-07 -1.59564e-09 -2.55805e-07 1.03515e-06 
23
0
0
0.000315339
0.0120817 -0.000335797 -1.57203e-09 -0.000335797 0.0104213 -2.5632e-07 -1.57203e-09 -2.5632e-07 1.03516e-06 
24
0
0
0.000283245
0.0120817 -0.000335788 -1.54411e-09 -0.000335788 0.0104213 -2.56774e-07 -1.54411e-09 -2.56774e-07 1.03516e-06 
25
0
0
0.000555718
0.0120817 -0.000335785 -1.52174e-09 -0.000335785 0.0104213 -2.57175e-07 -1.52174e-09 -2.57175e-07 1.03517e-06 
26
0
0
1.72036e-05
0.0120817 -0.00033578 -1.49905e-09 -0.00033578 0.0104213 -2.57527e-07 -1.49905e-09 -2.57527e-07 1.03517e-06 
27
0
0
0.000269227
0.0120817 -0.000335787 -1.47508e-09 -0.000335787 0.0104213 -2.57844e-07 -1.47508e-09 -2.57844e-07 1.03518e-06 
28
0
0
0.000123111
0.0120817 -0.000335786 -1.452e-09 -0.000335786 0.0104214 -2.5812e-07 -1.452e-09 -2.5812e-07 1.03518e-06 
29
0
0
-0.00106721
0.0120817 -0.000335789 -1.436e-09 -0.000335789 0.0104214 -2.58362e-07 -1.436e-09 -2.58362e-07 1.03519e-06 
30
0
0
-0.000461347
0.0120817 -0.000335809 -1.43324e-09 -0.000335809 0.0104214 -2.58572e-07 -1.43324e-09 -2.58572e-07 1.03519e-06 
31
0
0
0.000272486
0.0120817 -0.000335807 -1.4206e-09 -0.000335807 0.0104214 -2.58755e-07 -1.4206e-09 -2.58755e-07 1.03519e-06 
32
0
0
0.000833797
0.0120817 -0.000335795 -1.40489e-09 -0.000335795 0.0104214 -2.58915e-07 -1.40489e-09 -2.58915e-07 1.0352e-06 
33
0
0
0.000795163
0.0120817 -0.000335781 -1.39013e-09 -0.000335781 0.0104214 -2.59054e-07 -1.39013e-09 -2.59054e-07 1.0352e-06 
34
0
0
-0.000719408
0.0120817 -0.000335777 -1.381e-09 -0.000335777 0.0104214 -2.59177e-07 -1.381e-09 -2.59177e-07 1.0352e-06 
35
0
0
7.41543e-05
0.0120817 -0.000335799 -1.3858e-09 -0.000335799 0.0104214 -2.59279e-07 -1.3858e-09 -2.59279e-07 1.0352e-06 
36
0
0
-3.27572e-05
0.0120817 -0.000335795 -1.37685e-09 -0.000335795 0.0104214 -2.5937e-07 -1.37685e-09 -2.5937e-07 1.03521e-06 
37
0
0
-0.000284005
0.0120817 -0.000335796 -1.37139e-09 -0.000335796 0.0104214 -2.59452e-07 -1.37139e-09 -2.59452e-07 1.03521e-06 
38
0
0
-0.000791422
0.0120817 -0.0003358 -1.36906e-09 -0.0003358 0.0104214 -2.59522e-07 -1.36906e-09 -2.59522e-07 1.03521e-06 
39
0
0
-0.000381731
0.0120817 -0.000335809 -1.37028e-09 -0.000335809 0.0104214 -2.59583e-07 -1.37028e-09 -2.59583e-07 1.03521e-06 
40
0
0
0.000791287
0.0120817 -0.000335807 -1.36485e-09 -0.000335807 0.0104214 -2.59637e-07 -1.36485e-09 -2.59637e-07 1.03521e-06 
41
0
0
0.000669793
0.0120817 -0.000335787 -1.35082e-09 -0.000335787 0.0104214 -2.59684e-07 -1.35082e-09 -2.59684e-07 1.03521e-06 
42
0
0
0.000124063
0.0120817 -0.000335782 -1.34609e-09 -0.000335782 0.0104214 -2.59725e-07 -1.34609e-09 -2.59725e-07 1.03521e-06 
43
0
0
-0.000151618
0.0120817 -0.000335788 -1.34534e-09 -0.000335788 0.0104214 -2.59753e-07 -1.34534e-09 -2.59753e-07 1.03522e-06 
44
0
0
0.000104317
0.0120817 -0.000335795 -1.34528e-09 -0.000335795 0.0104214 -2.59779e-07 -1.34528e-09 -2.59779e-07 1.03522e-06 
45
0
0
-0.000446481
0.0120817 -0.000335794 -1.34202e-09 -0.000335794 0.0104214 -2.59803e-07 -1.34202e-09 -2.59803e-07 1.03522e-06 
46
0
0
-0.000133676
0.0120817 -0.000335802 -1.3442e-09 -0.000335802 0.0104214 -2.59825e-07 -1.3442e-09 -2.59825e-07 1.03522e-06 
47
0
0
-0.00083754
0.0120817 -0.0003358 -1.34111e-09 -0.0003358 0.0104214 -2.59845e-07 -1.34111e-09 -2.59845e-07 1.03522e-06 
48
0
0
-8.21923e-05
0.0120817 -0.000335811 -1.34531e-09 -0.000335811 0.0104214 -2.59863e-07 -1.34531e-09 -2.59863e-07 1.03522e-06 
49
0
0
0.000513242
0.0120817 -0.000335803 -1.33947e-09 -0.000335803 0.0104214 -2.59878e-07 -1.33947e-09 -2.59878e-07 1.03522e-06 
50
0
0
0.000519083
0.0120817 -0.00033579 -1.3323e-09 -0.00033579 0.0104214 -2.59891e-07 -1.3323e-09 -2.59891e-07 1.03522e-06 
51
0
0
-0.00036086
0.0120817 -0.000335785 -1.33252e-09 -0.000335785 0.0104214 -2.59899e-07 -1.33252e-09 -2.59899e-07 1.03522e-06 
52
0
0
0.000257208
0.0120817 -0.000335797 -1.34089e-09 -0.000335797 0.0104214 -2.59906e-07 -1.34089e-09 -2.59906e-07 1.03522e-06 
53
0
0
0.00051409
0.0120817 -0.000335792 -1.34014e-09 -0.000335792 0.0104214 -2.59914e-07 -1.34014e-09 -2.59914e-07 1.03522e-06 
54
0
0
-6.68866e-05
0.0120817 -0.000335786 -1.33854e-09 -0.000335786 0.0104214 -2.59922e-07 -1.33854e-09 -2.59922e-07 1.03522e-06 
55
0
0
9.84113e-05
0.0120817 -0.000335793 -1.3421e-09 -0.000335793 0.0104214 -2.5993e-07 -1.3421e-09 -2.5993e-07 1.03522e-06 
56
0
0
0.00130184
0.0120817 -0.000335793 -1.34175e-09 -0.000335793 0.0104214 -2.59936e-07 -1.34175e-09 -2.59936e-07 1.03522e-06 
57
0
0
-0.000415368
0.0120817 -0.000335774 -1.33203e-09 -0.000335774 0.0104214 -2.5994e-07 -1.33203e-09 -2.5994e-07 1.03522e-06 
58
0
0
0.000950899
0.0120817 -0.000335794 -1.34384e-09 -0.000335794 0.0104214 -2.59943e-07 -1.34384e-09 -2.59943e-07 1.03522e-06 
59
0
0
0.000528781
0.0120817 -0.00033578 -1.34407e-09 -0.00033578 0.0104214 -2.59946e-07 -1.34407e-09 -2.59946e-07 1.03522e-06 
60
0
0
-0.00039387
0.0120817 -0.000335781 -1.34963e-09 -0.000335781 0.0104214 -2.5995e-07 -1.34963e-09 -2.5995e-07 1.03522e-06 
61
0
0
-0.000203784
0.0120817 -0.000335796 -1.36076e-09 -0.000335796 0.0104214 -2.59952e-07 -1.36076e-09 -2.59952e-07 1.03522e-06 
62
0
0
-8.4698e-05
0.0120817 -0.000335799 -1.36556e-09 -0.000335799 0.0104214 -2.59954e-07 -1.36556e-09 -2.59954e-07 1.03522e-06 
63
0
0
-0.00027075
0.0120817 -0.000335798 -1.36701e-09 -0.000335798 0.0104214 -2.59956e-07 -1.36701e-09 -2.59956e-07 1.03522e-06 
64
0
0
0.000641713
0.0120817 -0.000335801 -1.36774e-09 -0.000335801 0.0104214 -2.59958e-07 -1.36774e-09 -2.59958e-07 1.03522e-06 
65
0
0
0.000295881
0.0120817 -0.000335787 -1.35955e-09 -0.000335787 0.0104214 -2.59959e-07 -1.35955e-09 -2.59959e-07 1.03522e-06 
66
0
0
0.000295334
0.0120817 -0.000335788 -1.36064e-09 -0.000335788 0.0104214 -2.59961e-07 -1.36064e-09 -2.59961e-07 1.03522e-06 
67
0
0
0.000874257
0.0120817 -0.000335788 -1.36659e-09 -0.000335788 0.0104214 -2.59964e-07 -1.36659e-09 -2.59964e-07 1.03522e-06 
68
0
0
3.39549e-05
0.0120817 -0.000335779 -1.36451e-09 -0.000335779 0.0104214 -2.59968e-07 -1.36451e-09 -2.59968e-07 1.03522e-06 
69
0
0
0.000983511
0.0120817 -0.000335789 -1.37077e-09 -0.000335789 0.0104214 -2.59972e-07 -1.37077e-09 -2.59972e-07 1.03522e-06 
70
0
0
0.000370627
0.0120817 -0.000335777 -1.36493e-09 -0.000335777 0.0104214 -2.59977e-07 -1.36493e-09 -2.59977e-07 1.03522e-06 
71
0
0
-0.00067788
0.0120817 -0.000335783 -1.37004e-09 -0.000335783 0.0104214 -2.59982e-07 -1.37004e-09 -2.59982e-07 1.03522e-06 
72
0
0
0.000118835
0.0120817 -0.000335801 -1.38207e-09 -0.000335801 0.0104214 -2.59984e-07 -1.38207e-09 -2.59984e-07 1.03522e-06 
73
0
0
-4.99265e-05
0.0120817 -0.000335796 -1.37892e-09 -0.000335796 0.0104214 -2.59982e-07 -1.37892e-09 -2.59982e-07 1.03522e-06 
74
0
0
-0.000164142
0.0120817 -0.000335797 -1.37848e-09 -0.000335797 0.0104214 -2.59976e-07 -1.37848e-09 -2.59976e-07 1.03522e-06 
75
0
0
0.00037497
0.0120817 -0.000335799 -1.38052e-09 -0.000335799 0.0104214 -2.59965e-07 -1.38052e-09 -2.59965e-07 1.03522e-06 
76
0
0
0.000219809
0.0120817 -0.000335791 -1.37872e-09 -0.000335791 0.0104214 -2.59958e-07 -1.37872e-09 -2.59958e-07 1.03522e-06 
77
0
0
0.00107554
0.0120817 -0.00033579 -1.38033e-09 -0.00033579 0.0104214 -2.59955e-07 -1.38033e-09 -2.59955e-07 1.03522e-06 
78
0
0
0.000889749
0.0120817 -0.000335777 -1.37295e-09 -0.000335777 0.0104214 -2.59956e-07 -1.37295e-09 -2.59956e-07 1.03522e-06 
79
0
0
-0.000122999
0.0120818 -0.000335774 -1.3716e-09 -0.000335774 0.0104214 -2.5996e-07 -1.3716e-09 -2.5996e-07 1.03522e-06 
80
0
0
5.48153e-05
0.0120817 -0.000335789 -1.37996e-09 -0.000335789 0.0104214 -2.59964e-07 -1.37996e-09 -2.59964e-07 1.03522e-06 
81
0
0
-6.5332e-05
0.0120817 -0.000335792 -1.37997e-09 -0.000335792 0.0104214 -2.59968e-07 -1.37997e-09 -2.59968e-07 1.03522e-06 
82
0
0
-0.000158569
0.0120817 -0.000335795 -1.37975e-09 -0.000335795 0.0104214 -2.59971e-07 -1.37975e-09 -2.59971e-07 1.03522e-06 
83
0
0
0.000301525
0.0120817 -0.000335798 -1.37755e-09 -0.000335798 0.0104214 -2.59973e-07 -1.37755e-09 -2.59973e-07 1.03522e-06 
84
0
0
0.000154957
0.0120817 -0.000335792 -1.37241e-09 -0.000335792 0.0104214 -2.59973e-07 -1.37241e-09 -2.59973e-07 1.03522e-06 
85
0
0
0.000286674
0.0120817 -0.000335792 -1.37194e-09 -0.000335792 0.0104214 -2.59972e-07 -1.37194e-09 -2.59972e-07 1.03522e-06 
86
0
0
0.00111426
0.0120817 -0.00033579 -1.37016e-09 -0.00033579 0.0104214 -2.59971e-07 -1.37016e-09 -2.59971e-07 1.03522e-06 
87
0
0
-0.000189833
0.0120817 -0.000335776 -1.36171e-09 -0.000335776 0.0104214 -2.5997e-07 -1.36171e-09 -2.5997e-07 1.03522e-06 
88
0
0
-0.000159656
0.0120817 -0.000335791 -1.3699e-09 -0.000335791 0.0104214 -2.59969e-07 -1.3699e-09 -2.59969e-07 1.03522e-06 
89
0
0
-0.000269646
0.0120817 -0.000335796 -1.37279e-09 -0.000335796 0.0104214 -2.59969e-07 -1.37279e-09 -2.59969e-07 1.03522e-06 
90
0
0
-7.29003e-06
0.0120817 -0.0003358 -1.37514e-09 -0.0003358 0.0104214 -2.5997e-07 -1.37514e-09 -2.5997e-07 1.03522e-06 
91
0
0
6.96327e-05
0.0120817 -0.000335797 -1.37249e-09 -0.000335797 0.0104214 -2.59972e-07 -1.37249e-09 -2.59972e-07 1.03522e-06 
92
0
0
-9.5632e-05
0.0120817 -0.000335795 -1.36952e-09 -0.000335795 0.0104214 -2.59973e-07 -1.36952e-09 -2.59973e-07 1.03522e-06 
93
0
0
-0.000429021
0.0120817 -0.000335797 -1.36913e-09 -0.000335797 0.0104214 -2.59974e-07 -1.36913e-09 -2.59974e-07 1.03522e-06 
94
0
0
0.000311024
0.0120817 -0.000335803 -1.37136e-09 -0.000335803 0.0104214 -2.59974e-07 -1.37136e-09 -2.59974e-07 1.03522e-06 
95
0
0
-0.000422346
0.0120817 -0.000335793 -1.36496e-09 -0.000335793 0.0104214 -2.59974e-07 -1.36496e-09 -2.59974e-07 1.03522e-06 
96
0
0
0.000469075
0.0120817 -0.000335802 -1.36893e-09 -0.000335802 0.0104214 -2.59974e-07 -1.36893e-09 -2.59974e-07 1.03522e-06 
97
0
0
0.00072351
0.0120817 -0.00033579 -1.36278e-09 -0.00033579 0.0104214 -2.59973e-07 -1.36278e-09 -2.59973e-07 1.03522e-06 
98
0
0
-0.000815273
0.0120817 -0.000335782 -1.35864e-09 -0.000335782 0.0104214 -2.59974e-07 -1.35864e-09 -2.59974e-07 1.03522e-06 
99
0
0
0.000833026
0.0120817 -0.000335803 -1.36371e-09 -0.000335803 0.0104214 -2.59978e-07 -1.36371e-09 -2.59978e-07 1.03522e-06 
100
0
0
0.00117415
0.0120817 -0.000335785 -1.34824e-09 -0.000335785 0.0104214 -2.59981e-07 -1.34824e-09 -2.59981e-07 1.03522e-06 
101
0
0
0.000157172
0.0120818 -0.000335773 -1.3388e-09 -0.000335773 0.0104214 -2.59982e-07 -1.3388e-09 -2.59982e-07 1.03522e-06 
102
0
0
0.000165599
0.0120817 -0.000335785 -1.34405e-09 -0.000335785 0.0104214 -2.59982e-07 -1.34405e-09 -2.59982e-07 1.03522e-06 
103
0
0
-0.00117366
0.0120817 -0.000335789 -1.3455e-09 -0.000335789 0.0104214 -2.59982e-07 -1.3455e-09 -2.59982e-07 1.03522e-06 
104
0
0
-0.000612157
0.0120817 -0.000335812 -1.35772e-09 -0.000335812 0.0104214 -2.59982e-07 -1.35772e-09 -2.59982e-07 1.03522e-06 
105
0
0
-0.000350915
0.0120817 -0.000335811 -1.35673e-09 -0.000335811 0.0104214 -2.59982e-07 -1.35673e-09 -2.59982e-07 1.03522e-06 
106
0
0
7.26615e-05
0.0120817 -0.000335807 -1.35455e-09 -0.000335807 0.0104214 -2.59983e-07 -1.35455e-09 -2.59983e-07 1.03522e-06 
107
0
0
0.000471231
0.0120817 -0.000335799 -1.34577e-09 -0.000335799 0.0104214 -2.59983e-07 -1.34577e-09 -2.59983e-07 1.03522e-06 
108
0
0
0.000265427
0.0120817 -0.000335789 -1.33784e-09 -0.000335789 0.0104214 -2.59983e-07 -1.33784e-09 -2.59983e-07 1.03522e-06 
109
0
0
0.000220054
0.0120817 -0.000335789 -1.33549e-09 -0.000335789 0.0104214 -2.59983e-07 -1.33549e-09 -2.59983e-07 1.03522e-06 
110
0
0
-0.000728775
0.0120817 -0.00033579 -1.33457e-09 -0.00033579 0.0104214 -2.59983e-07 -1.33457e-09 -2.59983e-07 1.03522e-06 
111
0
0
0.000911378
0.0120817 -0.000335805 -1.3423e-09 -0.000335805 0.0104214 -2.59982e-07 -1.3423e-09 -2.59982e-07 1.03522e-06 
112
0
0
-0.000290276
0.0120817 -0.000335785 -1.33106e-09 -0.000335785 0.0104214 -2.59983e-07 -1.33106e-09 -2.59983e-07 1.03522e-06 
113
0
0
2.5315e-05
0.0120817 -0.000335796 -1.3376e-09 -0.000335796 0.0104214 -2.59983e-07 -1.3376e-09 -2.59983e-07 1.03522e-06 
114
0
0
0.000218976
0.0120817 -0.000335795 -1.33691e-09 -0.000335795 0.0104214 -2.59983e-07 -1.33691e-09 -2.59983e-07 1.03522e-06 
115
0
0
0.000328768
0.0120817 -0.000335792 -1.32883e-09 -0.000335792 0.0104214 -2.59984e-07 -1.32883e-09 -2.59984e-07 1.03522e-06 
116
0
0
0.000632829
0.0120817 -0.000335789 -1.32279e-09 -0.000335789 0.0104214 -2.59985e-07 -1.32279e-09 -2.59985e-07 1.03522e-06 
117
0
0
0.000869564
0.0120817 -0.000335783 -1.31682e-09 -0.000335783 0.0104214 -2.59985e-07 -1.31682e-09 -2.59985e-07 1.03522e-06 
118
0
0
0.000449497
0.0120817 -0.000335777 -1.31164e-09 -0.000335777 0.0104214 -2.59986e-07 -1.31164e-09 -2.59986e-07 1.03522e-06 
119
0
0
0.000158663
0.0120817 -0.000335781 -1.31297e-09 -0.000335781 0.0104214 -2.59986e-07 -1.31297e-09 -2.59986e-07 1.03522e-06 
120
0
0
-1.69743e-05
0.0120817 -0.000335788 -1.31592e-09 -0.000335788 0.0104214 -2.59986e-07 -1.31592e-09 -2.59986e-07 1.03522e-06 
121
0
0
0.000125956
0.0120817 -0.000335793 -1.31858e-09 -0.000335793 0.0104214 -2.59987e-07 -1.31858e-09 -2.59987e-07 1.03522e-06 
122
0
0
0.000115012
0.0120817 -0.000335793 -1.31788e-09 -0.000335793 0.0104214 -2.59986e-07 -1.31788e-09 -2.59986e-07 1.03522e-06 
123
0
0
-0.000544446
0.0120817 -0.000335793 -1.30948e-09 -0.000335793 0.0104214 -2.5999e-07 -1.30948e-09 -2.5999e-07 1.03522e-06 
124
0
0
4.13566e-05
0.0120817 -0.000335803 -1.30933e-09 -0.000335803 0.0104214 -2.59991e-07 -1.30933e-09 -2.59991e-07 1.03522e-06 
125
0
0
0.000325221
0.0120817 -0.000335798 -1.30273e-09 -0.000335798 0.0104214 -2.59992e-07 -1.30273e-09 -2.59992e-07 1.03522e-06 
126
0
0
-0.000586873
0.0120817 -0.000335791 -1.29723e-09 -0.000335791 0.0104214 -2.59994e-07 -1.29723e-09 -2.59994e-07 1.03522e-06 
127
0
0
-0.000551899
0.0120817 -0.000335803 -1.30278e-09 -0.000335803 0.0104214 -2.59994e-07 -1.30278e-09 -2.59994e-07 1.03522e-06 
128
0
0
0.000128258
0.0120817 -0.000335807 -1.30378e-09 -0.000335807 0.0104214 -2.59995e-07 -1.30378e-09 -2.59995e-07 1.03522e-06 
129
0
0
-0.000794237
0.0120817 -0.000335798 -1.29858e-09 -0.000335798 0.0104214 -2.59994e-07 -1.29858e-09 -2.59994e-07 1.03522e-06 
130
0
0
-1.44636e-06
0.0120817 -0.000335809 -1.30463e-09 -0.000335809 0.0104214 -2.59995e-07 -1.30463e-09 -2.59995e-07 1.03522e-06 
131
0
0
0.000397043
0.0120817 -0.000335801 -1.29286e-09 -0.000335801 0.0104214 -2.59994e-07 -1.29286e-09 -2.59994e-07 1.03522e-06 
132
0
0
0.000653464
0.0120817 -0.000335791 -1.28237e-09 -0.000335791 0.0104214 -2.59994e-07 -1.28237e-09 -2.59994e-07 1.03522e-06 
133
0
0
0.000314584
0.0120817 -0.000335784 -1.27533e-09 -0.000335784 0.0104214 -2.59994e-07 -1.27533e-09 -2.59994e-07 1.03522e-06 
134
0
0
0.000305585
0.0120817 -0.000335786 -1.27485e-09 -0.000335786 0.0104214 -2.59995e-07 -1.27485e-09 -2.59995e-07 1.03522e-06 
135
0
0
-0.000398466
0.0120817 -0.000335787 -1.27336e-09 -0.000335787 0.0104214 -2.59995e-07 -1.27336e-09 -2.59995e-07 1.03522e-06 
136
0
0
0.000502566
0.0120817 -0.000335799 -1.27809e-09 -0.000335799 0.0104214 -2.59995e-07 -1.27809e-09 -2.59995e-07 1.03522e-06 
137
0
0
-0.000791554
0.0120817 -0.000335789 -1.27098e-09 -0.000335789 0.0104214 -2.59995e-07 -1.27098e-09 -2.59995e-07 1.03522e-06 
138
0
0
-0.000196844
0.0120817 -0.000335806 -1.27893e-09 -0.000335806 0.0104214 -2.59995e-07 -1.27893e-09 -2.59995e-07 1.03522e-06 
139
0
0
6.45989e-05
0.0120817 -0.000335803 -1.27083e-09 -0.000335803 0.0104214 -2.59992e-07 -1.27083e-09 -2.59992e-07 1.03522e-06 
140
0
0
0.000129419
0.0120817 -0.000335797 -1.26372e-09 -0.000335797 0.0104214 -2.59991e-07 -1.26372e-09 -2.59991e-07 1.03522e-06 
141
0
0
0.000259646
0.0120817 -0.000335794 -1.25983e-09 -0.000335794 0.0104214 -2.5999e-07 -1.25983e-09 -2.5999e-07 1.03522e-06 
142
0
0
-0.000321213
0.0120817 -0.000335791 -1.2571e-09 -0.000335791 0.0104214 -2.5999e-07 -1.2571e-09 -2.5999e-07 1.03522e-06 
143
0
0
-0.000447275
0.0120817 -0.000335799 -1.26042e-09 -0.000335799 0.0104214 -2.5999e-07 -1.26042e-09 -2.5999e-07 1.03522e-06 
144
0
0
0.000454411
0.0120817 -0.000335804 -1.26256e-09 -0.000335804 0.0104214 -2.5999e-07 -1.26256e-09 -2.5999e-07 1.03522e-06 
145
0
0
0.000460001
0.0120817 -0.000335792 -1.25608e-09 -0.000335792 0.0104214 -2.5999e-07 -1.25608e-09 -2.5999e-07 1.03522e-06 
146
0
0
-0.000512085
0.0120817 -0.000335787 -1.25326e-09 -0.000335787 0.0104214 -2.5999e-07 -1.25326e-09 -2.5999e-07 1.03522e-06 
147
0
0
-0.000784823
0.0120817 -0.0003358 -1.2532e-09 -0.0003358 0.0104214 -2.59985e-07 -1.2532e-09 -2.59985e-07 1.03522e-06 
148
0
0
0.00036815
0.0120817 -0.00033581 -1.2517e-09 -0.00033581 0.0104214 -2.59982e-07 -1.2517e-09 -2.59982e-07 1.03522e-06 
149
0
0
0.000208661
0.0120817 -0.000335795 -1.23977e-09 -0.000335795 0.0104214 -2.59981e-07 -1.23977e-09 -2.59981e-07 1.03522e-06 
150
0
0
0.000534149
0.0120817 -0.000335792 -1.23655e-09 -0.000335792 0.0104214 -2.59981e-07 -1.23655e-09 -2.59981e-07 1.03522e-06 
151
0
0
-0.000362434
0.0120817 -0.000335786 -1.23176e-09 -0.000335786 0.0104214 -2.59981e-07 -1.23176e-09 -2.59981e-07 1.03522e-06 
152
0
0
0.000728364
0.0120817 -0.000335798 -1.2369e-09 -0.000335798 0.0104214 -2.59982e-07 -1.2369e-09 -2.59982e-07 1.03522e-06 
153
0
0
-0.000112886
0.0120817 -0.000335785 -1.2289e-09 -0.000335785 0.0104214 -2.59981e-07 -1.2289e-09 -2.59981e-07 1.03522e-06 
154
0
0
0.0010862
0.0120817 -0.000335793 -1.23399e-09 -0.000335793 0.0104214 -2.5998e-07 -1.23399e-09 -2.5998e-07 1.03522e-06 
155
0
0
0.0013185
0.0120817 -0.000335778 -1.22453e-09 -0.000335778 0.0104214 -2.5998e-07 -1.22453e-09 -2.5998e-07 1.03522e-06 
156
0
0
0.000128481
0.0120818 -0.000335768 -1.2183e-09 -0.000335768 0.0104214 -2.59981e-07 -1.2183e-09 -2.59981e-07 1.03522e-06 
157
0
0
-0.00126819
0.0120817 -0.000335783 -1.22532e-09 -0.000335783 0.0104214 -2.59981e-07 -1.22532e-09 -2.59981e-07 1.03522e-06 
158
0
0
-0.000539007
0.0120817 -0.000335811 -1.23884e-09 -0.000335811 0.0104214 -2.59983e-07 -1.23884e-09 -2.59983e-07 1.03522e-06 
159
0
0
-0.00083529
0.0120817 -0.00033581 -1.23631e-09 -0.00033581 0.0104214 -2.59984e-07 -1.23631e-09 -2.59984e-07 1.03522e-06 
160
0
0
-0.00056151
0.0120817 -0.000335814 -1.23842e-09 -0.000335814 0.0104214 -2.59984e-07 -1.23842e-09 -2.59984e-07 1.03522e-06 
161
0
0
0.000685636
0.0120817 -0.000335812 -1.23661e-09 -0.000335812 0.0104214 -2.59984e-07 -1.23661e-09 -2.59984e-07 1.03522e-06 
162
0
0
0.000436662
0.0120817 -0.000335791 -1.22563e-09 -0.000335791 0.0104214 -2.59983e-07 -1.22563e-09 -2.59983e-07 1.03522e-06 
163
0
0
0.000456388
0.0120817 -0.000335787 -1.22457e-09 -0.000335787 0.0104214 -2.5998e-07 -1.22457e-09 -2.5998e-07 1.03522e-06 
164
0
0
0.000191372
0.0120817 -0.000335785 -1.22357e-09 -0.000335785 0.0104214 -2.59979e-07 -1.22357e-09 -2.59979e-07 1.03522e-06 
165
0
0
-0.000413145
0.0120817 -0.000335789 -1.22518e-09 -0.000335789 0.0104214 -2.59979e-07 -1.22518e-09 -2.59979e-07 1.03522e-06 
166
0
0
-0.000444283
0.0120817 -0.0003358 -1.22981e-09 -0.0003358 0.0104214 -2.59979e-07 -1.22981e-09 -2.59979e-07 1.03522e-06 
167
0
0
0.000732467
0.0120817 -0.000335804 -1.23038e-09 -0.000335804 0.0104214 -2.59979e-07 -1.23038e-09 -2.59979e-07 1.03522e-06 
168
0
0
-0.00026261
0.0120817 -0.000335787 -1.22015e-09 -0.000335787 0.0104214 -2.59979e-07 -1.22015e-09 -2.59979e-07 1.03522e-06 
169
0
0
-5.35479e-05
0.0120817 -0.000335797 -1.22538e-09 -0.000335797 0.0104214 -2.59979e-07 -1.22538e-09 -2.59979e-07 1.03522e-06 
170
0
0
0.000356047
0.0120817 -0.000335797 -1.22474e-09 -0.000335797 0.0104214 -2.5998e-07 -1.22474e-09 -2.5998e-07 1.03522e-06 
171
0
0
-0.00024941
0.0120817 -0.000335791 -1.22815e-09 -0.000335791 0.0104214 -2.59977e-07 -1.22815e-09 -2.59977e-07 1.03522e-06 
172
0
0
0.000430982
0.0120817 -0.000335798 -1.23769e-09 -0.000335798 0.0104214 -2.59975e-07 -1.23769e-09 -2.59975e-07 1.03522e-06 
173
0
0
-0.000697827
0.0120817 -0.00033579 -1.23756e-09 -0.00033579 0.0104214 -2.59975e-07 -1.23756e-09 -2.59975e-07 1.03522e-06 
174
0
0
-0.000451363
0.0120817 -0.000335804 -1.24805e-09 -0.000335804 0.0104214 -2.59975e-07 -1.24805e-09 -2.59975e-07 1.03522e-06 
175
0
0
-0.000842179
0.0120817 -0.000335806 -1.24933e-09 -0.000335806 0.0104214 -2.59976e-07 -1.24933e-09 -2.59976e-07 1.03522e-06 
176
0
0
-0.000153444
0.0120817 -0.000335813 -1.2506e-09 -0.000335813 0.0104214 -2.59976e-07 -1.2506e-09 -2.59976e-07 1.03522e-06 
177
0
0
0.000883215
0.0120817 -0.000335805 -1.24516e-09 -0.000335805 0.0104214 -2.59975e-07 -1.24516e-09 -2.59975e-07 1.03522e-06 
178
0
0
-0.000355102
0.0120817 -0.000335785 -1.2349e-09 -0.000335785 0.0104214 -2.59976e-07 -1.2349e-09 -2.59976e-07 1.03522e-06 
179
0
0
0.000387854
0.0120817 -0.000335797 -1.24162e-09 -0.000335797 0.0104214 -2.5998e-07 -1.24162e-09 -2.5998e-07 1.03522e-06 
180
0
0
-0.000146783
0.0120817 -0.00033579 -1.23526e-09 -0.00033579 0.0104214 -2.59982e-07 -1.23526e-09 -2.59982e-07 1.03522e-06 
181
0
0
-0.000481831
0.0120817 -0.000335796 -1.2372e-09 -0.000335796 0.0104214 -2.59982e-07 -1.2372e-09 -2.59982e-07 1.03522e-06 
182
0
0
-0.000499949
0.0120817 -0.000335803 -1.24118e-09 -0.000335803 0.0104214 -2.59981e-07 -1.24118e-09 -2.59981e-07 1.03522e-06 
183
0
0
-6.23628e-05
0.0120817 -0.000335807 -1.24372e-09 -0.000335807 0.0104214 -2.59981e-07 -1.24372e-09 -2.59981e-07 1.03522e-06 
184
0
0
-0.000234667
0.0120817 -0.000335801 -1.24051e-09 -0.000335801 0.0104214 -2.59982e-07 -1.24051e-09 -2.59982e-07 1.03522e-06 
185
0
0
0.000211657
0.0120817 -0.000335801 -1.24048e-09 -0.000335801 0.0104214 -2.59984e-07 -1.24048e-09 -2.59984e-07 1.03522e-06 
186
0
0
0.000110483
0.0120817 -0.000335795 -1.23708e-09 -0.000335795 0.0104214 -2.59985e-07 -1.23708e-09 -2.59985e-07 1.03522e-06 
187
0
0
-0.000234263
0.0120817 -0.000335794 -1.24095e-09 -0.000335794 0.0104214 -2.59983e-07 -1.24095e-09 -2.59983e-07 1.03522e-06 
188
0
0
0.000152351
0.0120817 -0.000335799 -1.24552e-09 -0.000335799 0.0104214 -2.59981e-07 -1.24552e-09 -2.59981e-07 1.03522e-06 
189
0
0
-0.00066993
0.0120817 -0.000335794 -1.24211e-09 -0.000335794 0.0104214 -2.5998e-07 -1.24211e-09 -2.5998e-07 1.03522e-06 
190
0
0
-0.000372416
0.0120817 -0.000335806 -1.24772e-09 -0.000335806 0.0104214 -2.59978e-07 -1.24772e-09 -2.59978e-07 1.03522e-06 
191
0
0
-0.000263322
0.0120817 -0.000335805 -1.24742e-09 -0.000335805 0.0104214 -2.59977e-07 -1.24742e-09 -2.59977e-07 1.03522e-06 
192
0
0
-0.000430022
0.0120817 -0.000335804 -1.24604e-09 -0.000335804 0.0104214 -2.59978e-07 -1.24604e-09 -2.59978e-07 1.03522e-06 
193
0
0
0.000195677
0.0120817 -0.000335806 -1.24645e-09 -0.000335806 0.0104214 -2.5998e-07 -1.24645e-09 -2.5998e-07 1.03522e-06 
194
0
0
-0.000255299
0.0120817 -0.000335796 -1.24089e-09 -0.000335796 0.0104214 -2.59982e-07 -1.24089e-09 -2.59982e-07 1.03522e-06 
195
0
0
-5.7082e-06
0.0120817 -0.0003358 -1.25027e-09 -0.0003358 0.0104214 -2.59983e-07 -1.25027e-09 -2.59983e-07 1.03522e-06 
196
0
0
-0.000556344
0.0120817 -0.000335797 -1.25487e-09 -0.000335797 0.0104214 -2.59984e-07 -1.25487e-09 -2.59984e-07 1.03522e-06 
197
0
0
-4.05876e-05
0.0120817 -0.000335805 -1.2617e-09 -0.000335805 0.0104214 -2.59984e-07 -1.2617e-09 -2.59984e-07 1.03522e-06 
198
0
0
-0.000594365
0.0120817 -0.0003358 -1.25946e-09 -0.0003358 0.0104214 -2.59984e-07 -1.25946e-09 -2.59984e-07 1.03522e-06 
199
0
0
-1.91507e-05
0.0120817 -0.000335807 -1.26445e-09 -0.000335807 0.0104214 -2.59982e-07 -1.26445e-09 -2.59982e-07 1.03522e-06 
200
0
0
-0.00109727
0.0120817 -0.0003358 -1.26273e-09 -0.0003358 0.0104214 -2.59981e-07 -1.26273e-09 -2.59981e-07 1.03522e-06 
201
0
0
0.000218855
0.0120817 -0.000335815 -1.27144e-09 -0.000335815 0.0104214 -2.59981e-07 -1.27144e-09 -2.59981e-07 1.03522e-06 
202
0
0
-0.000846521
0.0120817 -0.0003358 -1.26215e-09 -0.0003358 0.0104214 -2.59982e-07 -1.26215e-09 -2.59982e-07 1.03522e-06 
203
0
0
0.000140017
0.0120817 -0.000335811 -1.27413e-09 -0.000335811 0.0104214 -2.59987e-07 -1.27413e-09 -2.59987e-07 1.03522e-06 
204
0
0
1.8388e-05
0.0120817 -0.000335799 -1.27195e-09 -0.000335799 0.0104214 -2.59991e-07 -1.27195e-09 -2.59991e-07 1.03522e-06 
205
0
0
0.000168464
0.0120817 -0.000335797 -1.27258e-09 -0.000335797 0.0104214 -2.59993e-07 -1.27258e-09 -2.59993e-07 1.03522e-06 
206
0
0
0.00207824
0.0120817 -0.000335793 -1.27166e-09 -0.000335793 0.0104214 -2.59993e-07 -1.27166e-09 -2.59993e-07 1.03522e-06 
207
0
0
0.000295967
0.0120818 -0.000335762 -1.25561e-09 -0.000335762 0.0104214 -2.59993e-07 -1.25561e-09 -2.59993e-07 1.03522e-06 
208
0
0
-0.000363314
0.0120817 -0.000335778 -1.2658e-09 -0.000335778 0.0104214 -2.59994e-07 -1.2658e-09 -2.59994e-07 1.03522e-06 
209
0
0
0.000633006
0.0120817 -0.000335795 -1.27347e-09 -0.000335795 0.0104214 -2.59995e-07 -1.27347e-09 -2.59995e-07 1.03522e-06 
210
0
0
0.000154924
0.0120817 -0.000335785 -1.27712e-09 -0.000335785 0.0104214 -2.59991e-07 -1.27712e-09 -2.59991e-07 1.03522e-06 
211
0
0
0.000135427
0.0120817 -0.000335789 -1.2875e-09 -0.000335789 0.0104214 -2.5999e-07 -1.2875e-09 -2.5999e-07 1.03522e-06 
212
0
0
-0.000974992
0.0120817 -0.000335791 -1.29287e-09 -0.000335791 0.0104214 -2.59992e-07 -1.29287e-09 -2.59992e-07 1.03522e-06 
213
0
0
-7.58142e-05
0.0120817 -0.000335809 -1.30368e-09 -0.000335809 0.0104214 -2.59994e-07 -1.30368e-09 -2.59994e-07 1.03522e-06 
214
0
0
-7.7599e-05
0.0120817 -0.000335802 -1.29889e-09 -0.000335802 0.0104214 -2.59993e-07 -1.29889e-09 -2.59993e-07 1.03522e-06 
215
0
0
-8.73264e-05
0.0120817 -0.000335799 -1.29742e-09 -0.000335799 0.0104214 -2.5999e-07 -1.29742e-09 -2.5999e-07 1.03522e-06 
216
0
0
-0.00095288
0.0120817 -0.000335798 -1.29831e-09 -0.000335798 0.0104214 -2.59985e-07 -1.29831e-09 -2.59985e-07 1.03522e-06 
217
0
0
0.00123754
0.0120817 -0.000335812 -1.30801e-09 -0.000335812 0.0104214 -2.59982e-07 -1.30801e-09 -2.59982e-07 1.03522e-06 
218
0
0
0.000218004
0.0120817 -0.000335782 -1.29197e-09 -0.000335782 0.0104214 -2.59981e-07 -1.29197e-09 -2.59981e-07 1.03522e-06 
219
0
0
0.000413102
0.0120817 -0.000335787 -1.29356e-09 -0.000335787 0.0104214 -2.59982e-07 -1.29356e-09 -2.59982e-07 1.03522e-06 
220
0
0
-0.000276995
0.0120817 -0.000335786 -1.29257e-09 -0.000335786 0.0104214 -2.59984e-07 -1.29257e-09 -2.59984e-07 1.03522e-06 
221
0
0
-0.000371223
0.0120817 -0.000335796 -1.29789e-09 -0.000335796 0.0104214 -2.59987e-07 -1.29789e-09 -2.59987e-07 1.03522e-06 
222
0
0
0.000888356
0.0120817 -0.000335802 -1.29847e-09 -0.000335802 0.0104214 -2.59989e-07 -1.29847e-09 -2.59989e-07 1.03522e-06 
223
0
0
0.000677987
0.0120817 -0.000335784 -1.28616e-09 -0.000335784 0.0104214 -2.59989e-07 -1.28616e-09 -2.59989e-07 1.03522e-06 
224
0
0
0.000642467
0.0120817 -0.00033578 -1.28477e-09 -0.00033578 0.0104214 -2.59987e-07 -1.28477e-09 -2.59987e-07 1.03522e-06 
225
0
0
-0.000304504
0.0120817 -0.00033578 -1.28552e-09 -0.00033578 0.0104214 -2.59986e-07 -1.28552e-09 -2.59986e-07 1.03522e-06 
226
0
0
5.53786e-05
0.0120817 -0.000335794 -1.29366e-09 -0.000335794 0.0104214 -2.59985e-07 -1.29366e-09 -2.59985e-07 1.03522e-06 
227
0
0
0.000223088
0.0120817 -0.000335794 -1.29721e-09 -0.000335794 0.0104214 -2.59983e-07 -1.29721e-09 -2.59983e-07 1.03522e-06 
228
0
0
-0.000944365
0.0120817 -0.000335792 -1.29919e-09 -0.000335792 0.0104214 -2.59982e-07 -1.29919e-09 -2.59982e-07 1.03522e-06 
229
0
0
-0.000666556
0.0120817 -0.000335809 -1.31129e-09 -0.000335809 0.0104214 -2.59982e-07 -1.31129e-09 -2.59982e-07 1.03522e-06 
230
0
0
0.000181208
0.0120817 -0.000335811 -1.3134e-09 -0.000335811 0.0104214 -2.59983e-07 -1.3134e-09 -2.59983e-07 1.03522e-06 
231
0
0
0.000314313
0.0120817 -0.000335799 -1.30599e-09 -0.000335799 0.0104214 -2.59984e-07 -1.30599e-09 -2.59984e-07 1.03522e-06 
232
0
0
-0.000234811
0.0120817 -0.000335792 -1.30221e-09 -0.000335792 0.0104214 -2.59984e-07 -1.30221e-09 -2.59984e-07 1.03522e-06 
233
0
0
0.000180524
0.0120817 -0.000335798 -1.30618e-09 -0.000335798 0.0104214 -2.59984e-07 -1.30618e-09 -2.59984e-07 1.03522e-06 
234
0
0
-0.000922403
0.0120817 -0.000335794 -1.30458e-09 -0.000335794 0.0104214 -2.59984e-07 -1.30458e-09 -2.59984e-07 1.03522e-06 
235
0
0
0.000118864
0.0120817 -0.00033581 -1.31922e-09 -0.00033581 0.0104214 -2.59983e-07 -1.31922e-09 -2.59983e-07 1.03522e-06 
236
0
0
0.000243402
0.0120817 -0.000335799 -1.31645e-09 -0.000335799 0.0104214 -2.59981e-07 -1.31645e-09 -2.59981e-07 1.03522e-06 
237
0
0
0.000269006
0.0120817 -0.000335793 -1.31612e-09 -0.000335793 0.0104214 -2.5998e-07 -1.31612e-09 -2.5998e-07 1.03522e-06 
238
0
0
-0.00126563
0.0120817 -0.00033579 -1.31704e-09 -0.00033579 0.0104214 -2.5998e-07 -1.31704e-09 -2.5998e-07 1.03522e-06 
239
0
0
-0.0011151
0.0120817 -0.000335814 -1.3302e-09 -0.000335814 0.0104214 -2.5998e-07 -1.3302e-09 -2.5998e-07 1.03522e-06 
240
0
0
-0.000555413
0.0120817 -0.00033582 -1.33303e-09 -0.00033582 0.0104214 -2.5998e-07 -1.33303e-09 -2.5998e-07 1.03522e-06 
241
0
0
-0.000455433
0.0120817 -0.000335814 -1.32969e-09 -0.000335814 0.0104214 -2.5998e-07 -1.32969e-09 -2.5998e-07 1.03522e-06 
242
0
0
0.000689571
0.0120817 -0.00033581 -1.32918e-09 -0.00033581 0.0104214 -2.59979e-07 -1.32918e-09 -2.59979e-07 1.03522e-06 
243
0
0
0.000975997
0.0120817 -0.00033579 -1.32511e-09 -0.00033579 0.0104214 -2.59978e-07 -1.32511e-09 -2.59978e-07 1.03522e-06 
244
0
0
-0.000204123
0.0120817 -0.000335778 -1.32401e-09 -0.000335778 0.0104214 -2.59978e-07 -1.32401e-09 -2.59978e-07 1.03522e-06 
245
0
0
-0.00134559
0.0120817 -0.000335792 -1.33463e-09 -0.000335792 0.0104214 -2.5998e-07 -1.33463e-09 -2.5998e-07 1.03522e-06 
246
0
0
-0.000199777
0.0120817 -0.000335816 -1.34782e-09 -0.000335816 0.0104214 -2.59981e-07 -1.34782e-09 -2.59981e-07 1.03522e-06 
247
0
0
5.07139e-05
0.0120817 -0.000335806 -1.34395e-09 -0.000335806 0.0104214 -2.59981e-07 -1.34395e-09 -2.59981e-07 1.03522e-06 
248
0
0
-0.00062952
0.0120817 -0.000335799 -1.34157e-09 -0.000335799 0.0104214 -2.59981e-07 -1.34157e-09 -2.59981e-07 1.03522e-06 
249
0
0
-0.000543377
0.0120817 -0.000335807 -1.34641e-09 -0.000335807 0.0104214 -2.59981e-07 -1.34641e-09 -2.59981e-07 1.03522e-06 
250
0
0
-0.000491245
0.0120817 -0.000335809 -1.3481e-09 -0.000335809 0.0104214 -2.5998e-07 -1.3481e-09 -2.5998e-07 1.03522e-06 
251
0
0
-0.000153205
0.0120817 -0.000335808 -1.35749e-09 -0.000335808 0.0104214 -2.59983e-07 -1.35749e-09 -2.59983e-07 1.03522e-06 
252
0
0
-0.000695631
0.0120817 -0.000335803 -1.36092e-09 -0.000335803 0.0104214 -2.59984e-07 -1.36092e-09 -2.59984e-07 1.03522e-06 
253
0
0
0.000140365
0.0120817 -0.000335809 -1.36647e-09 -0.000335809 0.0104214 -2.59983e-07 -1.36647e-09 -2.59983e-07 1.03522e-06 
254
0
0
0.00134101
0.0120817 -0.000335799 -1.36219e-09 -0.000335799 0.0104214 -2.59983e-07 -1.36219e-09 -2.59983e-07 1.03522e-06 
255
0
0
0.00100671
0.0120817 -0.000335776 -1.3519e-09 -0.000335776 0.0104214 -2.59984e-07 -1.3519e-09 -2.59984e-07 1.03522e-06 
256
0
0
-0.000233366
0.0120818 -0.000335772 -1.35233e-09 -0.000335772 0.0104214 -2.59985e-07 -1.35233e-09 -2.59985e-07 1.03522e-06 
257
0
0
0.000407975
0.0120817 -0.00033579 -1.36131e-09 -0.00033579 0.0104214 -2.59986e-07 -1.36131e-09 -2.59986e-07 1.03522e-06 
258
0
0
0.000738132
0.0120817 -0.000335787 -1.35775e-09 -0.000335787 0.0104214 -2.59987e-07 -1.35775e-09 -2.59987e-07 1.03522e-06 
259
0
0
-0.00094109
0.0120817 -0.000335781 -1.3629e-09 -0.000335781 0.0104214 -2.5998e-07 -1.3629e-09 -2.5998e-07 1.03522e-06 
260
0
0
4.33217e-05
0.0120817 -0.000335805 -1.38314e-09 -0.000335805 0.0104214 -2.59976e-07 -1.38314e-09 -2.59976e-07 1.03522e-06 
261
0
0
0.000266346
0.0120817 -0.000335798 -1.38385e-09 -0.000335798 0.0104214 -2.59974e-07 -1.38385e-09 -2.59974e-07 1.03522e-06 
262
0
0
-0.000189866
0.0120817 -0.000335792 -1.38448e-09 -0.000335792 0.0104214 -2.59974e-07 -1.38448e-09 -2.59974e-07 1.03522e-06 
263
0
0
-0.000600936
0.0120817 -0.000335797 -1.39156e-09 -0.000335797 0.0104214 -2.59973e-07 -1.39156e-09 -2.59973e-07 1.03522e-06 
264
0
0
0.000871915
0.0120817 -0.000335806 -1.40006e-09 -0.000335806 0.0104214 -2.59973e-07 -1.40006e-09 -2.59973e-07 1.03522e-06 
265
0
0
-9.27871e-05
0.0120817 -0.000335786 -1.39046e-09 -0.000335786 0.0104214 -2.59974e-07 -1.39046e-09 -2.59974e-07 1.03522e-06 
266
0
0
-0.000390454
0.0120817 -0.000335793 -1.39508e-09 -0.000335793 0.0104214 -2.59973e-07 -1.39508e-09 -2.59973e-07 1.03522e-06 
267
0
0
-0.000112328
0.0120817 -0.000335801 -1.39106e-09 -0.000335801 0.0104214 -2.59971e-07 -1.39106e-09 -2.59971e-07 1.03522e-06 
268
0
0
0.00060441
0.0120817 -0.000335799 -1.38469e-09 -0.000335799 0.0104214 -2.5997e-07 -1.38469e-09 -2.5997e-07 1.03522e-06 
269
0
0
-0.000248716
0.0120817 -0.000335787 -1.37435e-09 -0.000335787 0.0104214 -2.59971e-07 -1.37435e-09 -2.59971e-07 1.03522e-06 
270
0
0
-0.000217631
0.0120817 -0.000335796 -1.37619e-09 -0.000335796 0.0104214 -2.59972e-07 -1.37619e-09 -2.59972e-07 1.03522e-06 
271
0
0
0.000409078
0.0120817 -0.000335799 -1.37559e-09 -0.000335799 0.0104214 -2.59973e-07 -1.37559e-09 -2.59973e-07 1.03522e-06 
272
0
0
-0.000184432
0.0120817 -0.000335791 -1.37026e-09 -0.000335791 0.0104214 -2.59975e-07 -1.37026e-09 -2.59975e-07 1.03522e-06 
273
0
0
9.63e-05
0.0120817 -0.000335797 -1.37328e-09 -0.000335797 0.0104214 -2.59977e-07 -1.37328e-09 -2.59977e-07 1.03522e-06 
274
0
0
-0.00020268
0.0120817 -0.000335794 -1.37123e-09 -0.000335794 0.0104214 -2.59976e-07 -1.37123e-09 -2.59976e-07 1.03522e-06 
275
0
0
-0.000152808
0.0120817 -0.000335798 -1.37327e-09 -0.000335798 0.0104214 -2.59971e-07 -1.37327e-09 -2.59971e-07 1.03522e-06 
276
0
0
0.000136434
0.0120817 -0.000335799 -1.37415e-09 -0.000335799 0.0104214 -2.59967e-07 -1.37415e-09 -2.59967e-07 1.03522e-06 
277
0
0
-0.000671199
0.0120817 -0.000335795 -1.3742e-09 -0.000335795 0.0104214 -2.59965e-07 -1.3742e-09 -2.59965e-07 1.03522e-06 
278
0
0
0.000494243
0.0120817 -0.000335806 -1.38297e-09 -0.000335806 0.0104214 -2.59966e-07 -1.38297e-09 -2.59966e-07 1.03522e-06 
279
0
0
0.000490034
0.0120817 -0.000335792 -1.37618e-09 -0.000335792 0.0104214 -2.59969e-07 -1.37618e-09 -2.59969e-07 1.03522e-06 
280
0
0
0.000810735
0.0120817 -0.000335786 -1.37336e-09 -0.000335786 0.0104214 -2.59971e-07 -1.37336e-09 -2.59971e-07 1.03522e-06 
281
0
0
-0.000360074
0.0120817 -0.000335779 -1.36988e-09 -0.000335779 0.0104214 -2.5997e-07 -1.36988e-09 -2.5997e-07 1.03522e-06 
282
0
0
-0.000236596
0.0120817 -0.000335795 -1.37998e-09 -0.000335795 0.0104214 -2.5997e-07 -1.37998e-09 -2.5997e-07 1.03522e-06 
283
0
0
0.000775991
0.0120817 -0.000335799 -1.37197e-09 -0.000335799 0.0104214 -2.5997e-07 -1.37197e-09 -2.5997e-07 1.03522e-06 
284
0
0
0.000346886
0.0120817 -0.000335785 -1.35661e-09 -0.000335785 0.0104214 -2.5997e-07 -1.35661e-09 -2.5997e-07 1.03522e-06 
285
0
0
-0.000154258
0.0120817 -0.000335786 -1.35325e-09 -0.000335786 0.0104214 -2.5997e-07 -1.35325e-09 -2.5997e-07 1.03522e-06 
286
0
0
-0.000170468
0.0120817 -0.000335794 -1.35608e-09 -0.000335794 0.0104214 -2.59971e-07 -1.35608e-09 -2.59971e-07 1.03522e-06 
287
0
0
0.000206291
0.0120817 -0.000335798 -1.35717e-09 -0.000335798 0.0104214 -2.59971e-07 -1.35717e-09 -2.59971e-07 1.03522e-06 
288
0
0
0.00066674
0.0120817 -0.000335793 -1.3543e-09 -0.000335793 0.0104214 -2.59971e-07 -1.3543e-09 -2.59971e-07 1.03522e-06 
289
0
0
-0.000851695
0.0120817 -0.000335784 -1.34867e-09 -0.000335784 0.0104214 -2.5997e-07 -1.34867e-09 -2.5997e-07 1.03522e-06 
290
0
0
-6.59383e-05
0.0120817 -0.000335805 -1.3597e-09 -0.000335805 0.0104214 -2.59969e-07 -1.3597e-09 -2.59969e-07 1.03522e-06 
291
0
0
0.000922737
0.0120817 -0.0003358 -1.35971e-09 -0.0003358 0.0104214 -2.59962e-07 -1.35971e-09 -2.59962e-07 1.03522e-06 
292
0
0
0.000402415
0.0120817 -0.000335783 -1.35287e-09 -0.000335783 0.0104214 -2.59957e-07 -1.35287e-09 -2.59957e-07 1.03522e-06 
293
0
0
-0.000472109
0.0120817 -0.000335784 -1.35289e-09 -0.000335784 0.0104214 -2.59954e-07 -1.35289e-09 -2.59954e-07 1.03522e-06 
294
0
0
0.000419315
0.0120817 -0.000335799 -1.36145e-09 -0.000335799 0.0104214 -2.59948e-07 -1.36145e-09 -2.59948e-07 1.03522e-06 
295
0
0
0.00108347
0.0120817 -0.00033579 -1.35872e-09 -0.00033579 0.0104214 -2.59944e-07 -1.35872e-09 -2.59944e-07 1.03522e-06 
296
0
0
-5.51606e-05
0.0120817 -0.000335776 -1.35338e-09 -0.000335776 0.0104214 -2.59938e-07 -1.35338e-09 -2.59938e-07 1.03522e-06 
297
0
0
-0.00105532
0.0120817 -0.000335789 -1.36055e-09 -0.000335789 0.0104214 -2.5993e-07 -1.36055e-09 -2.5993e-07 1.03522e-06 
298
0
0
0.000174519
0.0120817 -0.00033581 -1.37173e-09 -0.00033581 0.0104214 -2.59919e-07 -1.37173e-09 -2.59919e-07 1.03522e-06 
299
0
0
0.000300369
0.0120817 -0.000335798 -1.35858e-09 -0.000335798 0.0104214 -2.59907e-07 -1.35858e-09 -2.59907e-07 1.03522e-06 
300
0
0
-0.000382525
0.0120817 -0.000335792 -1.35279e-09 -0.000335792 0.0104214 -2.5989e-07 -1.35279e-09 -2.5989e-07 1.03522e-06 
301
0
0
5.83649e-05
0.0120817 -0.0003358 -1.35837e-09 -0.0003358 0.0104214 -2.59872e-07 -1.35837e-09 -2.59872e-07 1.03522e-06 
302
0
0
-0.00027122
0.0120817 -0.000335796 -1.35592e-09 -0.000335796 0.0104214 -2.59852e-07 -1.35592e-09 -2.59852e-07 1.03522e-06 
303
0
0
4.34398e-05
0.0120817 -0.0003358 -1.35721e-09 -0.0003358 0.0104214 -2.59829e-07 -1.35721e-09 -2.59829e-07 1.03522e-06 
304
0.055427
0
0.000116336
0.0120817 -0.000335797 -1.35537e-09 -0.000335797 0.0104214 -2.59804e-07 -1.35537e-09 -2.59804e-07 1.03522e-06 
305
0.0639254
0
0.000368916
0.0120817 -0.000335794 -1.35598e-09 -0.000335794 0.0104214 -2.5978e-07 -1.35598e-09 -2.5978e-07 1.03522e-06 
306
0.0657
0
-0.000460947
0.0120817 -0.000335789 -1.35485e-09 -0.000335789 0.0104214 -2.59758e-07 -1.35485e-09 -2.59758e-07 1.03522e-06 
307
0.0704962
0
0.00081719
