0
0
0
0.000602904
0.00632102 -7.44339e-05 -4.31087e-09 -7.44339e-05 0.0065425 -1.42373e-07 -4.31087e-09 -1.42373e-07 1.21851e-06 
1
0
0
-0.000178645
0.0093053 -0.000180887 -4.194e-09 -0.000180887 0.00905162 -1.84367e-07 -4.194e-09 -1.84367e-07 1.03651e-06 
2
0
0
0.000598626
0.0107701 -0.00025599 -3.71998e-09 -0.00025599 0.00996569 -2.08433e-07 -3.71998e-09 -2.08433e-07 1.03685e-06 
3
0
0
-0.000627911
0.0114639 -0.000297125 -3.28009e-09 -0.000297125 0.010272 -2.19355e-07 -3.28009e-09 -2.19355e-07 1.0371e-06 
4
0
0
-0.000483769
0.0117902 -0.000317562 -2.98095e-09 -0.000317562 0.0103719 -2.25018e-07 -2.98095e-09 -2.25018e-07 1.03671e-06 
5
0
0
-0.00121302
0.0119437 -0.000327288 -2.77272e-09 -0.000327288 0.0104043 -2.28812e-07 -2.77272e-09 -2.28812e-07 1.03631e-06 
6
0
0
-0.000560901
0.0120159 -0.000331841 -2.62103e-09 -0.000331841 0.0104149 -2.31898e-07 -2.62103e-09 -2.31898e-07 1.036e-06 
7
0
0
-0.00109714
0.01205 -0.00033394 -2.48964e-09 -0.00033394 0.0104185 -2.34645e-07 -2.48964e-09 -2.34645e-07 1.03576e-06 
8
0
0
-0.000597639
0.0120662 -0.000334921 -2.37871e-09 -0.000334921 0.0104197 -2.37165e-07 -2.37871e-09 -2.37165e-07 1.03558e-06 
9
0
0
-4.06396e-05
0.0120739 -0.000335369 -2.27255e-09 -0.000335369 0.0104202 -2.39489e-07 -2.27255e-09 -2.39489e-07 1.03545e-06 
10
0
0
0.000189484
0.0120777 -0.000335571 -2.17154e-09 -0.000335571 0.0104205 -2.41629e-07 -2.17154e-09 -2.41629e-07 1.03535e-06 
11
0
0
-0.000240052
0.0120795 -0.000335665 -2.0791e-09 -0.000335665 0.0104206 -2.43589e-07 -2.0791e-09 -2.43589e-07 1.03528e-06 
12
0
0
-0.000550805
0.0120804 -0.00033572 -2.00452e-09 -0.00033572 0.0104207 -2.45376e-07 -2.00452e-09 -2.45376e-07 1.03523e-06 
13
0
0
0.000810938
0.0120809 -0.000335752 -1.93589e-09 -0.000335752 0.0104208 -2.46998e-07 -1.93589e-09 -2.46998e-07 1.03519e-06 
14
0
0
-0.000148258
0.0120812 -0.000335748 -1.85882e-09 -0.000335748 0.0104209 -2.48464e-07 -1.85882e-09 -2.48464e-07 1.03517e-06 
15
0
0
0.000335498
0.0120814 -0.000335765 -1.80086e-09 -0.000335765 0.010421 -2.49783e-07 -1.80086e-09 -2.49783e-07 1.03515e-06 
16
0
0
-3.03636e-05
0.0120815 -0.000335766 -1.74107e-09 -0.000335766 0.010421 -2.50966e-07 -1.74107e-09 -2.50966e-07 1.03514e-06 
17
0
0
0.000278472
0.0120815 -0.000335774 -1.691e-09 -0.000335774 0.0104211 -2.52024e-07 -1.691e-09 -2.52024e-07 1.03514e-06 
18
0
0
0.000412165
0.0120816 -0.000335774 -1.64219e-09 -0.000335774 0.0104211 -2.52968e-07 -1.64219e-09 -2.52968e-07 1.03514e-06 
19
0
0
0.000586139
0.0120816 -0.000335773 -1.59861e-09 -0.000335773 0.0104212 -2.53808e-07 -1.59861e-09 -2.53808e-07 1.03514e-06 
20
0
0
0.000232645
0.0120817 -0.000335772 -1.55019e-09 -0.000335772 0.0104212 -2.54559e-07 -1.55019e-09 -2.54559e-07 1.03514e-06 
21
0
0
-0.000428298
0.0120817 -0.000335777 -1.51301e-09 -0.000335777 0.0104212 -2.55223e-07 -1.51301e-09 -2.55223e-07 1.03515e-06 
22
0
0
9.45284e-05
0.0120817 -0.000335791 -1.48623e-09 -0.000335791 0.0104213 -2.55809e-07 -1.48623e-09 -2.55809e-07 1.03515e-06 
23
0
0
-0.000228263
0.0120817 -0.000335788 -1.4558e-09 -0.000335788 0.0104213 -2.56325e-07 -1.4558e-09 -2.56325e-07 1.03516e-06 
24
0
0
-4.02088e-05
0.0120817 -0.000335793 -1.43386e-09 -0.000335793 0.0104213 -2.56779e-07 -1.43386e-09 -2.56779e-07 1.03516e-06 
25
0
0
-0.00042256
0.0120817 -0.000335792 -1.41225e-09 -0.000335792 0.0104213 -2.5718e-07 -1.41225e-09 -2.5718e-07 1.03517e-06 
26
0
0
-0.000125707
0.0120817 -0.000335799 -1.39647e-09 -0.000335799 0.0104213 -2.57532e-07 -1.39647e-09 -2.57532e-07 1.03517e-06 
27
0
0
-5.78285e-05
0.0120817 -0.000335797 -1.37829e-09 -0.000335797 0.0104214 -2.57841e-07 -1.37829e-09 -2.57841e-07 1.03518e-06 
28
0
0
0.000336958
0.0120817 -0.000335795 -1.3639e-09 -0.000335795 0.0104214 -2.58116e-07 -1.3639e-09 -2.58116e-07 1.03518e-06 
29
0
0
0.000366297
0.0120817 -0.000335789 -1.3491e-09 -0.000335789 0.0104214 -2.58357e-07 -1.3491e-09 -2.58357e-07 1.03519e-06 
30
0
0
0.000384145
0.0120817 -0.000335786 -1.33749e-09 -0.000335786 0.0104214 -2.58566e-07 -1.33749e-09 -2.58566e-07 1.03519e-06 
31
0
0
0.000353542
0.0120817 -0.000335785 -1.32814e-09 -0.000335785 0.0104214 -2.58749e-07 -1.32814e-09 -2.58749e-07 1.03519e-06 
32
0
0
0.000458929
0.0120817 -0.000335785 -1.32021e-09 -0.000335785 0.0104214 -2.58909e-07 -1.32021e-09 -2.58909e-07 1.0352e-06 
33
0
0
-0.000320701
0.0120817 -0.000335783 -1.31209e-09 -0.000335783 0.0104214 -2.59048e-07 -1.31209e-09 -2.59048e-07 1.0352e-06 
34
0
0
-0.0002982
0.0120817 -0.000335795 -1.31204e-09 -0.000335795 0.0104214 -2.59171e-07 -1.31204e-09 -2.59171e-07 1.0352e-06 
35
0
0
-0.000369569
0.0120817 -0.0003358 -1.30757e-09 -0.0003358 0.0104214 -2.59278e-07 -1.30757e-09 -2.59278e-07 1.0352e-06 
36
0
0
-0.000415815
0.0120817 -0.000335803 -1.31059e-09 -0.000335803 0.0104214 -2.59373e-07 -1.31059e-09 -2.59373e-07 1.03521e-06 
37
0
0
0.000232724
0.0120817 -0.000335804 -1.31199e-09 -0.000335804 0.0104214 -2.59456e-07 -1.31199e-09 -2.59456e-07 1.03521e-06 
38
0
0
-7.89548e-06
0.0120817 -0.000335795 -1.30576e-09 -0.000335795 0.0104214 -2.59527e-07 -1.30576e-09 -2.59527e-07 1.03521e-06 
39
0
0
0.000366914
0.0120817 -0.000335795 -1.30375e-09 -0.000335795 0.0104214 -2.5959e-07 -1.30375e-09 -2.5959e-07 1.03521e-06 
40
0
0
-0.000233483
0.0120817 -0.000335789 -1.29827e-09 -0.000335789 0.0104214 -2.59644e-07 -1.29827e-09 -2.59644e-07 1.03521e-06 
41
0
0
-0.000557472
0.0120817 -0.000335797 -1.29988e-09 -0.000335797 0.0104214 -2.59692e-07 -1.29988e-09 -2.59692e-07 1.03521e-06 
42
0
0
2.07129e-05
0.0120817 -0.000335805 -1.30199e-09 -0.000335805 0.0104214 -2.59733e-07 -1.30199e-09 -2.59733e-07 1.03521e-06 
43
0
0
-0.000224087
0.0120817 -0.000335799 -1.29676e-09 -0.000335799 0.0104214 -2.5977e-07 -1.29676e-09 -2.5977e-07 1.03522e-06 
44
0
0
-0.000299917
0.0120817 -0.0003358 -1.30067e-09 -0.0003358 0.0104214 -2.59801e-07 -1.30067e-09 -2.59801e-07 1.03522e-06 
45
0
0
-0.000218818
0.0120817 -0.000335802 -1.30359e-09 -0.000335802 0.0104214 -2.59828e-07 -1.30359e-09 -2.59828e-07 1.03522e-06 
46
0
0
-7.00195e-07
0.0120817 -0.000335801 -1.30423e-09 -0.000335801 0.0104214 -2.59852e-07 -1.30423e-09 -2.59852e-07 1.03522e-06 
47
0
0
-0.000179896
0.0120817 -0.000335798 -1.30214e-09 -0.000335798 0.0104214 -2.59872e-07 -1.30214e-09 -2.59872e-07 1.03522e-06 
48
0
0
3.75104e-05
0.0120817 -0.000335799 -1.3025e-09 -0.000335799 0.0104214 -2.5989e-07 -1.3025e-09 -2.5989e-07 1.03522e-06 
49
0
0
0.000227926
0.0120817 -0.000335796 -1.30052e-09 -0.000335796 0.0104214 -2.59905e-07 -1.30052e-09 -2.59905e-07 1.03522e-06 
50
0
0
0.000170054
0.0120817 -0.000335792 -1.2977e-09 -0.000335792 0.0104214 -2.59919e-07 -1.2977e-09 -2.59919e-07 1.03522e-06 
51
0
0
0.000424543
0.0120817 -0.000335792 -1.29626e-09 -0.000335792 0.0104214 -2.59931e-07 -1.29626e-09 -2.59931e-07 1.03522e-06 
52
0
0
-3.41504e-05
0.0120817 -0.000335787 -1.2932e-09 -0.000335787 0.0104214 -2.59941e-07 -1.2932e-09 -2.59941e-07 1.03522e-06 
53
0
0
0.000450187
0.0120817 -0.000335793 -1.29589e-09 -0.000335793 0.0104214 -2.59949e-07 -1.29589e-09 -2.59949e-07 1.03522e-06 
54
0
0
0.00155643
0.0120817 -0.000335787 -1.29198e-09 -0.000335787 0.0104214 -2.59956e-07 -1.29198e-09 -2.59956e-07 1.03522e-06 
55
0
0
0.001495
0.0120818 -0.000335768 -1.28107e-09 -0.000335768 0.0104214 -2.59962e-07 -1.28107e-09 -2.59962e-07 1.03522e-06 
56
0
0
-5.96303e-06
0.0120818 -0.000335761 -1.27744e-09 -0.000335761 0.0104214 -2.59968e-07 -1.27744e-09 -2.59968e-07 1.03522e-06 
57
0
0
0.000260742
0.0120817 -0.000335783 -1.28873e-09 -0.000335783 0.0104214 -2.59973e-07 -1.28873e-09 -2.59973e-07 1.03522e-06 
58
0
0
-0.000257624
0.0120817 -0.000335787 -1.28986e-09 -0.000335787 0.0104214 -2.59978e-07 -1.28986e-09 -2.59978e-07 1.03522e-06 
59
0
0
-0.000603271
0.0120817 -0.000335796 -1.29508e-09 -0.000335796 0.0104214 -2.59983e-07 -1.29508e-09 -2.59983e-07 1.03522e-06 
60
0
0
0.000187744
0.0120817 -0.000335805 -1.29521e-09 -0.000335805 0.0104214 -2.59986e-07 -1.29521e-09 -2.59986e-07 1.03522e-06 
61
0
0
-4.51674e-05
0.0120817 -0.000335796 -1.28701e-09 -0.000335796 0.0104214 -2.59989e-07 -1.28701e-09 -2.59989e-07 1.03522e-06 
62
0
0
-0.000562256
0.0120817 -0.000335797 -1.28537e-09 -0.000335797 0.0104214 -2.59992e-07 -1.28537e-09 -2.59992e-07 1.03522e-06 
63
0
0
0.000521224
0.0120817 -0.000335805 -1.28896e-09 -0.000335805 0.0104214 -2.59994e-07 -1.28896e-09 -2.59994e-07 1.03522e-06 
64
0
0
0.000439859
0.0120817 -0.000335791 -1.28062e-09 -0.000335791 0.0104214 -2.59996e-07 -1.28062e-09 -2.59996e-07 1.03522e-06 
65
0
0
-0.000343667
0.0120817 -0.000335787 -1.27844e-09 -0.000335787 0.0104214 -2.59998e-07 -1.27844e-09 -2.59998e-07 1.03522e-06 
66
0
0
0.000618623
0.0120817 -0.000335798 -1.28468e-09 -0.000335798 0.0104214 -2.6e-07 -1.28468e-09 -2.6e-07 1.03522e-06 
67
0
0
0.000299704
0.0120817 -0.000335787 -1.27884e-09 -0.000335787 0.0104214 -2.60002e-07 -1.27884e-09 -2.60002e-07 1.03522e-06 
68
0
0
0.000319227
0.0120817 -0.000335788 -1.27858e-09 -0.000335788 0.0104214 -2.60002e-07 -1.27858e-09 -2.60002e-07 1.03522e-06 
69
0
0
-4.29578e-05
0.0120817 -0.000335788 -1.27779e-09 -0.000335788 0.0104214 -2.60003e-07 -1.27779e-09 -2.60003e-07 1.03522e-06 
70
0
0
0.000268128
0.0120817 -0.000335793 -1.28044e-09 -0.000335793 0.0104214 -2.60003e-07 -1.28044e-09 -2.60003e-07 1.03522e-06 
71
0
0
2.08148e-05
0.0120817 -0.000335791 -1.27867e-09 -0.000335791 0.0104214 -2.60003e-07 -1.27867e-09 -2.60003e-07 1.03522e-06 
72
0
0
0.000416102
0.0120817 -0.000335793 -1.28057e-09 -0.000335793 0.0104214 -2.60004e-07 -1.28057e-09 -2.60004e-07 1.03522e-06 
73
0
0
-5.3221e-05
0.0120817 -0.000335788 -1.27811e-09 -0.000335788 0.0104214 -2.60005e-07 -1.27811e-09 -2.60005e-07 1.03522e-06 
74
0
0
1.05946e-05
0.0120817 -0.000335794 -1.28136e-09 -0.000335794 0.0104214 -2.60005e-07 -1.28136e-09 -2.60005e-07 1.03522e-06 
75
0
0
0.000767364
0.0120817 -0.000335795 -1.2821e-09 -0.000335795 0.0104214 -2.60005e-07 -1.2821e-09 -2.60005e-07 1.03522e-06 
76
0
0
1.28926e-05
0.0120817 -0.000335783 -1.28344e-09 -0.000335783 0.0104214 -2.60008e-07 -1.28344e-09 -2.60008e-07 1.03522e-06 
77
0
0
0.000673926
0.0120817 -0.000335791 -1.29308e-09 -0.000335791 0.0104214 -2.6001e-07 -1.29308e-09 -2.6001e-07 1.03522e-06 
78
0
0
4.63043e-05
0.0120817 -0.000335783 -1.29161e-09 -0.000335783 0.0104214 -2.60011e-07 -1.29161e-09 -2.60011e-07 1.03522e-06 
79
0
0
-0.000109057
0.0120817 -0.00033579 -1.29693e-09 -0.00033579 0.0104214 -2.60012e-07 -1.29693e-09 -2.60012e-07 1.03522e-06 
80
0
0
0.000125584
0.0120817 -0.000335795 -1.30033e-09 -0.000335795 0.0104214 -2.60013e-07 -1.30033e-09 -2.60013e-07 1.03522e-06 
81
0
0
-0.000529271
0.0120817 -0.000335794 -1.29943e-09 -0.000335794 0.0104214 -2.60012e-07 -1.29943e-09 -2.60012e-07 1.03522e-06 
82
0
0
0.000498062
0.0120817 -0.000335803 -1.30496e-09 -0.000335803 0.0104214 -2.60011e-07 -1.30496e-09 -2.60011e-07 1.03522e-06 
83
0
0
0.000665917
0.0120817 -0.000335791 -1.29977e-09 -0.000335791 0.0104214 -2.60011e-07 -1.29977e-09 -2.60011e-07 1.03522e-06 
84
0
0
-0.000535611
0.0120817 -0.000335783 -1.28534e-09 -0.000335783 0.0104214 -2.60017e-07 -1.28534e-09 -2.60017e-07 1.03522e-06 
85
0
0
4.30273e-05
0.0120817 -0.000335799 -1.28668e-09 -0.000335799 0.0104214 -2.60021e-07 -1.28668e-09 -2.60021e-07 1.03522e-06 
86
0
0
-0.000274383
0.0120817 -0.000335796 -1.28018e-09 -0.000335796 0.0104214 -2.60023e-07 -1.28018e-09 -2.60023e-07 1.03522e-06 
87
0
0
-0.000540012
0.0120817 -0.0003358 -1.27988e-09 -0.0003358 0.0104214 -2.60024e-07 -1.27988e-09 -2.60024e-07 1.03522e-06 
88
0
0
-0.000422462
0.0120817 -0.000335806 -1.28103e-09 -0.000335806 0.0104214 -2.60025e-07 -1.28103e-09 -2.60025e-07 1.03522e-06 
89
0
0
0.00167646
0.0120817 -0.000335806 -1.28058e-09 -0.000335806 0.0104214 -2.60025e-07 -1.28058e-09 -2.60025e-07 1.03522e-06 
90
0
0
0.000272942
0.0120817 -0.000335773 -1.26274e-09 -0.000335773 0.0104214 -2.60026e-07 -1.26274e-09 -2.60026e-07 1.03522e-06 
91
0
0
0.000427407
0.0120817 -0.000335783 -1.26875e-09 -0.000335783 0.0104214 -2.60026e-07 -1.26875e-09 -2.60026e-07 1.03522e-06 
92
0
0
-2.71907e-05
0.0120817 -0.000335784 -1.27275e-09 -0.000335784 0.0104214 -2.60028e-07 -1.27275e-09 -2.60028e-07 1.03522e-06 
93
0
0
-0.000229713
0.0120817 -0.000335792 -1.27956e-09 -0.000335792 0.0104214 -2.60029e-07 -1.27956e-09 -2.60029e-07 1.03522e-06 
94
0
0
3.87185e-05
0.0120817 -0.000335798 -1.28347e-09 -0.000335798 0.0104214 -2.6003e-07 -1.28347e-09 -2.6003e-07 1.03522e-06 
95
0
0
-0.000174179
0.0120817 -0.000335796 -1.2821e-09 -0.000335796 0.0104214 -2.60031e-07 -1.2821e-09 -2.60031e-07 1.03522e-06 
96
0
0
0.000363693
0.0120817 -0.000335799 -1.28361e-09 -0.000335799 0.0104214 -2.60031e-07 -1.28361e-09 -2.60031e-07 1.03522e-06 
97
0
0
-0.000188532
0.0120817 -0.000335791 -1.27971e-09 -0.000335791 0.0104214 -2.60032e-07 -1.27971e-09 -2.60032e-07 1.03522e-06 
98
0
0
0.000511104
0.0120817 -0.000335797 -1.28331e-09 -0.000335797 0.0104214 -2.60033e-07 -1.28331e-09 -2.60033e-07 1.03522e-06 
99
0
0
0.000188309
0.0120817 -0.000335788 -1.27857e-09 -0.000335788 0.0104214 -2.60034e-07 -1.27857e-09 -2.60034e-07 1.03522e-06 
100
0
0
-0.000331171
0.0120817 -0.00033579 -1.28579e-09 -0.00033579 0.0104214 -2.60035e-07 -1.28579e-09 -2.60035e-07 1.03522e-06 
101
0
0
0.000673635
0.0120817 -0.000335799 -1.29508e-09 -0.000335799 0.0104214 -2.60035e-07 -1.29508e-09 -2.60035e-07 1.03522e-06 
102
0
0
0.000302941
0.0120817 -0.000335786 -1.29055e-09 -0.000335786 0.0104214 -2.60036e-07 -1.29055e-09 -2.60036e-07 1.03522e-06 
103
0
0
0.000819119
0.0120817 -0.000335787 -1.29275e-09 -0.000335787 0.0104214 -2.60036e-07 -1.29275e-09 -2.60036e-07 1.03522e-06 
104
0
0
-0.000343676
0.0120817 -0.000335779 -1.28918e-09 -0.000335779 0.0104214 -2.60036e-07 -1.28918e-09 -2.60036e-07 1.03522e-06 
105
0
0
0.000508422
0.0120817 -0.000335795 -1.29767e-09 -0.000335795 0.0104214 -2.60036e-07 -1.29767e-09 -2.60036e-07 1.03522e-06 
106
0
0
-7.06852e-06
0.0120817 -0.000335787 -1.29287e-09 -0.000335787 0.0104214 -2.60036e-07 -1.29287e-09 -2.60036e-07 1.03522e-06 
107
0
0
-5.51437e-05
0.0120817 -0.000335793 -1.29553e-09 -0.000335793 0.0104214 -2.60036e-07 -1.29553e-09 -2.60036e-07 1.03522e-06 
108
0
0
1.38857e-05
0.0120817 -0.000335795 -1.29333e-09 -0.000335795 0.0104214 -2.60032e-07 -1.29333e-09 -2.60032e-07 1.03522e-06 
109
0
0
0.000212865
0.0120817 -0.000335795 -1.29039e-09 -0.000335795 0.0104214 -2.6003e-07 -1.29039e-09 -2.6003e-07 1.03522e-06 
110
0
0
-0.000159758
0.0120817 -0.000335792 -1.2868e-09 -0.000335792 0.0104214 -2.6003e-07 -1.2868e-09 -2.6003e-07 1.03522e-06 
111
0
0
-0.000228696
0.0120817 -0.000335797 -1.28786e-09 -0.000335797 0.0104214 -2.6003e-07 -1.28786e-09 -2.6003e-07 1.03522e-06 
112
0
0
-0.000314274
0.0120817 -0.0003358 -1.28848e-09 -0.0003358 0.0104214 -2.6003e-07 -1.28848e-09 -2.6003e-07 1.03522e-06 
113
0
0
-0.000267994
0.0120817 -0.000335802 -1.28959e-09 -0.000335802 0.0104214 -2.6003e-07 -1.28959e-09 -2.6003e-07 1.03522e-06 
114
0
0
0.000858944
0.0120817 -0.000335802 -1.28972e-09 -0.000335802 0.0104214 -2.60031e-07 -1.28972e-09 -2.60031e-07 1.03522e-06 
115
0
0
0.000273473
0.0120817 -0.000335785 -1.27985e-09 -0.000335785 0.0104214 -2.60031e-07 -1.27985e-09 -2.60031e-07 1.03522e-06 
116
0
0
-0.000694506
0.0120817 -0.000335787 -1.2833e-09 -0.000335787 0.0104214 -2.6003e-07 -1.2833e-09 -2.6003e-07 1.03522e-06 
117
0
0
-0.000255848
0.0120817 -0.000335803 -1.29311e-09 -0.000335803 0.0104214 -2.60029e-07 -1.29311e-09 -2.60029e-07 1.03522e-06 
118
0
0
-0.000121468
0.0120817 -0.000335803 -1.29238e-09 -0.000335803 0.0104214 -2.60029e-07 -1.29238e-09 -2.60029e-07 1.03522e-06 
119
0
0
-0.00023733
0.0120817 -0.0003358 -1.29106e-09 -0.0003358 0.0104214 -2.60029e-07 -1.29106e-09 -2.60029e-07 1.03522e-06 
120
0
0
6.60255e-06
0.0120817 -0.000335801 -1.29215e-09 -0.000335801 0.0104214 -2.60029e-07 -1.29215e-09 -2.60029e-07 1.03522e-06 
121
0
0
9.34601e-05
0.0120817 -0.000335798 -1.29104e-09 -0.000335798 0.0104214 -2.60029e-07 -1.29104e-09 -2.60029e-07 1.03522e-06 
122
0
0
-0.00083706
0.0120817 -0.000335795 -1.29058e-09 -0.000335795 0.0104214 -2.60029e-07 -1.29058e-09 -2.60029e-07 1.03522e-06 
123
0
0
-0.00117859
0.0120817 -0.000335809 -1.2988e-09 -0.000335809 0.0104214 -2.60029e-07 -1.2988e-09 -2.60029e-07 1.03522e-06 
124
0
0
-0.000843654
0.0120817 -0.000335819 -1.30441e-09 -0.000335819 0.0104214 -2.60028e-07 -1.30441e-09 -2.60028e-07 1.03522e-06 
125
0
0
-5.46484e-05
0.0120817 -0.000335818 -1.3042e-09 -0.000335818 0.0104214 -2.60028e-07 -1.3042e-09 -2.60028e-07 1.03522e-06 
126
0
0
0.00120428
0.0120817 -0.000335805 -1.29777e-09 -0.000335805 0.0104214 -2.60028e-07 -1.29777e-09 -2.60028e-07 1.03522e-06 
127
0
0
3.98454e-05
0.0120817 -0.00033578 -1.28526e-09 -0.00033578 0.0104214 -2.60029e-07 -1.28526e-09 -2.60029e-07 1.03522e-06 
128
0
0
-0.000768052
0.0120817 -0.000335789 -1.29124e-09 -0.000335789 0.0104214 -2.60029e-07 -1.29124e-09 -2.60029e-07 1.03522e-06 
129
0
0
0.000427503
0.0120817 -0.000335805 -1.3003e-09 -0.000335805 0.0104214 -2.60029e-07 -1.3003e-09 -2.60029e-07 1.03522e-06 
130
0
0
0.000390182
0.0120817 -0.000335793 -1.29277e-09 -0.000335793 0.0104214 -2.6003e-07 -1.29277e-09 -2.6003e-07 1.03522e-06 
131
0
0
0.000779684
0.0120817 -0.000335788 -1.29061e-09 -0.000335788 0.0104214 -2.6003e-07 -1.29061e-09 -2.6003e-07 1.03522e-06 
132
0
0
-0.000405013
0.0120817 -0.000335781 -1.29325e-09 -0.000335781 0.0104214 -2.60032e-07 -1.29325e-09 -2.60032e-07 1.03522e-06 
133
0
0
0.000163709
0.0120817 -0.000335796 -1.30725e-09 -0.000335796 0.0104214 -2.60034e-07 -1.30725e-09 -2.60034e-07 1.03522e-06 
134
0
0
-7.83293e-05
0.0120817 -0.000335793 -1.30819e-09 -0.000335793 0.0104214 -2.60035e-07 -1.30819e-09 -2.60035e-07 1.03522e-06 
135
0
0
0.000442502
0.0120817 -0.000335796 -1.31127e-09 -0.000335796 0.0104214 -2.60036e-07 -1.31127e-09 -2.60036e-07 1.03522e-06 
136
0
0
-0.000122998
0.0120817 -0.000335789 -1.30786e-09 -0.000335789 0.0104214 -2.60037e-07 -1.30786e-09 -2.60037e-07 1.03522e-06 
137
0
0
0.00063292
0.0120817 -0.000335795 -1.31123e-09 -0.000335795 0.0104214 -2.60037e-07 -1.31123e-09 -2.60037e-07 1.03522e-06 
138
0
0
-0.00103479
0.0120817 -0.000335785 -1.3059e-09 -0.000335785 0.0104214 -2.60037e-07 -1.3059e-09 -2.60037e-07 1.03522e-06 
139
0
0
-0.00113488
0.0120817 -0.000335808 -1.3154e-09 -0.000335808 0.0104214 -2.60037e-07 -1.3154e-09 -2.60037e-07 1.03522e-06 
140
0
0
-0.000688638
0.0120817 -0.000335818 -1.31817e-09 -0.000335818 0.0104214 -2.60037e-07 -1.31817e-09 -2.60037e-07 1.03522e-06 
141
0
0
0.0012063
0.0120817 -0.000335815 -1.31469e-09 -0.000335815 0.0104214 -2.60037e-07 -1.31469e-09 -2.60037e-07 1.03522e-06 
142
0
0
-0.000114292
0.0120817 -0.000335784 -1.29689e-09 -0.000335784 0.0104214 -2.60037e-07 -1.29689e-09 -2.60037e-07 1.03522e-06 
143
0
0
0.000462669
0.0120817 -0.000335793 -1.30247e-09 -0.000335793 0.0104214 -2.60037e-07 -1.30247e-09 -2.60037e-07 1.03522e-06 
144
0
0
-0.00114766
0.0120817 -0.000335787 -1.29959e-09 -0.000335787 0.0104214 -2.60039e-07 -1.29959e-09 -2.60039e-07 1.03522e-06 
145
0
0
-0.00142756
0.0120817 -0.000335811 -1.31472e-09 -0.000335811 0.0104214 -2.60043e-07 -1.31472e-09 -2.60043e-07 1.03522e-06 
146
0
0
0.000443918
0.0120817 -0.000335824 -1.32736e-09 -0.000335824 0.0104214 -2.60054e-07 -1.32736e-09 -2.60054e-07 1.03522e-06 
147
0
0
0.00276397
0.0120817 -0.000335799 -1.3133e-09 -0.000335799 0.0104214 -2.60073e-07 -1.3133e-09 -2.60073e-07 1.03522e-06 
148
0
0
0.00287678
0.0120818 -0.000335753 -1.28655e-09 -0.000335753 0.0104214 -2.60099e-07 -1.28655e-09 -2.60099e-07 1.03522e-06 
149
0
0
-0.000112689
0.0120818 -0.000335734 -1.27147e-09 -0.000335734 0.0104214 -2.60117e-07 -1.27147e-09 -2.60117e-07 1.03522e-06 
150
0
0
-0.00304604
0.0120818 -0.000335774 -1.2937e-09 -0.000335774 0.0104214 -2.60127e-07 -1.2937e-09 -2.60127e-07 1.03522e-06 
151
0
0
-0.00285962
0.0120817 -0.000335836 -1.33199e-09 -0.000335836 0.0104215 -2.60134e-07 -1.33199e-09 -2.60134e-07 1.03522e-06 
152
0
0
-0.00128039
0.0120817 -0.000335856 -1.34764e-09 -0.000335856 0.0104215 -2.60139e-07 -1.34764e-09 -2.60139e-07 1.03522e-06 
153
0
0
0.00137864
0.0120817 -0.000335839 -1.33907e-09 -0.000335839 0.0104215 -2.60144e-07 -1.33907e-09 -2.60144e-07 1.03522e-06 
154
0
0
0.00202382
0.0120817 -0.00033579 -1.30744e-09 -0.00033579 0.0104214 -2.60146e-07 -1.30744e-09 -2.60146e-07 1.03522e-06 
155
0
0
0.000656049
0.0120818 -0.000335762 -1.28724e-09 -0.000335762 0.0104214 -2.60143e-07 -1.28724e-09 -2.60143e-07 1.03522e-06 
156
0
0
-0.00178957
0.0120818 -0.000335772 -1.29641e-09 -0.000335772 0.0104214 -2.60119e-07 -1.29641e-09 -2.60119e-07 1.03522e-06 
157
0
0
-0.00172308
0.0120817 -0.000335815 -1.32461e-09 -0.000335815 0.0104214 -2.60097e-07 -1.32461e-09 -2.60097e-07 1.03522e-06 
158
0
0
-0.000898516
0.0120817 -0.00033583 -1.33433e-09 -0.00033583 0.0104215 -2.6008e-07 -1.33433e-09 -2.6008e-07 1.03522e-06 
159
0
0
-0.000658218
0.0120817 -0.000335823 -1.33109e-09 -0.000335823 0.0104214 -2.60063e-07 -1.33109e-09 -2.60063e-07 1.03522e-06 
160
0
0
0.000100065
0.0120817 -0.000335817 -1.32792e-09 -0.000335817 0.0104214 -2.60047e-07 -1.32792e-09 -2.60047e-07 1.03522e-06 
161
0
0
0.000726956
0.0120817 -0.000335802 -1.32101e-09 -0.000335802 0.0104214 -2.6003e-07 -1.32101e-09 -2.6003e-07 1.03522e-06 
162
0
0
0.000848103
0.0120817 -0.000335787 -1.31451e-09 -0.000335787 0.0104214 -2.60017e-07 -1.31451e-09 -2.60017e-07 1.03522e-06 
163
0
0
0.000228148
0.0120817 -0.000335779 -1.31155e-09 -0.000335779 0.0104214 -2.60005e-07 -1.31155e-09 -2.60005e-07 1.03522e-06 
164
0
0
-3.21645e-05
0.0120817 -0.000335786 -1.31538e-09 -0.000335786 0.0104214 -2.59992e-07 -1.31538e-09 -2.59992e-07 1.03522e-06 
165
0
0
0.000271945
0.0120817 -0.000335792 -1.31942e-09 -0.000335792 0.0104214 -2.59983e-07 -1.31942e-09 -2.59983e-07 1.03522e-06 
166
0
0
-0.00163178
0.0120817 -0.00033579 -1.31936e-09 -0.00033579 0.0104214 -2.59977e-07 -1.31936e-09 -2.59977e-07 1.03522e-06 
167
0
0
0.00114936
0.0120817 -0.000335819 -1.3358e-09 -0.000335819 0.0104214 -2.59974e-07 -1.3358e-09 -2.59974e-07 1.03522e-06 
168
0
0
0.000825079
0.0120817 -0.000335787 -1.31679e-09 -0.000335787 0.0104214 -2.59973e-07 -1.31679e-09 -2.59973e-07 1.03522e-06 
169
0
0
-0.000283848
0.0120817 -0.000335779 -1.31325e-09 -0.000335779 0.0104214 -2.59974e-07 -1.31325e-09 -2.59974e-07 1.03522e-06 
170
0
0
-0.000287816
0.0120817 -0.000335794 -1.32187e-09 -0.000335794 0.0104214 -2.59975e-07 -1.32187e-09 -2.59975e-07 1.03522e-06 
171
0
0
0.000459753
0.0120817 -0.0003358 -1.32775e-09 -0.0003358 0.0104214 -2.59983e-07 -1.32775e-09 -2.59983e-07 1.03522e-06 
172
0
0
0.000529479
0.0120817 -0.00033579 -1.32476e-09 -0.00033579 0.0104214 -2.59988e-07 -1.32476e-09 -2.59988e-07 1.03522e-06 
173
0
0
0.000516652
0.0120817 -0.000335785 -1.32446e-09 -0.000335785 0.0104214 -2.59993e-07 -1.32446e-09 -2.59993e-07 1.03522e-06 
174
0
0
-0.000802665
0.0120817 -0.000335783 -1.32572e-09 -0.000335783 0.0104214 -2.59997e-07 -1.32572e-09 -2.59997e-07 1.03522e-06 
175
0
0
-0.000621624
0.0120817 -0.000335804 -1.33799e-09 -0.000335804 0.0104214 -2.60001e-07 -1.33799e-09 -2.60001e-07 1.03522e-06 
176
0
0
8.05032e-05
0.0120817 -0.000335809 -1.34036e-09 -0.000335809 0.0104214 -2.60005e-07 -1.34036e-09 -2.60005e-07 1.03522e-06 
177
0
0
-0.00078283
0.0120817 -0.000335799 -1.33513e-09 -0.000335799 0.0104214 -2.60009e-07 -1.33513e-09 -2.60009e-07 1.03522e-06 
178
0
0
0.000254237
0.0120817 -0.000335809 -1.34088e-09 -0.000335809 0.0104214 -2.60012e-07 -1.34088e-09 -2.60012e-07 1.03522e-06 
179
0
0
0.000627497
0.0120817 -0.000335797 -1.33365e-09 -0.000335797 0.0104214 -2.60016e-07 -1.33365e-09 -2.60016e-07 1.03522e-06 
180
0
0
-0.000115906
0.0120817 -0.000335786 -1.33792e-09 -0.000335786 0.0104214 -2.60025e-07 -1.33792e-09 -2.60025e-07 1.03522e-06 
181
0
0
0.00045111
0.0120817 -0.000335794 -1.34996e-09 -0.000335794 0.0104214 -2.60033e-07 -1.34996e-09 -2.60033e-07 1.03522e-06 
182
0
0
-8.80225e-05
0.0120817 -0.000335788 -1.3506e-09 -0.000335788 0.0104214 -2.60038e-07 -1.3506e-09 -2.60038e-07 1.03522e-06 
183
0
0
-0.000622287
0.0120817 -0.000335794 -1.3567e-09 -0.000335794 0.0104214 -2.60041e-07 -1.3567e-09 -2.60041e-07 1.03522e-06 
184
0
0
3.38325e-05
0.0120817 -0.000335805 -1.36401e-09 -0.000335805 0.0104214 -2.60042e-07 -1.36401e-09 -2.60042e-07 1.03522e-06 
185
0
0
0.000172919
0.0120817 -0.000335799 -1.36115e-09 -0.000335799 0.0104214 -2.60042e-07 -1.36115e-09 -2.60042e-07 1.03522e-06 
186
0
0
-0.000470032
0.0120817 -0.000335794 -1.35945e-09 -0.000335794 0.0104214 -2.60042e-07 -1.35945e-09 -2.60042e-07 1.03522e-06 
187
0
0
-0.000339523
0.0120817 -0.000335802 -1.36352e-09 -0.000335802 0.0104214 -2.60036e-07 -1.36352e-09 -2.60036e-07 1.03522e-06 
188
0
0
-0.000113093
0.0120817 -0.000335804 -1.36311e-09 -0.000335804 0.0104214 -2.60032e-07 -1.36311e-09 -2.60032e-07 1.03522e-06 
189
0
0
0.000445381
0.0120817 -0.0003358 -1.36077e-09 -0.0003358 0.0104214 -2.60031e-07 -1.36077e-09 -2.60031e-07 1.03522e-06 
190
0
0
-0.000342147
0.0120817 -0.00033579 -1.35471e-09 -0.00033579 0.0104214 -2.6003e-07 -1.35471e-09 -2.6003e-07 1.03522e-06 
191
0
0
0.000125602
0.0120817 -0.000335799 -1.35911e-09 -0.000335799 0.0104214 -2.6003e-07 -1.35911e-09 -2.6003e-07 1.03522e-06 
192
0
0
0.000454208
0.0120817 -0.000335795 -1.35657e-09 -0.000335795 0.0104214 -2.6003e-07 -1.35657e-09 -2.6003e-07 1.03522e-06 
193
0
0
-5.25131e-05
0.0120817 -0.000335788 -1.35295e-09 -0.000335788 0.0104214 -2.6003e-07 -1.35295e-09 -2.6003e-07 1.03522e-06 
194
0
0
-0.000448721
0.0120817 -0.000335794 -1.3561e-09 -0.000335794 0.0104214 -2.6003e-07 -1.3561e-09 -2.6003e-07 1.03522e-06 
195
0
0
-0.000230188
0.0120817 -0.000335802 -1.36068e-09 -0.000335802 0.0104214 -2.60031e-07 -1.36068e-09 -2.60031e-07 1.03522e-06 
196
0
0
6.12532e-05
0.0120817 -0.000335802 -1.35085e-09 -0.000335802 0.0104214 -2.60034e-07 -1.35085e-09 -2.60034e-07 1.03522e-06 
197
0
0
0.000287397
0.0120817 -0.000335797 -1.34109e-09 -0.000335797 0.0104214 -2.60036e-07 -1.34109e-09 -2.60036e-07 1.03522e-06 
198
0
0
-0.000778958
0.0120817 -0.000335792 -1.334e-09 -0.000335792 0.0104214 -2.60037e-07 -1.334e-09 -2.60037e-07 1.03522e-06 
199
0
0
0.000613924
0.0120817 -0.000335806 -1.3398e-09 -0.000335806 0.0104214 -2.60038e-07 -1.3398e-09 -2.60038e-07 1.03522e-06 
200
0
0
0.000498121
0.0120817 -0.00033579 -1.32909e-09 -0.00033579 0.0104214 -2.60039e-07 -1.32909e-09 -2.60039e-07 1.03522e-06 
201
0
0
1.03789e-05
0.0120817 -0.000335786 -1.32609e-09 -0.000335786 0.0104214 -2.60039e-07 -1.32609e-09 -2.60039e-07 1.03522e-06 
202
0
0
-0.000348635
0.0120817 -0.000335792 -1.32957e-09 -0.000335792 0.0104214 -2.60039e-07 -1.32957e-09 -2.60039e-07 1.03522e-06 
203
0
0
-0.000484466
0.0120817 -0.0003358 -1.33387e-09 -0.0003358 0.0104214 -2.60039e-07 -1.33387e-09 -2.60039e-07 1.03522e-06 
204
0
0
-0.000430904
0.0120817 -0.000335805 -1.34264e-09 -0.000335805 0.0104214 -2.6004e-07 -1.34264e-09 -2.6004e-07 1.03522e-06 
205
0
0
-0.000746255
0.0120817 -0.000335806 -1.34738e-09 -0.000335806 0.0104214 -2.60041e-07 -1.34738e-09 -2.60041e-07 1.03522e-06 
206
0
0
-0.000444265
0.0120817 -0.000335811 -1.35276e-09 -0.000335811 0.0104214 -2.60042e-07 -1.35276e-09 -2.60042e-07 1.03522e-06 
207
0
0
8.37157e-06
0.0120817 -0.000335809 -1.35232e-09 -0.000335809 0.0104214 -2.60042e-07 -1.35232e-09 -2.60042e-07 1.03522e-06 
208
0
0
-0.000379927
0.0120817 -0.0003358 -1.34851e-09 -0.0003358 0.0104214 -2.60042e-07 -1.34851e-09 -2.60042e-07 1.03522e-06 
209
0
0
0.000260962
0.0120817 -0.000335804 -1.35052e-09 -0.000335804 0.0104214 -2.60043e-07 -1.35052e-09 -2.60043e-07 1.03522e-06 
210
0
0
-0.00010388
0.0120817 -0.000335794 -1.34592e-09 -0.000335794 0.0104214 -2.60043e-07 -1.34592e-09 -2.60043e-07 1.03522e-06 
211
0
0
0.000228674
0.0120817 -0.000335797 -1.35771e-09 -0.000335797 0.0104214 -2.60043e-07 -1.35771e-09 -2.60043e-07 1.03522e-06 
212
0
0
-7.30645e-05
0.0120817 -0.000335792 -1.36242e-09 -0.000335792 0.0104214 -2.60044e-07 -1.36242e-09 -2.60044e-07 1.03522e-06 
213
0
0
0.000355119
0.0120817 -0.000335796 -1.36841e-09 -0.000335796 0.0104214 -2.60044e-07 -1.36841e-09 -2.60044e-07 1.03522e-06 
214
0
0
0.000191532
0.0120817 -0.00033579 -1.36721e-09 -0.00033579 0.0104214 -2.60044e-07 -1.36721e-09 -2.60044e-07 1.03522e-06 
215
0
0
-0.000316365
0.0120817 -0.00033579 -1.36883e-09 -0.00033579 0.0104214 -2.60045e-07 -1.36883e-09 -2.60045e-07 1.03522e-06 
216
0
0
0.000644389
0.0120817 -0.000335799 -1.37377e-09 -0.000335799 0.0104214 -2.60045e-07 -1.37377e-09 -2.60045e-07 1.03522e-06 
217
0
0
-0.000361028
0.0120817 -0.000335787 -1.36719e-09 -0.000335787 0.0104214 -2.60046e-07 -1.36719e-09 -2.60046e-07 1.03522e-06 
218
0
0
0.000180207
0.0120817 -0.000335798 -1.37367e-09 -0.000335798 0.0104214 -2.60046e-07 -1.37367e-09 -2.60046e-07 1.03522e-06 
219
0
0
8.01355e-05
0.0120817 -0.000335794 -1.37208e-09 -0.000335794 0.0104214 -2.60045e-07 -1.37208e-09 -2.60045e-07 1.03522e-06 
220
0
0
0.000562853
0.0120817 -0.000335794 -1.37301e-09 -0.000335794 0.0104214 -2.60045e-07 -1.37301e-09 -2.60045e-07 1.03522e-06 
221
0
0
0.000591969
0.0120817 -0.000335786 -1.36983e-09 -0.000335786 0.0104214 -2.60045e-07 -1.36983e-09 -2.60045e-07 1.03522e-06 
222
0
0
0.000152952
0.0120817 -0.000335783 -1.36944e-09 -0.000335783 0.0104214 -2.60045e-07 -1.36944e-09 -2.60045e-07 1.03522e-06 
223
0
0
0.000164933
0.0120817 -0.000335788 -1.37335e-09 -0.000335788 0.0104214 -2.60045e-07 -1.37335e-09 -2.60045e-07 1.03522e-06 
224
0
0
2.26373e-05
0.0120817 -0.00033579 -1.37495e-09 -0.00033579 0.0104214 -2.60046e-07 -1.37495e-09 -2.60046e-07 1.03522e-06 
225
0
0
-0.000510603
0.0120817 -0.000335793 -1.37708e-09 -0.000335793 0.0104214 -2.60046e-07 -1.37708e-09 -2.60046e-07 1.03522e-06 
226
0
0
8.98699e-05
0.0120817 -0.000335803 -1.3828e-09 -0.000335803 0.0104214 -2.60046e-07 -1.3828e-09 -2.60046e-07 1.03522e-06 
227
0
0
-0.000205917
0.0120817 -0.000335797 -1.3794e-09 -0.000335797 0.0104214 -2.60046e-07 -1.3794e-09 -2.60046e-07 1.03522e-06 
228
0
0
0.000656568
0.0120817 -0.000335799 -1.38034e-09 -0.000335799 0.0104214 -2.60045e-07 -1.38034e-09 -2.60045e-07 1.03522e-06 
229
0
0
-0.000320862
0.0120817 -0.000335787 -1.37328e-09 -0.000335787 0.0104214 -2.60045e-07 -1.37328e-09 -2.60045e-07 1.03522e-06 
230
0
0
-0.000712993
0.0120817 -0.000335797 -1.37916e-09 -0.000335797 0.0104214 -2.60045e-07 -1.37916e-09 -2.60045e-07 1.03522e-06 
231
0
0
0.00015567
0.0120817 -0.000335808 -1.38414e-09 -0.000335808 0.0104214 -2.60045e-07 -1.38414e-09 -2.60045e-07 1.03522e-06 
232
0
0
0.000847409
0.0120817 -0.000335798 -1.37782e-09 -0.000335798 0.0104214 -2.60045e-07 -1.37782e-09 -2.60045e-07 1.03522e-06 
233
0
0
-0.000402038
0.0120817 -0.000335783 -1.36971e-09 -0.000335783 0.0104214 -2.60045e-07 -1.36971e-09 -2.60045e-07 1.03522e-06 
234
0
0
-0.000826776
0.0120817 -0.000335797 -1.37815e-09 -0.000335797 0.0104214 -2.60046e-07 -1.37815e-09 -2.60046e-07 1.03522e-06 
235
0
0
-0.000429748
0.0120817 -0.000335809 -1.38479e-09 -0.000335809 0.0104214 -2.60046e-07 -1.38479e-09 -2.60046e-07 1.03522e-06 
236
0
0
1.10598e-05
0.0120817 -0.000335808 -1.38223e-09 -0.000335808 0.0104214 -2.60043e-07 -1.38223e-09 -2.60043e-07 1.03522e-06 
237
0
0
8.89133e-05
0.0120817 -0.0003358 -1.37685e-09 -0.0003358 0.0104214 -2.60041e-07 -1.37685e-09 -2.60041e-07 1.03522e-06 
238
0
0
0.000115932
0.0120817 -0.000335796 -1.37365e-09 -0.000335796 0.0104214 -2.6004e-07 -1.37365e-09 -2.6004e-07 1.03522e-06 
239
0
0
-5.35172e-05
0.0120817 -0.000335794 -1.372e-09 -0.000335794 0.0104214 -2.6004e-07 -1.372e-09 -2.6004e-07 1.03522e-06 
240
0
0
0.000387105
0.0120817 -0.000335796 -1.37295e-09 -0.000335796 0.0104214 -2.60041e-07 -1.37295e-09 -2.60041e-07 1.03522e-06 
241
0
0
-0.000556752
0.0120817 -0.00033579 -1.36944e-09 -0.00033579 0.0104214 -2.60042e-07 -1.36944e-09 -2.60042e-07 1.03522e-06 
242
0
0
-0.000531859
0.0120817 -0.000335802 -1.37579e-09 -0.000335802 0.0104214 -2.60042e-07 -1.37579e-09 -2.60042e-07 1.03522e-06 
243
0
0
-0.000768917
0.0120817 -0.000335807 -1.37708e-09 -0.000335807 0.0104214 -2.60043e-07 -1.37708e-09 -2.60043e-07 1.03522e-06 
244
0
0
-0.000803071
0.0120817 -0.000335812 -1.36798e-09 -0.000335812 0.0104214 -2.60035e-07 -1.36798e-09 -2.60035e-07 1.03522e-06 
245
0
0
-0.000228433
0.0120817 -0.000335815 -1.36093e-09 -0.000335815 0.0104214 -2.6003e-07 -1.36093e-09 -2.6003e-07 1.03522e-06 
246
0
0
-8.31844e-05
0.0120817 -0.000335806 -1.35147e-09 -0.000335806 0.0104214 -2.60027e-07 -1.35147e-09 -2.60027e-07 1.03522e-06 
247
0
0
0.000236722
0.0120817 -0.000335801 -1.34556e-09 -0.000335801 0.0104214 -2.60026e-07 -1.34556e-09 -2.60026e-07 1.03522e-06 
248
0
0
0.000201195
0.0120817 -0.000335794 -1.33967e-09 -0.000335794 0.0104214 -2.60026e-07 -1.33967e-09 -2.60026e-07 1.03522e-06 
249
0
0
0.000669475
0.0120817 -0.000335792 -1.3371e-09 -0.000335792 0.0104214 -2.60025e-07 -1.3371e-09 -2.60025e-07 1.03522e-06 
250
0
0
7.37002e-05
0.0120817 -0.000335784 -1.33173e-09 -0.000335784 0.0104214 -2.60025e-07 -1.33173e-09 -2.60025e-07 1.03522e-06 
251
0
0
-4.20869e-06
0.0120817 -0.00033579 -1.33396e-09 -0.00033579 0.0104214 -2.60025e-07 -1.33396e-09 -2.60025e-07 1.03522e-06 
252
0
0
0.000149065
0.0120817 -0.000335794 -1.34042e-09 -0.000335794 0.0104214 -2.60025e-07 -1.34042e-09 -2.60025e-07 1.03522e-06 
253
0
0
0.000324119
0.0120817 -0.000335792 -1.34343e-09 -0.000335792 0.0104214 -2.60024e-07 -1.34343e-09 -2.60024e-07 1.03522e-06 
254
0
0
-0.00034716
0.0120817 -0.000335789 -1.34446e-09 -0.000335789 0.0104214 -2.60024e-07 -1.34446e-09 -2.60024e-07 1.03522e-06 
255
0
0
0.000998214
0.0120817 -0.000335799 -1.35113e-09 -0.000335799 0.0104214 -2.60024e-07 -1.35113e-09 -2.60024e-07 1.03522e-06 
256
0
0
-0.000320439
0.0120817 -0.000335781 -1.3418e-09 -0.000335781 0.0104214 -2.60024e-07 -1.3418e-09 -2.60024e-07 1.03522e-06 
257
0
0
-0.00116914
0.0120817 -0.000335795 -1.35044e-09 -0.000335795 0.0104214 -2.60024e-07 -1.35044e-09 -2.60024e-07 1.03522e-06 
258
0
0
-0.000124188
0.0120817 -0.000335814 -1.36073e-09 -0.000335814 0.0104214 -2.60025e-07 -1.36073e-09 -2.60025e-07 1.03522e-06 
259
0
0
-0.00012218
0.0120817 -0.000335805 -1.35482e-09 -0.000335805 0.0104214 -2.60025e-07 -1.35482e-09 -2.60025e-07 1.03522e-06 
260
0
0
0.000169135
0.0120817 -0.000335801 -1.35745e-09 -0.000335801 0.0104214 -2.60022e-07 -1.35745e-09 -2.60022e-07 1.03522e-06 
261
0
0
0.000180308
0.0120817 -0.000335795 -1.35786e-09 -0.000335795 0.0104214 -2.6002e-07 -1.35786e-09 -2.6002e-07 1.03522e-06 
262
0
0
0.000357664
0.0120817 -0.000335793 -1.35899e-09 -0.000335793 0.0104214 -2.60019e-07 -1.35899e-09 -2.60019e-07 1.03522e-06 
263
0
0
0.00041158
0.0120817 -0.000335789 -1.35853e-09 -0.000335789 0.0104214 -2.60019e-07 -1.35853e-09 -2.60019e-07 1.03522e-06 
264
0
0
-0.000151358
0.0120817 -0.000335786 -1.35793e-09 -0.000335786 0.0104214 -2.60019e-07 -1.35793e-09 -2.60019e-07 1.03522e-06 
265
0
0
0.000646441
0.0120817 -0.000335795 -1.36226e-09 -0.000335795 0.0104214 -2.60018e-07 -1.36226e-09 -2.60018e-07 1.03522e-06 
266
0
0
0.000710562
0.0120817 -0.000335785 -1.35677e-09 -0.000335785 0.0104214 -2.60018e-07 -1.35677e-09 -2.60018e-07 1.03522e-06 
267
0
0
0.000824155
0.0120817 -0.00033578 -1.35301e-09 -0.00033578 0.0104214 -2.60017e-07 -1.35301e-09 -2.60017e-07 1.03522e-06 
268
0
0
-0.00046544
0.0120817 -0.000335777 -1.34976e-09 -0.000335777 0.0104214 -2.60016e-07 -1.34976e-09 -2.60016e-07 1.03522e-06 
269
0
0
-0.000428152
0.0120817 -0.000335796 -1.35981e-09 -0.000335796 0.0104214 -2.60016e-07 -1.35981e-09 -2.60016e-07 1.03522e-06 
270
0
0
0.000363353
0.0120817 -0.000335803 -1.36281e-09 -0.000335803 0.0104214 -2.60016e-07 -1.36281e-09 -2.60016e-07 1.03522e-06 
271
0
0
-3.68253e-05
0.0120817 -0.000335792 -1.35749e-09 -0.000335792 0.0104214 -2.60016e-07 -1.35749e-09 -2.60016e-07 1.03522e-06 
272
0
0
0.000123556
0.0120817 -0.000335795 -1.35925e-09 -0.000335795 0.0104214 -2.60016e-07 -1.35925e-09 -2.60016e-07 1.03522e-06 
273
0
0
0.000510083
0.0120817 -0.000335793 -1.35857e-09 -0.000335793 0.0104214 -2.60016e-07 -1.35857e-09 -2.60016e-07 1.03522e-06 
274
0
0
0.000874619
0.0120817 -0.000335787 -1.35526e-09 -0.000335787 0.0104214 -2.60016e-07 -1.35526e-09 -2.60016e-07 1.03522e-06 
275
0
0
0.000543492
0.0120817 -0.000335778 -1.35497e-09 -0.000335778 0.0104214 -2.60015e-07 -1.35497e-09 -2.60015e-07 1.03522e-06 
276
0
0
0.000258298
0.0120817 -0.00033578 -1.35942e-09 -0.00033578 0.0104214 -2.60015e-07 -1.35942e-09 -2.60015e-07 1.03522e-06 
277
0
0
0.000515898
0.0120817 -0.000335786 -1.36399e-09 -0.000335786 0.0104214 -2.60015e-07 -1.36399e-09 -2.60015e-07 1.03522e-06 
278
0
0
5.60114e-05
0.0120817 -0.000335784 -1.36365e-09 -0.000335784 0.0104214 -2.60015e-07 -1.36365e-09 -2.60015e-07 1.03522e-06 
279
0
0
0.000427832
0.0120817 -0.00033579 -1.36791e-09 -0.00033579 0.0104214 -2.60015e-07 -1.36791e-09 -2.60015e-07 1.03522e-06 
280
0
0
0.000480839
0.0120817 -0.000335787 -1.3663e-09 -0.000335787 0.0104214 -2.60016e-07 -1.3663e-09 -2.60016e-07 1.03522e-06 
281
0
0
-0.000120735
0.0120817 -0.000335785 -1.36529e-09 -0.000335785 0.0104214 -2.60017e-07 -1.36529e-09 -2.60017e-07 1.03522e-06 
282
0
0
0.000924365
0.0120817 -0.000335793 -1.37051e-09 -0.000335793 0.0104214 -2.60017e-07 -1.37051e-09 -2.60017e-07 1.03522e-06 
283
0
0
0.000661531
0.0120817 -0.00033578 -1.36296e-09 -0.00033578 0.0104214 -2.60016e-07 -1.36296e-09 -2.60016e-07 1.03522e-06 
284
0
0
0.00108913
0.0120817 -0.000335779 -1.36269e-09 -0.000335779 0.0104214 -2.60016e-07 -1.36269e-09 -2.60016e-07 1.03522e-06 
285
0
0
0.00148136
0.0120818 -0.000335772 -1.35881e-09 -0.000335772 0.0104214 -2.60015e-07 -1.35881e-09 -2.60015e-07 1.03522e-06 
286
0
0
0.000567745
0.0120818 -0.000335763 -1.35379e-09 -0.000335763 0.0104214 -2.60015e-07 -1.35379e-09 -2.60015e-07 1.03522e-06 
287
0
0
0.000284179
0.0120818 -0.000335774 -1.36025e-09 -0.000335774 0.0104214 -2.60015e-07 -1.36025e-09 -2.60015e-07 1.03522e-06 
288
0
0
-0.00022992
0.0120817 -0.000335783 -1.36476e-09 -0.000335783 0.0104214 -2.60015e-07 -1.36476e-09 -2.60015e-07 1.03522e-06 
289
0
0
8.26343e-05
0.0120817 -0.000335794 -1.37045e-09 -0.000335794 0.0104214 -2.60016e-07 -1.37045e-09 -2.60016e-07 1.03522e-06 
290
0
0
-0.000725073
0.0120817 -0.000335794 -1.37e-09 -0.000335794 0.0104214 -2.60016e-07 -1.37e-09 -2.60016e-07 1.03522e-06 
291
0
0
0.000210027
0.0120817 -0.000335806 -1.37496e-09 -0.000335806 0.0104214 -2.60015e-07 -1.37496e-09 -2.60015e-07 1.03522e-06 
292
0
0
9.60048e-05
0.0120817 -0.000335796 -1.36798e-09 -0.000335796 0.0104214 -2.60014e-07 -1.36798e-09 -2.60014e-07 1.03522e-06 
293
0
0
-0.000161462
0.0120817 -0.000335794 -1.36703e-09 -0.000335794 0.0104214 -2.60013e-07 -1.36703e-09 -2.60013e-07 1.03522e-06 
294
0
0
0.000453965
0.0120817 -0.000335798 -1.36895e-09 -0.000335798 0.0104214 -2.60012e-07 -1.36895e-09 -2.60012e-07 1.03522e-06 
295
0
0
0.000847881
0.0120817 -0.000335789 -1.36367e-09 -0.000335789 0.0104214 -2.60013e-07 -1.36367e-09 -2.60013e-07 1.03522e-06 
296
0
0
0.000500519
0.0120817 -0.00033578 -1.35786e-09 -0.00033578 0.0104214 -2.60013e-07 -1.35786e-09 -2.60013e-07 1.03522e-06 
297
0
0
-0.000107497
0.0120817 -0.000335782 -1.35888e-09 -0.000335782 0.0104214 -2.60013e-07 -1.35888e-09 -2.60013e-07 1.03522e-06 
298
0
0
0.000906353
0.0120817 -0.000335792 -1.36453e-09 -0.000335792 0.0104214 -2.60013e-07 -1.36453e-09 -2.60013e-07 1.03522e-06 
299
0
0
0.000419439
0.0120817 -0.00033578 -1.35562e-09 -0.00033578 0.0104214 -2.60013e-07 -1.35562e-09 -2.60013e-07 1.03522e-06 
300
0
0
-0.00011762
0.0120817 -0.000335783 -1.35636e-09 -0.000335783 0.0104214 -2.60014e-07 -1.35636e-09 -2.60014e-07 1.03522e-06 
301
0
0
-0.000814279
0.0120817 -0.000335793 -1.36069e-09 -0.000335793 0.0104214 -2.60014e-07 -1.36069e-09 -2.60014e-07 1.03522e-06 
302
0
0
1.45602e-05
0.0120817 -0.000335807 -1.36753e-09 -0.000335807 0.0104214 -2.60013e-07 -1.36753e-09 -2.60013e-07 1.03522e-06 
303
0
0
-0.000748831
0.0120817 -0.0003358 -1.36294e-09 -0.0003358 0.0104214 -2.60013e-07 -1.36294e-09 -2.60013e-07 1.03522e-06 
304
0
0
-0.00046256
0.0120817 -0.000335809 -1.36804e-09 -0.000335809 0.0104214 -2.60013e-07 -1.36804e-09 -2.60013e-07 1.03522e-06 
305
0
0
0.000351912
0.0120817 -0.000335808 -1.3666e-09 -0.000335808 0.0104214 -2.60014e-07 -1.3666e-09 -2.60014e-07 1.03522e-06 
306
0
0
0.000805656
0.0120817 -0.000335795 -1.35905e-09 -0.000335795 0.0104214 -2.60014e-07 -1.35905e-09 -2.60014e-07 1.03522e-06 
307
0
0
-0.000276271
