0
0
0
-0.000688377
0.00632102 -7.44339e-05 -4.31087e-09 -7.44339e-05 0.0065425 -1.42373e-07 -4.31087e-09 -1.42373e-07 1.21851e-06 
1
0
0
0.000813732
0.0093053 -0.000180884 -4.21259e-09 -0.000180884 0.00905162 -1.84353e-07 -4.21259e-09 -1.84353e-07 1.03651e-06 
2
0
0
-0.00082219
0.0107701 -0.000255986 -3.74317e-09 -0.000255986 0.00996569 -2.08408e-07 -3.74317e-09 -2.08408e-07 1.03685e-06 
3
0
0
0.000241099
0.0114639 -0.000297135 -3.32268e-09 -0.000297135 0.010272 -2.19321e-07 -3.32268e-09 -2.19321e-07 1.0371e-06 
4
0
0
0.000730297
0.0117902 -0.000317556 -3.02149e-09 -0.000317556 0.0103719 -2.24981e-07 -3.02149e-09 -2.24981e-07 1.03671e-06 
5
0
0
-0.000283779
0.0119437 -0.000327269 -2.81212e-09 -0.000327269 0.0104043 -2.28774e-07 -2.81212e-09 -2.28774e-07 1.03631e-06 
6
0
0
0.000763596
0.0120159 -0.00033182 -2.6632e-09 -0.00033182 0.0104149 -2.31861e-07 -2.6632e-09 -2.31861e-07 1.036e-06 
7
0
0
0.000475868
0.01205 -0.000333912 -2.5317e-09 -0.000333912 0.0104184 -2.34609e-07 -2.5317e-09 -2.34609e-07 1.03576e-06 
8
0
0
2.50564e-05
0.0120662 -0.000334885 -2.42022e-09 -0.000334885 0.0104197 -2.37132e-07 -2.42022e-09 -2.37132e-07 1.03558e-06 
9
0
0
0.000393255
0.0120739 -0.000335345 -2.32165e-09 -0.000335345 0.0104202 -2.39459e-07 -2.32165e-09 -2.39459e-07 1.03545e-06 
10
0
0
-0.000512303
0.0120777 -0.000335555 -2.22603e-09 -0.000335555 0.0104204 -2.416e-07 -2.22603e-09 -2.416e-07 1.03535e-06 
11
0
0
0.000537277
0.0120795 -0.00033567 -2.14509e-09 -0.00033567 0.0104206 -2.43561e-07 -2.14509e-09 -2.43561e-07 1.03528e-06 
12
0
0
-0.000724918
0.0120804 -0.000335709 -2.05815e-09 -0.000335709 0.0104207 -2.45349e-07 -2.05815e-09 -2.45349e-07 1.03523e-06 
13
0
0
-0.00047196
0.0120809 -0.000335751 -1.99152e-09 -0.000335751 0.0104208 -2.46973e-07 -1.99152e-09 -2.46973e-07 1.03519e-06 
14
0
0
-0.000560552
0.0120812 -0.000335768 -1.92375e-09 -0.000335768 0.0104209 -2.48441e-07 -1.92375e-09 -2.48441e-07 1.03517e-06 
15
0
0
7.21533e-05
0.0120814 -0.000335779 -1.86223e-09 -0.000335779 0.010421 -2.49761e-07 -1.86223e-09 -2.49761e-07 1.03515e-06 
16
0
0
0.000613243
0.0120815 -0.000335776 -1.80161e-09 -0.000335776 0.010421 -2.50945e-07 -1.80161e-09 -2.50945e-07 1.03514e-06 
17
0
0
0.000334034
0.0120815 -0.000335768 -1.74522e-09 -0.000335768 0.0104211 -2.52003e-07 -1.74522e-09 -2.52003e-07 1.03514e-06 
18
0
0
0.000173243
0.0120816 -0.000335771 -1.70111e-09 -0.000335771 0.0104211 -2.52946e-07 -1.70111e-09 -2.52946e-07 1.03514e-06 
19
0
0
-0.000306518
0.0120816 -0.000335776 -1.66259e-09 -0.000335776 0.0104212 -2.53785e-07 -1.66259e-09 -2.53785e-07 1.03514e-06 
20
0
0
0.00103275
0.0120816 -0.000335787 -1.63118e-09 -0.000335787 0.0104212 -2.54531e-07 -1.63118e-09 -2.54531e-07 1.03514e-06 
21
0
0
0.00101882
0.0120817 -0.00033577 -1.58903e-09 -0.00033577 0.0104212 -2.55191e-07 -1.58903e-09 -2.55191e-07 1.03515e-06 
22
0
0
0.00113871
0.0120817 -0.000335765 -1.55753e-09 -0.000335765 0.0104213 -2.55774e-07 -1.55753e-09 -2.55774e-07 1.03515e-06 
23
0
0
-0.000353492
0.0120817 -0.000335762 -1.53128e-09 -0.000335762 0.0104213 -2.56289e-07 -1.53128e-09 -2.56289e-07 1.03516e-06 
24
0
0
-0.00083858
0.0120817 -0.000335785 -1.52197e-09 -0.000335785 0.0104213 -2.56744e-07 -1.52197e-09 -2.56744e-07 1.03516e-06 
25
0
0
-0.000378083
0.0120817 -0.000335802 -1.51471e-09 -0.000335802 0.0104213 -2.57143e-07 -1.51471e-09 -2.57143e-07 1.03517e-06 
26
0
0
-0.000493433
0.0120817 -0.000335802 -1.49919e-09 -0.000335802 0.0104213 -2.57494e-07 -1.49919e-09 -2.57494e-07 1.03517e-06 
27
0
0
-0.000768518
0.0120817 -0.000335804 -1.48691e-09 -0.000335804 0.0104214 -2.57803e-07 -1.48691e-09 -2.57803e-07 1.03518e-06 
28
0
0
0.000628373
0.0120817 -0.000335809 -1.47758e-09 -0.000335809 0.0104214 -2.58073e-07 -1.47758e-09 -2.58073e-07 1.03518e-06 
29
0
0
9.99604e-05
0.0120817 -0.000335789 -1.45557e-09 -0.000335789 0.0104214 -2.58309e-07 -1.45557e-09 -2.58309e-07 1.03519e-06 
30
0
0
0.00056802
0.0120817 -0.00033579 -1.44766e-09 -0.00033579 0.0104214 -2.58516e-07 -1.44766e-09 -2.58516e-07 1.03519e-06 
31
0
0
4.96806e-05
0.0120817 -0.000335783 -1.43612e-09 -0.000335783 0.0104214 -2.58699e-07 -1.43612e-09 -2.58699e-07 1.03519e-06 
32
0
0
-0.000259502
0.0120817 -0.000335789 -1.43156e-09 -0.000335789 0.0104214 -2.58858e-07 -1.43156e-09 -2.58858e-07 1.0352e-06 
33
0
0
0.000141763
0.0120817 -0.000335796 -1.42864e-09 -0.000335796 0.0104214 -2.58998e-07 -1.42864e-09 -2.58998e-07 1.0352e-06 
34
0
0
-0.000347538
0.0120817 -0.000335793 -1.42454e-09 -0.000335793 0.0104214 -2.59123e-07 -1.42454e-09 -2.59123e-07 1.0352e-06 
35
0
0
-0.000462372
0.0120817 -0.000335799 -1.42709e-09 -0.000335799 0.0104214 -2.59231e-07 -1.42709e-09 -2.59231e-07 1.0352e-06 
36
0
0
0.000371466
0.0120817 -0.000335804 -1.42657e-09 -0.000335804 0.0104214 -2.59328e-07 -1.42657e-09 -2.59328e-07 1.03521e-06 
37
0
0
0.00114278
0.0120817 -0.000335792 -1.41661e-09 -0.000335792 0.0104214 -2.59411e-07 -1.41661e-09 -2.59411e-07 1.03521e-06 
38
0
0
8.16486e-06
0.0120817 -0.000335776 -1.40572e-09 -0.000335776 0.0104214 -2.59483e-07 -1.40572e-09 -2.59483e-07 1.03521e-06 
39
0
0
-5.68994e-05
0.0120817 -0.000335788 -1.41044e-09 -0.000335788 0.0104214 -2.59544e-07 -1.41044e-09 -2.59544e-07 1.03521e-06 
40
0
0
0.000218112
0.0120817 -0.000335793 -1.4106e-09 -0.000335793 0.0104214 -2.59597e-07 -1.4106e-09 -2.59597e-07 1.03521e-06 
41
0
0
0.000908797
0.0120817 -0.000335791 -1.40709e-09 -0.000335791 0.0104214 -2.59643e-07 -1.40709e-09 -2.59643e-07 1.03521e-06 
42
0
0
1.39144e-05
0.0120817 -0.000335779 -1.40128e-09 -0.000335779 0.0104214 -2.59683e-07 -1.40128e-09 -2.59683e-07 1.03521e-06 
43
0
0
0.000147551
0.0120817 -0.000335789 -1.40693e-09 -0.000335789 0.0104214 -2.59718e-07 -1.40693e-09 -2.59718e-07 1.03522e-06 
44
0
0
0.00112037
0.0120817 -0.000335791 -1.40725e-09 -0.000335791 0.0104214 -2.59749e-07 -1.40725e-09 -2.59749e-07 1.03522e-06 
45
0
0
-4.24027e-05
0.0120817 -0.000335776 -1.3987e-09 -0.000335776 0.0104214 -2.59777e-07 -1.3987e-09 -2.59777e-07 1.03522e-06 
46
0
0
-4.98977e-05
0.0120817 -0.000335789 -1.405e-09 -0.000335789 0.0104214 -2.598e-07 -1.405e-09 -2.598e-07 1.03522e-06 
47
0
0
0.000539527
0.0120817 -0.000335794 -1.40633e-09 -0.000335794 0.0104214 -2.5982e-07 -1.40633e-09 -2.5982e-07 1.03522e-06 
48
0
0
0.000176376
0.0120817 -0.000335786 -1.4015e-09 -0.000335786 0.0104214 -2.59838e-07 -1.4015e-09 -2.59838e-07 1.03522e-06 
49
0
0
0.00076395
0.0120817 -0.000335789 -1.40275e-09 -0.000335789 0.0104214 -2.59854e-07 -1.40275e-09 -2.59854e-07 1.03522e-06 
50
0
0
0.000333385
0.0120817 -0.000335781 -1.39446e-09 -0.000335781 0.0104214 -2.59869e-07 -1.39446e-09 -2.59869e-07 1.03522e-06 
51
0
0
4.96134e-05
0.0120817 -0.000335785 -1.39437e-09 -0.000335785 0.0104214 -2.59881e-07 -1.39437e-09 -2.59881e-07 1.03522e-06 
52
0
0
-0.000192588
0.0120817 -0.000335791 -1.39694e-09 -0.000335791 0.0104214 -2.59891e-07 -1.39694e-09 -2.59891e-07 1.03522e-06 
53
0
0
0.00129147
0.0120817 -0.000335797 -1.40017e-09 -0.000335797 0.0104214 -2.59901e-07 -1.40017e-09 -2.59901e-07 1.03522e-06 
54
0
0
0.00062701
0.0120817 -0.000335776 -1.38716e-09 -0.000335776 0.0104214 -2.59909e-07 -1.38716e-09 -2.59909e-07 1.03522e-06 
55
0
0
0.000664343
0.0120817 -0.000335778 -1.38778e-09 -0.000335778 0.0104214 -2.59915e-07 -1.38778e-09 -2.59915e-07 1.03522e-06 
56
0
0
0.000795903
0.0120817 -0.000335778 -1.38753e-09 -0.000335778 0.0104214 -2.59921e-07 -1.38753e-09 -2.59921e-07 1.03522e-06 
57
0
0
-0.00107561
0.0120817 -0.000335776 -1.38682e-09 -0.000335776 0.0104214 -2.59927e-07 -1.38682e-09 -2.59927e-07 1.03522e-06 
58
0
0
0.000321791
0.0120817 -0.000335805 -1.40571e-09 -0.000335805 0.0104214 -2.5993e-07 -1.40571e-09 -2.5993e-07 1.03522e-06 
59
0
0
0.000547659
0.0120817 -0.000335794 -1.40079e-09 -0.000335794 0.0104214 -2.59933e-07 -1.40079e-09 -2.59933e-07 1.03522e-06 
60
0
0
0.000512965
0.0120817 -0.000335786 -1.3981e-09 -0.000335786 0.0104214 -2.59936e-07 -1.3981e-09 -2.59936e-07 1.03522e-06 
61
0
0
-0.000791664
0.0120817 -0.000335784 -1.39806e-09 -0.000335784 0.0104214 -2.59939e-07 -1.39806e-09 -2.59939e-07 1.03522e-06 
62
0
0
-0.000367658
0.0120817 -0.000335804 -1.40956e-09 -0.000335804 0.0104214 -2.59941e-07 -1.40956e-09 -2.59941e-07 1.03522e-06 
63
0
0
0.000428224
0.0120817 -0.000335805 -1.41035e-09 -0.000335805 0.0104214 -2.59943e-07 -1.41035e-09 -2.59943e-07 1.03522e-06 
64
0
0
0.000721254
0.0120817 -0.000335792 -1.40393e-09 -0.000335792 0.0104214 -2.59945e-07 -1.40393e-09 -2.59945e-07 1.03522e-06 
65
0
0
0.00050233
0.0120817 -0.000335783 -1.39941e-09 -0.000335783 0.0104214 -2.59947e-07 -1.39941e-09 -2.59947e-07 1.03522e-06 
66
0
0
4.74789e-05
0.0120817 -0.000335783 -1.39842e-09 -0.000335783 0.0104214 -2.59947e-07 -1.39842e-09 -2.59947e-07 1.03522e-06 
67
0
0
-0.000166593
0.0120817 -0.00033579 -1.40238e-09 -0.00033579 0.0104214 -2.59949e-07 -1.40238e-09 -2.59949e-07 1.03522e-06 
68
0
0
-0.000585502
0.0120817 -0.000335796 -1.40521e-09 -0.000335796 0.0104214 -2.59951e-07 -1.40521e-09 -2.59951e-07 1.03522e-06 
69
0
0
-0.000138106
0.0120817 -0.000335805 -1.4096e-09 -0.000335805 0.0104214 -2.59953e-07 -1.4096e-09 -2.59953e-07 1.03522e-06 
70
0
0
-0.000434366
0.0120817 -0.000335801 -1.40802e-09 -0.000335801 0.0104214 -2.59953e-07 -1.40802e-09 -2.59953e-07 1.03522e-06 
71
0
0
0.000791672
0.0120817 -0.000335805 -1.41066e-09 -0.000335805 0.0104214 -2.59955e-07 -1.41066e-09 -2.59955e-07 1.03522e-06 
72
0
0
-0.000507576
0.0120817 -0.000335787 -1.40193e-09 -0.000335787 0.0104214 -2.59955e-07 -1.40193e-09 -2.59955e-07 1.03522e-06 
73
0
0
0.000682616
0.0120817 -0.0003358 -1.41002e-09 -0.0003358 0.0104214 -2.59954e-07 -1.41002e-09 -2.59954e-07 1.03522e-06 
74
0
0
0.000617928
0.0120817 -0.000335787 -1.39546e-09 -0.000335787 0.0104214 -2.59951e-07 -1.39546e-09 -2.59951e-07 1.03522e-06 
75
0
0
0.000164158
0.0120817 -0.000335782 -1.38903e-09 -0.000335782 0.0104214 -2.59951e-07 -1.38903e-09 -2.59951e-07 1.03522e-06 
76
0
0
0.000831121
0.0120817 -0.000335788 -1.39011e-09 -0.000335788 0.0104214 -2.59951e-07 -1.39011e-09 -2.59951e-07 1.03522e-06 
77
0
0
-0.000371472
0.0120817 -0.00033578 -1.38442e-09 -0.00033578 0.0104214 -2.59951e-07 -1.38442e-09 -2.59951e-07 1.03522e-06 
78
0
0
0.000545698
0.0120817 -0.000335795 -1.39379e-09 -0.000335795 0.0104214 -2.5995e-07 -1.39379e-09 -2.5995e-07 1.03522e-06 
79
0
0
0.000544495
0.0120817 -0.000335787 -1.38982e-09 -0.000335787 0.0104214 -2.59949e-07 -1.38982e-09 -2.59949e-07 1.03522e-06 
80
0
0
-0.000151908
0.0120817 -0.000335784 -1.38929e-09 -0.000335784 0.0104214 -2.59949e-07 -1.38929e-09 -2.59949e-07 1.03522e-06 
81
0
0
0.000462887
0.0120817 -0.000335793 -1.39443e-09 -0.000335793 0.0104214 -2.59948e-07 -1.39443e-09 -2.59948e-07 1.03522e-06 
82
0
0
4.42878e-05
0.0120817 -0.000335787 -1.38999e-09 -0.000335787 0.0104214 -2.59945e-07 -1.38999e-09 -2.59945e-07 1.03522e-06 
83
0
0
0.000463767
0.0120817 -0.000335792 -1.3924e-09 -0.000335792 0.0104214 -2.59943e-07 -1.3924e-09 -2.59943e-07 1.03522e-06 
84
0
0
-0.00039575
0.0120817 -0.000335787 -1.38999e-09 -0.000335787 0.0104214 -2.59943e-07 -1.38999e-09 -2.59943e-07 1.03522e-06 
85
0
0
-0.000690396
0.0120817 -0.000335799 -1.39636e-09 -0.000335799 0.0104214 -2.59945e-07 -1.39636e-09 -2.59945e-07 1.03522e-06 
86
0
0
-0.000946534
0.0120817 -0.000335808 -1.40131e-09 -0.000335808 0.0104214 -2.59948e-07 -1.40131e-09 -2.59948e-07 1.03522e-06 
87
0
0
-0.00020618
0.0120817 -0.000335815 -1.40483e-09 -0.000335815 0.0104214 -2.5995e-07 -1.40483e-09 -2.5995e-07 1.03522e-06 
88
0
0
-0.000557098
0.0120817 -0.000335806 -1.40005e-09 -0.000335806 0.0104214 -2.5995e-07 -1.40005e-09 -2.5995e-07 1.03522e-06 
89
0
0
-0.00175558
0.0120817 -0.000335809 -1.4022e-09 -0.000335809 0.0104214 -2.59951e-07 -1.4022e-09 -2.59951e-07 1.03522e-06 
90
0
0
-0.000460424
0.0120817 -0.000335828 -1.41945e-09 -0.000335828 0.0104214 -2.59956e-07 -1.41945e-09 -2.59956e-07 1.03522e-06 
91
0
0
0.000209945
0.0120817 -0.000335815 -1.41741e-09 -0.000335815 0.0104214 -2.5996e-07 -1.41741e-09 -2.5996e-07 1.03522e-06 
92
0
0
0.000396781
0.0120817 -0.0003358 -1.40963e-09 -0.0003358 0.0104214 -2.59963e-07 -1.40963e-09 -2.59963e-07 1.03522e-06 
93
0
0
-0.00015883
0.0120817 -0.000335791 -1.40436e-09 -0.000335791 0.0104214 -2.59963e-07 -1.40436e-09 -2.59963e-07 1.03522e-06 
94
0
0
0.00108225
0.0120817 -0.000335796 -1.40781e-09 -0.000335796 0.0104214 -2.59961e-07 -1.40781e-09 -2.59961e-07 1.03522e-06 
95
0
0
0.00217561
0.0120817 -0.000335779 -1.40033e-09 -0.000335779 0.0104214 -2.59958e-07 -1.40033e-09 -2.59958e-07 1.03522e-06 
96
0
0
0.00131816
0.0120818 -0.000335755 -1.3886e-09 -0.000335755 0.0104214 -2.59955e-07 -1.3886e-09 -2.59955e-07 1.03522e-06 
97
0
0
-0.000509985
0.0120818 -0.000335759 -1.39095e-09 -0.000335759 0.0104214 -2.59952e-07 -1.39095e-09 -2.59952e-07 1.03522e-06 
98
0
0
-0.00071235
0.0120817 -0.00033579 -1.40884e-09 -0.00033579 0.0104214 -2.5995e-07 -1.40884e-09 -2.5995e-07 1.03522e-06 
99
0
0
0.000541631
0.0120817 -0.000335805 -1.41871e-09 -0.000335805 0.0104214 -2.5995e-07 -1.41871e-09 -2.5995e-07 1.03522e-06 
100
0
0
0.00108282
0.0120817 -0.00033579 -1.41177e-09 -0.00033579 0.0104214 -2.59949e-07 -1.41177e-09 -2.59949e-07 1.03522e-06 
101
0
0
0.00294295
0.0120817 -0.000335776 -1.40223e-09 -0.000335776 0.0104214 -2.59946e-07 -1.40223e-09 -2.59946e-07 1.03522e-06 
102
0
0
0.00126802
0.0120818 -0.000335742 -1.38165e-09 -0.000335742 0.0104214 -2.59939e-07 -1.38165e-09 -2.59939e-07 1.03522e-06 
103
0
0
-0.000232728
0.0120818 -0.000335755 -1.38807e-09 -0.000335755 0.0104214 -2.59925e-07 -1.38807e-09 -2.59925e-07 1.03522e-06 
104
0
0
0.00131471
0.0120817 -0.000335784 -1.41288e-09 -0.000335784 0.0104214 -2.59918e-07 -1.41288e-09 -2.59918e-07 1.03522e-06 
105
0
0
0.00124978
0.0120818 -0.00033577 -1.40521e-09 -0.00033577 0.0104214 -2.5991e-07 -1.40521e-09 -2.5991e-07 1.03522e-06 
106
0
0
-0.000189632
0.0120818 -0.000335766 -1.40223e-09 -0.000335766 0.0104214 -2.59898e-07 -1.40223e-09 -2.59898e-07 1.03522e-06 
107
0
0
-0.00136309
0.0120817 -0.000335787 -1.4116e-09 -0.000335787 0.0104214 -2.59877e-07 -1.4116e-09 -2.59877e-07 1.03522e-06 
108
0
0
-0.000241535
0.0120817 -0.000335814 -1.4276e-09 -0.000335814 0.0104214 -2.59853e-07 -1.4276e-09 -2.59853e-07 1.03522e-06 
109
0.0510348
0
0.000127105
0.0120817 -0.000335806 -1.42888e-09 -0.000335806 0.0104214 -2.59826e-07 -1.42888e-09 -2.59826e-07 1.03522e-06 
110
0.0655572
0
0.00243469
0.0120817 -0.000335798 -1.42668e-09 -0.000335798 0.0104214 -2.59792e-07 -1.42668e-09 -2.59792e-07 1.03522e-06 
111
0.0737037
0
0.004799
0.0120818 -0.000335758 -1.40991e-09 -0.000335758 0.0104214 -2.59754e-07 -1.40991e-09 -2.59754e-07 1.03522e-06 
112
0.0830486
0
0.000840556
0.0120818 -0.000335705 -1.3931e-09 -0.000335705 0.0104214 -2.59731e-07 -1.3931e-09 -2.59731e-07 1.03522e-06 
113
0.0880248
0
-0.00588984
0.0120818 -0.000335748 -1.40873e-09 -0.000335748 0.0104214 -2.59706e-07 -1.40873e-09 -2.59706e-07 1.03522e-06 
114
0.0976156
0
-0.00595967
0.0120817 -0.000335871 -1.4791e-09 -0.000335871 0.0104215 -2.59692e-07 -1.4791e-09 -2.59692e-07 1.03522e-06 
115
0.108546
0
-0.000702683
0.0120817 -0.000335919 -1.50948e-09 -0.000335919 0.0104215 -2.59667e-07 -1.50948e-09 -2.59667e-07 1.03522e-06 
116
0.119036
0
0.00296635
0.0120817 -0.000335854 -1.47786e-09 -0.000335854 0.0104215 -2.59639e-07 -1.47786e-09 -2.59639e-07 1.03522e-06 
117
0.129118
0
0.00102058
0.0120817 -0.000335771 -1.43725e-09 -0.000335771 0.0104214 -2.59611e-07 -1.43725e-09 -2.59611e-07 1.03522e-06 
118
0.139751
0
-0.000658426
0.0120818 -0.00033577 -1.44353e-09 -0.00033577 0.0104214 -2.59584e-07 -1.44353e-09 -2.59584e-07 1.03522e-06 
119
0.150196
0
-0.000189633
0.0120817 -0.000335796 -1.46559e-09 -0.000335796 0.0104214 -2.59555e-07 -1.46559e-09 -2.59555e-07 1.03522e-06 
120
0.163526
0
-0.00190635
0.0120817 -0.000335799 -1.47603e-09 -0.000335799 0.0104214 -2.59527e-07 -1.47603e-09 -2.59527e-07 1.03522e-06 
121
0.175814
0
6.47355e-05
0.0120817 -0.000335827 -1.49579e-09 -0.000335827 0.0104214 -2.59492e-07 -1.49579e-09 -2.59492e-07 1.03522e-06 
122
0.192967
0
0.00295793
0.0120817 -0.000335806 -1.5053e-09 -0.000335806 0.0104214 -2.59459e-07 -1.5053e-09 -2.59459e-07 1.03522e-06 
123
0.209941
0
0.00313539
0.0120818 -0.000335753 -1.49357e-09 -0.000335753 0.0104214 -2.59415e-07 -1.49357e-09 -2.59415e-07 1.03522e-06 
124
0.226821
0
0.00193583
0.0120818 -0.000335729 -1.49982e-09 -0.000335729 0.0104214 -2.5937e-07 -1.49982e-09 -2.5937e-07 1.03522e-06 
125
0.243975
0
0.000163347
0.0120818 -0.00033574 -1.52072e-09 -0.00033574 0.0104214 -2.59324e-07 -1.52072e-09 -2.59324e-07 1.03522e-06 
126
0.263773
0
-0.00166148
0.0120818 -0.000335772 -1.54696e-09 -0.000335772 0.0104214 -2.59279e-07 -1.54696e-09 -2.59279e-07 1.03522e-06 
127
0.284981
0
-0.00174427
0.0120817 -0.000335813 -1.57266e-09 -0.000335813 0.0104214 -2.59226e-07 -1.57266e-09 -2.59226e-07 1.03522e-06 
128
0.306865
0
0.00151083
0.0120817 -0.00033583 -1.5881e-09 -0.00033583 0.0104214 -2.5917e-07 -1.5881e-09 -2.5917e-07 1.03522e-06 
129
0.319699
0.0534624
0.00188406
0.0120817 -0.000335785 -1.57265e-09 -0.000335785 0.0104214 -2.59112e-07 -1.57265e-09 -2.59112e-07 1.03522e-06 
130
0.33836
0.0581411
0.000477844
0.0120818 -0.000335761 -1.59827e-09 -0.000335761 0.0104214 -2.59076e-07 -1.59827e-09 -2.59076e-07 1.03522e-06 
131
0.361019
0.0614756
0.0013994
0.0120817 -0.000335775 -1.63126e-09 -0.000335775 0.0104214 -2.59027e-07 -1.63126e-09 -2.59027e-07 1.03522e-06 
132
0.382096
0.0649321
0.00175719
0.0120818 -0.000335765 -1.64454e-09 -0.000335765 0.0104214 -2.58967e-07 -1.64454e-09 -2.58967e-07 1.03522e-06 
133
0.403552
0.0671013
-0.00185259
0.0120818 -0.000335756 -1.65757e-09 -0.000335756 0.0104214 -2.58911e-07 -1.65757e-09 -2.58911e-07 1.03522e-06 
134
0.424955
0.0684634
-0.00473277
0.0120817 -0.00033581 -1.69538e-09 -0.00033581 0.0104214 -2.58853e-07 -1.69538e-09 -2.58853e-07 1.03522e-06 
135
0.443209
0.0717075
-0.0076117
0.0120817 -0.000335876 -1.73267e-09 -0.000335876 0.0104215 -2.58796e-07 -1.73267e-09 -2.58796e-07 1.03522e-06 
136
0.461799
0.0732242
-0.00741331
0.0120817 -0.000335947 -1.77827e-09 -0.000335947 0.0104215 -2.58746e-07 -1.77827e-09 -2.58746e-07 1.03522e-06 
137
0.473164
0.0782419
-0.00777369
0.0120816 -0.000335971 -1.79521e-09 -0.000335971 0.0104215 -2.58697e-07 -1.79521e-09 -2.58697e-07 1.03522e-06 
138
0.489935
0.0790456
-0.0103857
0.0120816 -0.000335985 -1.82279e-09 -0.000335985 0.0104215 -2.58665e-07 -1.82279e-09 -2.58665e-07 1.03522e-06 
139
0.512773
0.080059
-0.00169916
0.0120816 -0.000336032 -1.85159e-09 -0.000336032 0.0104215 -2.58621e-07 -1.85159e-09 -2.58621e-07 1.03522e-06 
140
0.536535
0.0852277
0.00594959
0.0120817 -0.000335913 -1.79867e-09 -0.000335913 0.0104215 -2.58562e-07 -1.79867e-09 -2.58562e-07 1.03522e-06 
141
0.561209
0.0917504
0.00384134
0.0120818 -0.000335746 -1.74561e-09 -0.000335746 0.0104214 -2.585e-07 -1.74561e-09 -2.585e-07 1.03522e-06 
142
0.585075
0.0984895
-0.00333784
0.0120818 -0.000335715 -1.76907e-09 -0.000335715 0.0104214 -2.58434e-07 -1.76907e-09 -2.58434e-07 1.03522e-06 
143
0.609317
0.100227
-0.00415533
0.0120817 -0.000335818 -1.85332e-09 -0.000335818 0.0104214 -2.58369e-07 -1.85332e-09 -2.58369e-07 1.03522e-06 
144
0.639129
0.100606
-0.00290547
0.0120817 -0.00033587 -1.88735e-09 -0.00033587 0.0104215 -2.58305e-07 -1.88735e-09 -2.58305e-07 1.03522e-06 
145
0.659194
0.110986
-0.00165067
0.0120817 -0.00033587 -1.88823e-09 -0.00033587 0.0104215 -2.58226e-07 -1.88823e-09 -2.58226e-07 1.03522e-06 
146
0.685423
0.118666
0.00206256
0.0120817 -0.00033585 -1.92176e-09 -0.00033585 0.0104215 -2.58171e-07 -1.92176e-09 -2.58171e-07 1.03522e-06 
147
0.714357
0.12148
0.00604283
0.0120817 -0.000335783 -1.92952e-09 -0.000335783 0.0104214 -2.58102e-07 -1.92952e-09 -2.58102e-07 1.03522e-06 
148
0.738886
0.126625
0.00900249
0.0120818 -0.000335695 -1.9079e-09 -0.000335695 0.0104214 -2.58026e-07 -1.9079e-09 -2.58026e-07 1.03522e-06 
149
0.76774
0.130017
0.0089313
0.0120818 -0.000335614 -1.8976e-09 -0.000335614 0.0104214 -2.5796e-07 -1.8976e-09 -2.5796e-07 1.03522e-06 
150
0.796916
0.134068
0.00973554
0.0120818 -0.000335585 -1.90536e-09 -0.000335585 0.0104214 -2.57884e-07 -1.90536e-09 -2.57884e-07 1.03522e-06 
151
0.823589
0.138057
0.00977007
0.0120819 -0.000335561 -1.91565e-09 -0.000335561 0.0104214 -2.57806e-07 -1.91565e-09 -2.57806e-07 1.03522e-06 
152
0.851878
0.142372
0.00667124
0.0120819 -0.000335551 -1.93209e-09 -0.000335551 0.0104213 -2.57734e-07 -1.93209e-09 -2.57734e-07 1.03522e-06 
153
0.884121
0.146055
0.0111883
0.0120818 -0.000335596 -1.97568e-09 -0.000335596 0.0104214 -2.57659e-07 -1.97568e-09 -2.57659e-07 1.03522e-06 
154
0.903598
0.158266
0.0197337
0.0120819 -0.000335542 -1.96728e-09 -0.000335542 0.0104213 -2.57574e-07 -1.96728e-09 -2.57574e-07 1.03522e-06 
155
0.926376
0.163141
0.0136975
0.012082 -0.000335386 -1.94756e-09 -0.000335386 0.0104213 -2.5752e-07 -1.94756e-09 -2.5752e-07 1.03522e-06 
156
0.949775
0.167933
0.00795191
0.0120819 -0.000335422 -1.99956e-09 -0.000335422 0.0104213 -2.57459e-07 -1.99956e-09 -2.57459e-07 1.03522e-06 
157
0.975692
0.169909
0.000842551
0.0120819 -0.000335527 -2.07407e-09 -0.000335527 0.0104213 -2.57397e-07 -2.07407e-09 -2.57397e-07 1.03522e-06 
158
0.995704
0.176476
-0.000273226
0.0120818 -0.00033568 -2.15488e-09 -0.00033568 0.0104214 -2.57327e-07 -2.15488e-09 -2.57327e-07 1.03522e-06 
159
1.02099
0.177479
0.00576752
0.0120818 -0.000335756 -2.21334e-09 -0.000335756 0.0104214 -2.57273e-07 -2.21334e-09 -2.57273e-07 1.03522e-06 
160
1.03085
0.184567
0.0141747
0.0120818 -0.000335689 -2.18584e-09 -0.000335689 0.0104214 -2.57207e-07 -2.18584e-09 -2.57207e-07 1.03522e-06 
161
1.04304
0.1888
0.0116526
0.0120819 -0.00033553 -2.1418e-09 -0.00033553 0.0104213 -2.57178e-07 -2.1418e-09 -2.57178e-07 1.03522e-06 
162
1.05062
0.197782
0.0049071
0.0120819 -0.000335509 -2.16044e-09 -0.000335509 0.0104213 -2.57145e-07 -2.16044e-09 -2.57145e-07 1.03522e-06 
163
1.06419
0.201674
0.00496001
0.0120818 -0.000335608 -2.25035e-09 -0.000335608 0.0104214 -2.57123e-07 -2.25035e-09 -2.57123e-07 1.03522e-06 
164
1.08509
0.203247
0.0105841
0.0120818 -0.000335645 -2.28721e-09 -0.000335645 0.0104214 -2.57088e-07 -2.28721e-09 -2.57088e-07 1.03522e-06 
165
1.10453
0.210221
0.00763119
0.0120819 -0.00033557 -2.25968e-09 -0.00033557 0.0104214 -2.57035e-07 -2.25968e-09 -2.57035e-07 1.03522e-06 
166
1.12947
0.208745
0.00181071
0.0120819 -0.000335588 -2.30147e-09 -0.000335588 0.0104214 -2.56982e-07 -2.30147e-09 -2.56982e-07 1.03522e-06 
167
1.16532
0.203293
0.00157522
0.0120818 -0.000335688 -2.34856e-09 -0.000335688 0.0104214 -2.56916e-07 -2.34856e-09 -2.56916e-07 1.03522e-06 
168
1.19876
0.206561
0.000150462
0.0120818 -0.000335729 -2.34376e-09 -0.000335729 0.0104214 -2.56823e-07 -2.34376e-09 -2.56823e-07 1.03522e-06 
169
1.23049
0.218471
0.00189596
0.0120818 -0.000335768 -2.37157e-09 -0.000335768 0.0104214 -2.56734e-07 -2.37157e-09 -2.56734e-07 1.03522e-06 
170
1.25412
0.2292
0.0166933
0.0120818 -0.000335754 -2.41519e-09 -0.000335754 0.0104214 -2.56648e-07 -2.41519e-09 -2.56648e-07 1.03522e-06 
171
1.27594
0.235722
0.0218356
0.0120819 -0.000335515 -2.35327e-09 -0.000335515 0.0104213 -2.56584e-07 -2.35327e-09 -2.56584e-07 1.03522e-06 
172
1.28976
0.243258
0.0149059
0.012082 -0.000335342 -2.31411e-09 -0.000335342 0.0104213 -2.56526e-07 -2.31411e-09 -2.56526e-07 1.03522e-06 
173
1.31016
0.246191
0.00527354
0.012082 -0.000335386 -2.37932e-09 -0.000335386 0.0104213 -2.56487e-07 -2.37932e-09 -2.56487e-07 1.03522e-06 
174
1.33587
0.249201
0.0128786
0.0120819 -0.000335555 -2.47777e-09 -0.000335555 0.0104214 -2.56433e-07 -2.47777e-09 -2.56433e-07 1.03522e-06 
175
1.34194
0.261202
0.0268032
0.0120819 -0.0003355 -2.45958e-09 -0.0003355 0.0104213 -2.56366e-07 -2.45958e-09 -2.56366e-07 1.03522e-06 
176
1.35068
0.25977
0.0230757
0.012082 -0.000335257 -2.3951e-09 -0.000335257 0.0104212 -2.56347e-07 -2.3951e-09 -2.56347e-07 1.03522e-06 
177
1.3522
0.271758
0.00666628
0.012082 -0.000335224 -2.39042e-09 -0.000335224 0.0104212 -2.56324e-07 -2.39042e-09 -2.56324e-07 1.03522e-06 
178
1.36468
0.267927
-0.0243832
0.0120819 -0.000335472 -2.5611e-09 -0.000335472 0.0104213 -2.56316e-07 -2.5611e-09 -2.56316e-07 1.03522e-06 
179
1.38541
0.261997
-0.0318369
0.0120816 -0.000336059 -2.82449e-09 -0.000336059 0.0104215 -2.56283e-07 -2.82449e-09 -2.56283e-07 1.03522e-06 
180
1.41599
0.255536
-0.0232686
0.0120815 -0.0003364 -2.93919e-09 -0.0003364 0.0104217 -2.56229e-07 -2.93919e-09 -2.56229e-07 1.03522e-06 
181
1.44354
0.258038
-0.0221249
0.0120814 -0.000336395 -2.88968e-09 -0.000336395 0.0104216 -2.56151e-07 -2.88968e-09 -2.56151e-07 1.03522e-06 
182
1.47366
0.260071
-0.0290545
0.0120814 -0.000336374 -2.88447e-09 -0.000336374 0.0104216 -2.56076e-07 -2.88447e-09 -2.56076e-07 1.03522e-06 
183
1.5031
0.266045
-0.0256576
0.0120814 -0.000336476 -2.94531e-09 -0.000336476 0.0104217 -2.55996e-07 -2.94531e-09 -2.55996e-07 1.03522e-06 
184
1.5177
0.272844
-0.0342313
0.0120814 -0.000336461 -2.96242e-09 -0.000336461 0.0104217 -2.55917e-07 -2.96242e-09 -2.55917e-07 1.03522e-06 
185
1.5343
0.271851
-0.0451495
0.0120813 -0.000336591 -3.05613e-09 -0.000336591 0.0104217 -2.55874e-07 -3.05613e-09 -2.55874e-07 1.03522e-06 
186
1.5397
0.277624
-0.0550852
0.0120812 -0.000336813 -3.1577e-09 -0.000336813 0.0104218 -2.55829e-07 -3.1577e-09 -2.55829e-07 1.03522e-06 
187
1.5496
0.278201
-0.0681289
0.0120811 -0.000337055 -3.28683e-09 -0.000337055 0.0104219 -2.55811e-07 -3.28683e-09 -2.55811e-07 1.03522e-06 
188
1.55436
0.282214
-0.0838143
0.0120809 -0.000337354 -3.42371e-09 -0.000337354 0.010422 -2.55784e-07 -3.42371e-09 -2.55784e-07 1.03522e-06 
189
1.55533
0.285188
-0.103496
0.0120808 -0.000337716 -3.59978e-09 -0.000337716 0.0104221 -2.55768e-07 -3.59978e-09 -2.55768e-07 1.03522e-06 
190
1.56483
0.280218
-0.111063
0.0120805 -0.000338166 -3.81277e-09 -0.000338166 0.0104223 -2.55762e-07 -3.81277e-09 -2.55762e-07 1.03522e-06 
191
1.58114
0.278107
-0.118485
0.0120804 -0.000338456 -3.91441e-09 -0.000338456 0.0104224 -2.55737e-07 -3.91441e-09 -2.55737e-07 1.03522e-06 
192
1.60151
0.275606
-0.127364
0.0120803 -0.000338684 -3.99807e-09 -0.000338684 0.0104225 -2.55694e-07 -3.99807e-09 -2.55694e-07 1.03522e-06 
193
1.62331
0.268135
-0.135543
0.0120801 -0.000338911 -4.08448e-09 -0.000338911 0.0104226 -2.55639e-07 -4.08448e-09 -2.55639e-07 1.03522e-06 
194
1.65637
0.255721
-0.138565
0.01208 -0.000339126 -4.14509e-09 -0.000339126 0.0104226 -2.5558e-07 -4.14509e-09 -2.5558e-07 1.03522e-06 
195
1.67843
0.258153
-0.133233
0.01208 -0.000339256 -4.14239e-09 -0.000339256 0.0104227 -2.55494e-07 -4.14239e-09 -2.55494e-07 1.03522e-06 
196
1.70137
0.260341
-0.135448
0.01208 -0.000339221 -4.12039e-09 -0.000339221 0.0104227 -2.55434e-07 -4.12039e-09 -2.55434e-07 1.03522e-06 
197
1.727
0.260732
-0.138861
0.0120799 -0.000339242 -4.1397e-09 -0.000339242 0.0104227 -2.55372e-07 -4.1397e-09 -2.55372e-07 1.03522e-06 
198
1.74069
0.262842
-0.141864
0.0120799 -0.000339304 -4.17029e-09 -0.000339304 0.0104227 -2.55304e-07 -4.17029e-09 -2.55304e-07 1.03522e-06 
199
1.7557
0.259767
-0.142562
0.0120799 -0.000339376 -4.20854e-09 -0.000339376 0.0104227 -2.55264e-07 -4.20854e-09 -2.55264e-07 1.03522e-06 
200
1.76936
0.265057
-0.136743
0.0120799 -0.000339414 -4.21038e-09 -0.000339414 0.0104227 -2.55224e-07 -4.21038e-09 -2.55224e-07 1.03522e-06 
201
1.77992
0.274753
-0.13448
0.0120799 -0.000339336 -4.18912e-09 -0.000339336 0.0104227 -2.55188e-07 -4.18912e-09 -2.55188e-07 1.03522e-06 
202
1.7923
0.283007
-0.119762
0.0120799 -0.000339271 -4.20083e-09 -0.000339271 0.0104227 -2.5516e-07 -4.20083e-09 -2.5516e-07 1.03522e-06 
203
1.8021
0.289834
-0.114922
0.01208 -0.000339013 -4.11907e-09 -0.000339013 0.0104226 -2.55128e-07 -4.11907e-09 -2.55128e-07 1.03522e-06 
204
1.81356
0.293277
-0.137123
0.0120801 -0.000338838 -4.0772e-09 -0.000338838 0.0104225 -2.55102e-07 -4.0772e-09 -2.55102e-07 1.03522e-06 
205
1.83267
0.295298
-0.135554
0.01208 -0.000339123 -4.23924e-09 -0.000339123 0.0104226 -2.5507e-07 -4.23924e-09 -2.5507e-07 1.03522e-06 
206
1.84355
0.297396
-0.129763
0.01208 -0.000339207 -4.28018e-09 -0.000339207 0.0104227 -2.55021e-07 -4.28018e-09 -2.55021e-07 1.03522e-06 
207
1.85543
0.294847
-0.129369
0.01208 -0.000339147 -4.25382e-09 -0.000339147 0.0104226 -2.54991e-07 -4.25382e-09 -2.54991e-07 1.03522e-06 
208
1.85875
0.300644
-0.142644
0.01208 -0.000339118 -4.23085e-09 -0.000339118 0.0104226 -2.54959e-07 -4.23085e-09 -2.54959e-07 1.03522e-06 
209
1.86546
0.304807
-0.154621
0.0120799 -0.000339317 -4.34875e-09 -0.000339317 0.0104227 -2.54947e-07 -4.34875e-09 -2.54947e-07 1.03522e-06 
210
1.87717
0.30809
-0.153895
0.0120798 -0.000339582 -4.48901e-09 -0.000339582 0.0104228 -2.54928e-07 -4.48901e-09 -2.54928e-07 1.03522e-06 
211
1.88453
0.310962
-0.142374
0.0120797 -0.000339671 -4.53668e-09 -0.000339671 0.0104229 -2.54898e-07 -4.53668e-09 -2.54898e-07 1.03522e-06 
212
1.89369
0.310459
-0.137129
0.0120798 -0.000339523 -4.47365e-09 -0.000339523 0.0104228 -2.54878e-07 -4.47365e-09 -2.54878e-07 1.03522e-06 
213
1.89805
0.315067
-0.13722
0.0120799 -0.000339383 -4.41151e-09 -0.000339383 0.0104227 -2.54855e-07 -4.41151e-09 -2.54855e-07 1.03522e-06 
214
1.9062
0.318296
-0.151126
0.0120799 -0.000339332 -4.41207e-09 -0.000339332 0.0104227 -2.54842e-07 -4.41207e-09 -2.54842e-07 1.03522e-06 
215
1.91907
0.318929
-0.154914
0.0120798 -0.000339532 -4.52701e-09 -0.000339532 0.0104228 -2.54819e-07 -4.52701e-09 -2.54819e-07 1.03522e-06 
216
1.93249
0.31625
-0.154188
0.0120797 -0.000339668 -4.59006e-09 -0.000339668 0.0104229 -2.54785e-07 -4.59006e-09 -2.54785e-07 1.03522e-06 
217
1.93723
0.323352
-0.164094
0.0120797 -0.000339709 -4.59167e-09 -0.000339709 0.0104229 -2.5475e-07 -4.59167e-09 -2.5475e-07 1.03522e-06 
218
1.95991
0.320685
-0.162791
0.0120796 -0.00033988 -4.69834e-09 -0.00033988 0.0104229 -2.54734e-07 -4.69834e-09 -2.54734e-07 1.03522e-06 
219
1.9745
0.327096
-0.178051
0.0120796 -0.000339925 -4.70753e-09 -0.000339925 0.0104229 -2.54677e-07 -4.70753e-09 -2.54677e-07 1.03522e-06 
220
1.98639
0.332221
-0.201847
0.0120795 -0.000340183 -4.85366e-09 -0.000340183 0.0104231 -2.54634e-07 -4.85366e-09 -2.54634e-07 1.03522e-06 
221
2.00235
0.330438
-0.210873
0.0120793 -0.000340658 -5.09536e-09 -0.000340658 0.0104233 -2.54598e-07 -5.09536e-09 -2.54598e-07 1.03522e-06 
222
2.01782
0.32658
-0.194284
0.0120791 -0.00034098 -5.22669e-09 -0.00034098 0.0104234 -2.54555e-07 -5.22669e-09 -2.54555e-07 1.03522e-06 
223
2.02835
0.325163
-0.193976
0.0120792 -0.000340841 -5.12743e-09 -0.000340841 0.0104233 -2.54515e-07 -5.12743e-09 -2.54515e-07 1.03522e-06 
224
2.04107
0.323377
-0.212475
0.0120792 -0.000340782 -5.09296e-09 -0.000340782 0.0104233 -2.54486e-07 -5.09296e-09 -2.54486e-07 1.03522e-06 
225
2.05142
0.333504
-0.228714
0.0120791 -0.000341052 -5.21711e-09 -0.000341052 0.0104234 -2.5445e-07 -5.21711e-09 -2.5445e-07 1.03522e-06 
226
2.05984
0.338812
-0.224216
0.0120789 -0.000341412 -5.42011e-09 -0.000341412 0.0104236 -2.54419e-07 -5.42011e-09 -2.54419e-07 1.03522e-06 
227
2.06336
0.343677
-0.218083
0.0120789 -0.000341477 -5.46298e-09 -0.000341477 0.0104236 -2.54396e-07 -5.46298e-09 -2.54396e-07 1.03522e-06 
228
2.06974
0.338324
-0.228878
0.0120789 -0.000341405 -5.44518e-09 -0.000341405 0.0104235 -2.54386e-07 -5.44518e-09 -2.54386e-07 1.03522e-06 
229
2.07043
0.332675
-0.233961
0.0120788 -0.000341547 -5.49564e-09 -0.000341547 0.0104236 -2.54368e-07 -5.49564e-09 -2.54368e-07 1.03522e-06 
230
2.06999
0.33509
-0.251171
0.0120788 -0.000341682 -5.52822e-09 -0.000341682 0.0104237 -2.54364e-07 -5.52822e-09 -2.54364e-07 1.03522e-06 
231
2.08148
0.334216
-0.263785
0.0120786 -0.000342005 -5.68103e-09 -0.000342005 0.0104238 -2.54363e-07 -5.68103e-09 -2.54363e-07 1.03522e-06 
232
2.0891
0.338063
-0.258118
0.0120785 -0.000342326 -5.81861e-09 -0.000342326 0.0104239 -2.54332e-07 -5.81861e-09 -2.54332e-07 1.03522e-06 
233
2.09894
0.331363
-0.242307
0.0120785 -0.000342359 -5.83423e-09 -0.000342359 0.0104239 -2.54311e-07 -5.83423e-09 -2.54311e-07 1.03522e-06 
234
2.10127
0.331639
-0.22946
0.0120786 -0.000342122 -5.69015e-09 -0.000342122 0.0104238 -2.54288e-07 -5.69015e-09 -2.54288e-07 1.03522e-06 
235
2.09584
0.338177
-0.239744
0.0120787 -0.000341828 -5.55366e-09 -0.000341828 0.0104237 -2.54282e-07 -5.55366e-09 -2.54282e-07 1.03522e-06 
236
2.10142
0.335744
-0.240732
0.0120787 -0.000341879 -5.61521e-09 -0.000341879 0.0104237 -2.54293e-07 -5.61521e-09 -2.54293e-07 1.03522e-06 
237
2.10136
0.343214
-0.231427
0.0120787 -0.000341914 -5.62592e-09 -0.000341914 0.0104238 -2.54281e-07 -5.62592e-09 -2.54281e-07 1.03522e-06 
238
2.10295
0.345794
-0.230824
0.0120787 -0.000341781 -5.5884e-09 -0.000341781 0.0104237 -2.54281e-07 -5.5884e-09 -2.54281e-07 1.03522e-06 
239
2.10323
0.351431
-0.234478
0.0120787 -0.000341721 -5.57714e-09 -0.000341721 0.0104237 -2.54277e-07 -5.57714e-09 -2.54277e-07 1.03522e-06 
240
2.10353
0.356852
-0.235869
0.0120787 -0.000341756 -5.62072e-09 -0.000341756 0.0104237 -2.54276e-07 -5.62072e-09 -2.54276e-07 1.03522e-06 
241
2.1083
0.364325
-0.224717
0.0120787 -0.000341791 -5.66133e-09 -0.000341791 0.0104237 -2.54274e-07 -5.66133e-09 -2.54274e-07 1.03522e-06 
242
2.10539
0.372528
-0.217953
0.0120788 -0.000341628 -5.61543e-09 -0.000341628 0.0104236 -2.54264e-07 -5.61543e-09 -2.54264e-07 1.03522e-06 
243
2.11408
0.368834
-0.213598
0.0120789 -0.000341459 -5.57795e-09 -0.000341459 0.0104236 -2.54271e-07 -5.57795e-09 -2.54271e-07 1.03522e-06 
244
2.12428
0.369283
-0.217324
0.0120789 -0.000341327 -5.5126e-09 -0.000341327 0.0104235 -2.54251e-07 -5.5126e-09 -2.54251e-07 1.03522e-06 
245
2.1395
0.370313
-0.227579
0.0120789 -0.000341335 -5.52386e-09 -0.000341335 0.0104235 -2.54224e-07 -5.52386e-09 -2.54224e-07 1.03522e-06 
246
2.14993
0.377003
-0.2236
0.0120789 -0.0003415 -5.60811e-09 -0.0003415 0.0104236 -2.54183e-07 -5.60811e-09 -2.54183e-07 1.03522e-06 
247
2.15259
0.384528
-0.225826
0.0120789 -0.0003415 -5.6295e-09 -0.0003415 0.0104236 -2.54155e-07 -5.6295e-09 -2.54155e-07 1.03522e-06 
248
2.16206
0.379291
-0.229266
0.0120788 -0.000341535 -5.67897e-09 -0.000341535 0.0104236 -2.54145e-07 -5.67897e-09 -2.54145e-07 1.03522e-06 
249
2.16462
0.382808
-0.225424
0.0120788 -0.000341603 -5.69395e-09 -0.000341603 0.0104236 -2.54121e-07 -5.69395e-09 -2.54121e-07 1.03522e-06 
250
2.17038
0.386701
-0.218479
0.0120788 -0.000341568 -5.68629e-09 -0.000341568 0.0104236 -2.54113e-07 -5.68629e-09 -2.54113e-07 1.03522e-06 
251
2.18272
0.388579
-0.2189
0.0120789 -0.000341445 -5.64586e-09 -0.000341445 0.0104236 -2.54099e-07 -5.64586e-09 -2.54099e-07 1.03522e-06 
252
2.19
0.394673
-0.221314
0.0120789 -0.000341405 -5.64216e-09 -0.000341405 0.0104235 -2.54068e-07 -5.64216e-09 -2.54068e-07 1.03522e-06 
253
2.19731
0.402428
-0.227538
0.0120789 -0.000341428 -5.68252e-09 -0.000341428 0.0104236 -2.54047e-07 -5.68252e-09 -2.54047e-07 1.03522e-06 
254
2.20822
0.406937
-0.222904
0.0120788 -0.000341535 -5.76892e-09 -0.000341535 0.0104236 -2.54026e-07 -5.76892e-09 -2.54026e-07 1.03522e-06 
255
2.20876
0.413157
-0.216609
0.0120788 -0.000341502 -5.77267e-09 -0.000341502 0.0104236 -2.53999e-07 -5.77267e-09 -2.53999e-07 1.03522e-06 
256
2.21146
0.408827
-0.215666
0.0120789 -0.000341391 -5.74789e-09 -0.000341391 0.0104235 -2.53995e-07 -5.74789e-09 -2.53995e-07 1.03522e-06 
257
2.21996
0.414555
-0.21499
0.0120789 -0.000341333 -5.71128e-09 -0.000341333 0.0104235 -2.53989e-07 -5.71128e-09 -2.53989e-07 1.03522e-06 
258
2.21218
0.427718
-0.220095
0.0120789 -0.000341301 -5.72031e-09 -0.000341301 0.0104235 -2.53968e-07 -5.72031e-09 -2.53968e-07 1.03522e-06 
259
2.2132
0.430742
-0.231067
0.0120789 -0.000341369 -5.81094e-09 -0.000341369 0.0104235 -2.53984e-07 -5.81094e-09 -2.53984e-07 1.03522e-06 
260
2.20793
0.441008
-0.239067
0.0120788 -0.000341568 -5.92437e-09 -0.000341568 0.0104236 -2.53981e-07 -5.92437e-09 -2.53981e-07 1.03522e-06 
261
2.20021
0.442178
-0.236197
0.0120787 -0.00034177 -6.05732e-09 -0.00034177 0.0104237 -2.53992e-07 -6.05732e-09 -2.53992e-07 1.03522e-06 
262
2.19227
0.436436
-0.23001
0.0120787 -0.000341802 -6.07393e-09 -0.000341802 0.0104237 -2.54012e-07 -6.07393e-09 -2.54012e-07 1.03522e-06 
263
2.17329
0.438249
-0.232169
0.0120787 -0.000341716 -6.00781e-09 -0.000341716 0.0104237 -2.54034e-07 -6.00781e-09 -2.54034e-07 1.03522e-06 
264
2.16655
0.425742
-0.259895
0.0120787 -0.000341717 -6.01455e-09 -0.000341717 0.0104237 -2.54082e-07 -6.01455e-09 -2.54082e-07 1.03522e-06 
265
2.14189
0.433968
-0.28392
0.0120786 -0.000342156 -6.17417e-09 -0.000342156 0.0104239 -2.54099e-07 -6.17417e-09 -2.54099e-07 1.03522e-06 
266
2.13092
0.422897
-0.30829
0.0120783 -0.000342701 -6.44467e-09 -0.000342701 0.0104241 -2.54156e-07 -6.44467e-09 -2.54156e-07 1.03522e-06 
267
2.11729
0.414802
-0.319683
0.0120781 -0.000343293 -6.66226e-09 -0.000343293 0.0104244 -2.54184e-07 -6.66226e-09 -2.54184e-07 1.03522e-06 
268
2.1035
0.405268
-0.331861
0.0120779 -0.000343696 -6.78947e-09 -0.000343696 0.0104245 -2.54217e-07 -6.78947e-09 -2.54217e-07 1.03521e-06 
269
2.1013
0.394205
-0.336074
0.0120778 -0.000344041 -6.89043e-09 -0.000344041 0.0104247 -2.54251e-07 -6.89043e-09 -2.54251e-07 1.03521e-06 
270
2.09405
0.389635
-0.323877
0.0120777 -0.000344238 -6.91831e-09 -0.000344238 0.0104248 -2.54258e-07 -6.91831e-09 -2.54258e-07 1.03521e-06 
271
2.08305
0.383328
-0.337311
0.0120777 -0.00034412 -6.82667e-09 -0.00034412 0.0104247 -2.54277e-07 -6.82667e-09 -2.54277e-07 1.03521e-06 
272
2.07253
0.371607
-0.350051
0.0120776 -0.000344287 -6.87898e-09 -0.000344287 0.0104248 -2.54303e-07 -6.87898e-09 -2.54303e-07 1.03521e-06 
273
2.05016
0.378243
-0.370655
0.0120775 -0.000344551 -6.94772e-09 -0.000344551 0.0104249 -2.54329e-07 -6.94772e-09 -2.54329e-07 1.03521e-06 
274
2.02655
0.381179
-0.395612
0.0120773 -0.000344976 -7.15798e-09 -0.000344976 0.0104251 -2.54382e-07 -7.15798e-09 -2.54382e-07 1.03521e-06 
275
2.00774
0.379651
-0.403839
0.0120771 -0.000345529 -7.41875e-09 -0.000345529 0.0104254 -2.54439e-07 -7.41875e-09 -2.54439e-07 1.03521e-06 
276
1.98933
0.371953
-0.394587
0.012077 -0.000345869 -7.55152e-09 -0.000345869 0.0104255 -2.54487e-07 -7.55152e-09 -2.54487e-07 1.03521e-06 
277
1.97055
0.368657
-0.400343
0.012077 -0.000345851 -7.49156e-09 -0.000345851 0.0104255 -2.54537e-07 -7.49156e-09 -2.54537e-07 1.03521e-06 
278
1.9422
0.367533
-0.407369
0.0120769 -0.000345935 -7.5085e-09 -0.000345935 0.0104256 -2.54585e-07 -7.5085e-09 -2.54585e-07 1.03521e-06 
279
1.91449
0.35943
-0.407845
0.0120769 -0.000346077 -7.56417e-09 -0.000346077 0.0104256 -2.54657e-07 -7.56417e-09 -2.54657e-07 1.03521e-06 
280
1.87898
0.351089
-0.404711
0.0120768 -0.000346138 -7.55103e-09 -0.000346138 0.0104257 -2.5473e-07 -7.55103e-09 -2.5473e-07 1.03521e-06 
281
1.84849
0.344168
-0.409246
0.0120768 -0.000346112 -7.49162e-09 -0.000346112 0.0104256 -2.54824e-07 -7.49162e-09 -2.54824e-07 1.03521e-06 
282
1.81448
0.336124
-0.408109
0.0120768 -0.000346173 -7.483e-09 -0.000346173 0.0104257 -2.54906e-07 -7.483e-09 -2.54906e-07 1.03521e-06 
283
1.77732
0.331699
-0.404041
0.0120768 -0.000346178 -7.44198e-09 -0.000346178 0.0104257 -2.54996e-07 -7.44198e-09 -2.54996e-07 1.03521e-06 
284
1.75242
0.326278
-0.409054
0.0120768 -0.000346116 -7.38443e-09 -0.000346116 0.0104256 -2.55095e-07 -7.38443e-09 -2.55095e-07 1.03521e-06 
285
1.72184
0.325834
-0.399388
0.0120768 -0.000346172 -7.38439e-09 -0.000346172 0.0104257 -2.55163e-07 -7.38439e-09 -2.55163e-07 1.03521e-06 
286
1.69594
0.318081
-0.384531
0.0120769 -0.000346041 -7.3115e-09 -0.000346041 0.0104256 -2.55245e-07 -7.3115e-09 -2.55245e-07 1.03521e-06 
287
1.66443
0.308458
-0.372488
0.012077 -0.000345757 -7.14361e-09 -0.000345757 0.0104255 -2.55319e-07 -7.14361e-09 -2.55319e-07 1.03521e-06 
288
1.63138
0.300326
-0.37169
0.0120771 -0.00034546 -6.96411e-09 -0.00034546 0.0104253 -2.55405e-07 -6.96411e-09 -2.55405e-07 1.03521e-06 
289
1.59024
0.309732
-0.372672
0.0120771 -0.000345335 -6.87407e-09 -0.000345335 0.0104253 -2.55494e-07 -6.87407e-09 -2.55494e-07 1.03521e-06 
290
1.55397
0.318521
-0.371217
0.0120772 -0.000345303 -6.89548e-09 -0.000345303 0.0104253 -2.55601e-07 -6.89548e-09 -2.55601e-07 1.03521e-06 
291
1.5198
0.319239
-0.354696
0.0120772 -0.000345268 -6.91956e-09 -0.000345268 0.0104252 -2.55699e-07 -6.91956e-09 -2.55699e-07 1.03521e-06 
292
1.48911
0.314557
-0.344153
