0
0
0
-0.000976816
0.00800061 -2.68385e-11 1.2769e-14 -2.68385e-11 0.00900061 -9.84301e-12 1.2769e-14 -9.84301e-12 1.24978e-06 
1
0
0
-0.000986384
0.0150026 2.41387e-08 -1.63563e-11 2.41387e-08 0.0170026 -6.44477e-09 -1.63563e-11 -6.44477e-09 1.03722e-06 
2
0
0
-0.00122093
0.0220062 7.26371e-08 -3.87538e-11 7.26371e-08 0.0250061 -1.73336e-08 -3.87538e-11 -1.73336e-08 1.03685e-06 
3
0
0
-0.000400973
0.0290117 1.62417e-07 -6.08777e-11 1.62417e-07 0.0330113 -3.11465e-08 -6.08777e-11 -3.11465e-08 1.03711e-06 
4
0
0
-0.000583886
0.036019 1.99345e-07 -6.86669e-11 1.99345e-07 0.0410185 -4.77373e-08 -6.86669e-11 -4.77373e-08 1.03672e-06 
5
0
0
2.24454e-05
0.043028 2.6739e-07 -7.60032e-11 2.6739e-07 0.0490275 -6.6885e-08 -7.60032e-11 -6.6885e-08 1.03632e-06 
6
0
0
-0.00111205
0.0500387 2.5699e-07 -6.34155e-11 2.5699e-07 0.0570384 -8.82418e-08 -6.34155e-11 -8.82418e-08 1.03601e-06 
7
0
-0.0534507
-0.00124057
0.0570507 4.42237e-07 -6.73139e-11 4.42237e-07 0.0650513 -1.11423e-07 -6.73139e-11 -1.11423e-07 1.03577e-06 
8
0
-0.068436
-0.000107781
0.0640641 6.78542e-07 -5.04915e-11 6.78542e-07 0.0730661 -1.36044e-07 -5.04915e-11 -1.36044e-07 1.03559e-06 
9
0
-0.0850225
-0.000233643
0.0710785 6.88381e-07 1.09881e-11 6.88381e-07 0.0810826 -1.61741e-07 1.09881e-11 -1.61741e-07 1.03545e-06 
10
0
-0.103073
-0.000526035
0.0780938 7.29805e-07 6.52107e-11 7.29805e-07 0.0891008 -1.88177e-07 6.52107e-11 -1.88177e-07 1.03535e-06 
11
0
-0.122479
-0.00127838
0.0851099 8.55016e-07 1.21789e-10 8.55016e-07 0.0971206 -2.15049e-07 1.21789e-10 -2.15049e-07 1.03528e-06 
12
0
-0.143718
-0.000880243
0.0921267 1.21696e-06 1.71173e-10 1.21696e-06 0.105142 -2.42085e-07 1.71173e-10 -2.42085e-07 1.03523e-06 
13
0
-0.166473
0.000462516
0.099144 1.47916e-06 2.6186e-10 1.47916e-06 0.113165 -2.69049e-07 2.6186e-10 -2.69049e-07 1.03519e-06 
14
0
-0.18943
-0.000233479
0.106162 1.29056e-06 4.05085e-10 1.29056e-06 0.121188 -2.9574e-07 4.05085e-10 -2.9574e-07 1.03517e-06 
15
0
-0.213797
-0.000331144
0.11318 1.34976e-06 4.97642e-10 1.34976e-06 0.129214 -3.21987e-07 4.97642e-10 -3.21987e-07 1.03515e-06 
16
0
-0.238989
-0.000474851
0.120198 1.45212e-06 6.0616e-10 1.45212e-06 0.13724 -3.47651e-07 6.0616e-10 -3.47651e-07 1.03515e-06 
17
0
-0.265231
-0.000354718
0.127217 1.62234e-06 7.20148e-10 1.62234e-06 0.145267 -3.72618e-07 7.20148e-10 -3.72618e-07 1.03514e-06 
18
0
-0.292623
0.000340654
0.134236 1.74876e-06 8.50468e-10 1.74876e-06 0.153294 -3.96805e-07 8.50468e-10 -3.96805e-07 1.03514e-06 
19
0
-0.319662
-0.00114281
0.141255 1.55131e-06 1.01502e-09 1.55131e-06 0.161323 -4.20141e-07 1.01502e-09 -4.20141e-07 1.03514e-06 
20
0
-0.348217
-0.000681488
0.148274 2.08837e-06 1.09727e-09 2.08837e-06 0.169352 -4.42582e-07 1.09727e-09 -4.42582e-07 1.03515e-06 
21
0
-0.377259
-0.000170043
0.155293 2.41007e-06 1.24411e-09 2.41007e-06 0.177382 -4.64097e-07 1.24411e-09 -4.64097e-07 1.03515e-06 
22
0
-0.406784
0.000365364
0.162313 2.46549e-06 1.41167e-09 2.46549e-06 0.185412 -4.84667e-07 1.41167e-09 -4.84667e-07 1.03515e-06 
23
0
-0.43569
-0.000238102
0.169332 2.215e-06 1.59156e-09 2.215e-06 0.193443 -5.0429e-07 1.59156e-09 -5.0429e-07 1.03516e-06 
24
0
-0.465375
-0.000200127
0.176352 2.31823e-06 1.72328e-09 2.31823e-06 0.201475 -5.22966e-07 1.72328e-09 -5.22966e-07 1.03517e-06 
25
0
-0.49506
-0.00107996
0.183371 2.40287e-06 1.87419e-09 2.40287e-06 0.209506 -5.40709e-07 1.87419e-09 -5.40709e-07 1.03517e-06 
26
0
-0.525935
-0.000200796
0.190391 3.06687e-06 1.98416e-09 3.06687e-06 0.217538 -5.57535e-07 1.98416e-09 -5.57535e-07 1.03518e-06 
27
0
-0.556828
0.000351514
0.197411 3.1609e-06 2.1687e-09 3.1609e-06 0.22557 -5.73469e-07 2.1687e-09 -5.73469e-07 1.03518e-06 
28
0
-0.587463
-0.000306335
0.20443 2.8706e-06 2.35977e-09 2.8706e-06 0.233603 -5.88536e-07 2.35977e-09 -5.88536e-07 1.03519e-06 
29
0
-0.619101
0.000278392
0.21145 3.05073e-06 2.49595e-09 3.05073e-06 0.241636 -6.0277e-07 2.49595e-09 -6.0277e-07 1.03519e-06 
30
0
-0.650324
0.000397002
0.21847 2.79687e-06 2.68193e-09 2.79687e-06 0.249669 -6.16197e-07 2.68193e-09 -6.16197e-07 1.03519e-06 
31
0
-0.681353
-0.000201068
0.22549 2.44303e-06 2.85748e-09 2.44303e-06 0.257702 -6.28853e-07 2.85748e-09 -6.28853e-07 1.0352e-06 
32
0
-0.712757
-0.000554817
0.23251 2.56045e-06 2.99418e-09 2.56045e-06 0.265735 -6.40767e-07 2.99418e-09 -6.40767e-07 1.0352e-06 
33
0
-0.74419
-0.000654203
0.23953 2.97652e-06 3.13059e-09 2.97652e-06 0.273769 -6.51977e-07 3.13059e-09 -6.51977e-07 1.0352e-06 
34
0
-0.776009
-0.000222821
0.24655 3.49148e-06 3.27568e-09 3.49148e-06 0.281802 -6.62517e-07 3.27568e-09 -6.62517e-07 1.03521e-06 
35
0
-0.80835
0.00062348
0.253569 3.64259e-06 3.45038e-09 3.64259e-06 0.289836 -6.7242e-07 3.45038e-09 -6.7242e-07 1.03521e-06 
36
0
-0.839967
0.000240535
0.260589 3.03174e-06 3.65952e-09 3.03174e-06 0.29787 -6.81719e-07 3.65952e-09 -6.81719e-07 1.03521e-06 
37
0
-0.871021
-0.000580934
0.267609 2.76182e-06 3.81613e-09 2.76182e-06 0.305903 -6.90446e-07 3.81613e-09 -6.90446e-07 1.03521e-06 
38
0
-0.902904
-0.000226377
0.274629 3.2721e-06 3.93213e-09 3.2721e-06 0.313937 -6.98629e-07 3.93213e-09 -6.98629e-07 1.03521e-06 
39
0
-0.93493
-0.000341862
0.281649 3.44851e-06 4.09686e-09 3.44851e-06 0.321971 -7.063e-07 4.09686e-09 -7.063e-07 1.03522e-06 
40
0
-0.967363
-0.000399714
0.288669 3.74694e-06 4.24935e-09 3.74694e-06 0.330005 -7.13488e-07 4.24935e-09 -7.13488e-07 1.03522e-06 
41
0
-1.00009
0.000244048
0.295689 4.11371e-06 4.40257e-09 4.11371e-06 0.33804 -7.20219e-07 4.40257e-09 -7.20219e-07 1.03522e-06 
42
0
-1.03225
-0.000203405
0.302709 3.80887e-06 4.59443e-09 3.80887e-06 0.346074 -7.26525e-07 4.59443e-09 -7.26525e-07 1.03522e-06 
43
0
-1.06361
-0.00116122
0.309729 3.98285e-06 4.73896e-09 3.98285e-06 0.354108 -7.32425e-07 4.73896e-09 -7.32425e-07 1.03522e-06 
44
0
-1.09651
-0.00033809
0.316749 5.22463e-06 4.83743e-09 5.22463e-06 0.362142 -7.37945e-07 4.83743e-09 -7.37945e-07 1.03522e-06 
45
0
-1.12917
-0.000193819
0.323769 5.56161e-06 5.01931e-09 5.56161e-06 0.370177 -7.4311e-07 5.01931e-09 -7.4311e-07 1.03522e-06 
46
0
-1.16251
0.000686139
0.330789 5.73972e-06 5.18823e-09 5.73972e-06 0.378211 -7.47941e-07 5.18823e-09 -7.47941e-07 1.03522e-06 
47
0
-1.1947
0.000566943
0.337809 4.87938e-06 5.40024e-09 4.87938e-06 0.386245 -7.52455e-07 5.40024e-09 -7.52455e-07 1.03522e-06 
48
0
-1.22612
-0.000477037
0.344829 4.14591e-06 5.57115e-09 4.14591e-06 0.39428 -7.56675e-07 5.57115e-09 -7.56675e-07 1.03522e-06 
49
0
-1.25844
-0.000451053
0.351849 4.68869e-06 5.67784e-09 4.68869e-06 0.402314 -7.60618e-07 5.67784e-09 -7.60618e-07 1.03522e-06 
50
0
-1.28957
-0.00189492
0.358869 5.21071e-06 5.8218e-09 5.21071e-06 0.410349 -7.64304e-07 5.8218e-09 -7.64304e-07 1.03522e-06 
51
0
-1.32335
-0.000197863
0.365889 7.60246e-06 5.88525e-09 7.60246e-06 0.418383 -7.67746e-07 5.88525e-09 -7.67746e-07 1.03522e-06 
52
0
-1.35628
8.7236e-05
0.372909 7.81498e-06 6.10145e-09 7.81498e-06 0.426418 -7.70958e-07 6.10145e-09 -7.70958e-07 1.03522e-06 
53
0
-1.38854
-0.000993156
0.379929 7.65112e-06 6.28562e-09 7.65112e-06 0.434452 -7.73961e-07 6.28562e-09 -7.73961e-07 1.03522e-06 
54
0
-1.42217
-2.63612e-05
0.386949 8.95772e-06 6.38851e-09 8.95772e-06 0.442487 -7.76765e-07 6.38851e-09 -7.76765e-07 1.03522e-06 
55
0
-1.45402
-0.000333355
0.393969 8.94708e-06 6.58269e-09 8.94708e-06 0.450521 -7.79383e-07 6.58269e-09 -7.79383e-07 1.03522e-06 
56
0
-1.48662
-0.000441494
0.400989 9.37114e-06 6.72739e-09 9.37114e-06 0.458556 -7.81828e-07 6.72739e-09 -7.81828e-07 1.03522e-06 
57
0
-1.51804
-0.000905966
0.408009 9.95925e-06 6.87321e-09 9.95925e-06 0.46659 -7.8411e-07 6.87321e-09 -7.8411e-07 1.03523e-06 
58
0
-1.5506
-0.000433881
0.415029 1.12388e-05 6.99263e-09 1.12388e-05 0.474625 -7.86239e-07 6.99263e-09 -7.86239e-07 1.03523e-06 
59
0
-1.58365
0.000356756
0.422049 1.18379e-05 7.15841e-09 1.18379e-05 0.482659 -7.88225e-07 7.15841e-09 -7.88225e-07 1.03523e-06 
60
0
-1.61619
-0.000105312
0.429069 1.12499e-05 7.35912e-09 1.12499e-05 0.490694 -7.90077e-07 7.35912e-09 -7.90077e-07 1.03523e-06 
61
0
-1.64883
-0.00101115
0.436089 1.13648e-05 7.504e-09 1.13648e-05 0.498728 -7.91807e-07 7.504e-09 -7.91807e-07 1.03523e-06 
62
0
-1.68246
-1.38798e-05
0.443109 1.29009e-05 7.60738e-09 1.29009e-05 0.506763 -7.9342e-07 7.60738e-09 -7.9342e-07 1.03523e-06 
63
0
-1.71492
0.000211395
0.450129 1.28755e-05 7.80238e-09 1.28755e-05 0.514798 -7.94925e-07 7.80238e-09 -7.94925e-07 1.03523e-06 
64
0
-1.74685
-0.000444629
0.457149 1.24863e-05 7.97921e-09 1.24863e-05 0.522832 -7.96329e-07 7.97921e-09 -7.96329e-07 1.03523e-06 
65
0
-1.77985
-0.000190155
0.464169 1.31689e-05 8.1036e-09 1.31689e-05 0.530867 -7.97638e-07 8.1036e-09 -7.97638e-07 1.03523e-06 
66
0
-1.81363
0.000615243
0.471189 1.34385e-05 8.26521e-09 1.34385e-05 0.538901 -7.98859e-07 8.26521e-09 -7.98859e-07 1.03523e-06 
67
0
-1.8461
-0.000259449
0.478209 1.23495e-05 8.47136e-09 1.23495e-05 0.546936 -7.99998e-07 8.47136e-09 -7.99998e-07 1.03523e-06 
68
0
-1.87857
-0.000689459
0.485229 1.27477e-05 8.59567e-09 1.27477e-05 0.554971 -8.0106e-07 8.59567e-09 -8.0106e-07 1.03523e-06 
69
0
-1.91169
-5.08803e-05
0.492249 1.39023e-05 8.71791e-09 1.39023e-05 0.563005 -8.02047e-07 8.71791e-09 -8.02047e-07 1.03523e-06 
70
0
-1.94404
-0.000240491
0.499269 1.39447e-05 8.89701e-09 1.39447e-05 0.57104 -8.02972e-07 8.89701e-09 -8.02972e-07 1.03523e-06 
71
0
-1.97653
-0.000648462
0.506289 1.43286e-05 9.04497e-09 1.43286e-05 0.579075 -8.03831e-07 9.04497e-09 -8.03831e-07 1.03523e-06 
72
0
-2.00961
-0.000833087
0.513309 1.5461e-05 9.17275e-09 1.5461e-05 0.587109 -8.04634e-07 9.17275e-09 -8.04634e-07 1.03523e-06 
73
0
-2.04332
0.000390447
0.520329 1.69505e-05 9.30613e-09 1.69505e-05 0.595144 -8.05383e-07 9.30613e-09 -8.05383e-07 1.03523e-06 
74
0
-2.07539
-0.000306696
0.527349 1.61725e-05 9.52087e-09 1.61725e-05 0.603178 -8.06082e-07 9.52087e-09 -8.06082e-07 1.03523e-06 
75
0
-2.10851
-0.0006128
0.534369 1.67063e-05 9.65144e-09 1.67063e-05 0.611213 -8.06733e-07 9.65144e-09 -8.06733e-07 1.03523e-06 
76
0
-2.14167
-9.03478e-05
0.541389 1.7836e-05 9.78347e-09 1.7836e-05 0.619248 -8.0734e-07 9.78347e-09 -8.0734e-07 1.03523e-06 
77
0
-2.17502
0.000733781
0.548409 1.79641e-05 9.95871e-09 1.79641e-05 0.627282 -8.07907e-07 9.95871e-09 -8.07907e-07 1.03523e-06 
78
0
-2.20679
-0.000302261
0.555429 1.64695e-05 1.01672e-08 1.64695e-05 0.635317 -8.08435e-07 1.01672e-08 -8.08435e-07 1.03523e-06 
79
0
-2.23976
5.28647e-05
0.562449 1.70256e-05 1.02805e-08 1.70256e-05 0.643352 -8.08928e-07 1.02805e-08 -8.08928e-07 1.03523e-06 
80
0
-2.27212
-6.67265e-05
0.569469 1.68709e-05 1.04461e-08 1.68709e-05 0.651386 -8.09387e-07 1.04461e-08 -8.09387e-07 1.03523e-06 
81
0
-2.30465
-0.000549378
0.576489 1.69599e-05 1.05961e-08 1.69599e-05 0.659421 -8.09816e-07 1.05961e-08 -8.09816e-07 1.03523e-06 
82
0
-2.33736
6.36898e-05
0.583509 1.80512e-05 1.07214e-08 1.80512e-05 0.667456 -8.10216e-07 1.07214e-08 -8.10216e-07 1.03523e-06 
83
0
-2.36998
-0.000237844
0.590529 1.78698e-05 1.08987e-08 1.78698e-05 0.67549 -8.10587e-07 1.08987e-08 -8.10587e-07 1.03523e-06 
84
0
-2.40257
-0.000413827
0.597549 1.83272e-05 1.10413e-08 1.83272e-05 0.683525 -8.10935e-07 1.10413e-08 -8.10935e-07 1.03523e-06 
85
0
-2.43496
-0.000908901
0.604569 1.9169e-05 1.11804e-08 1.9169e-05 0.69156 -8.1126e-07 1.11804e-08 -8.1126e-07 1.03523e-06 
86
0
-2.46822
-1.22854e-05
0.611589 2.10979e-05 1.12973e-08 2.10979e-05 0.699594 -8.11563e-07 1.12973e-08 -8.11563e-07 1.03523e-06 
87
0
-2.50169
0.000371597
0.618609 2.10771e-05 1.14863e-08 2.10771e-05 0.707629 -8.11844e-07 1.14863e-08 -8.11844e-07 1.03523e-06 
88
0
-2.53461
0.000929519
0.625629 2.02023e-05 1.16727e-08 2.02023e-05 0.715664 -8.12108e-07 1.16727e-08 -8.12108e-07 1.03523e-06 
89
0
-2.56654
-0.000202238
0.632649 1.80623e-05 1.18719e-08 1.80623e-05 0.723698 -8.12352e-07 1.18719e-08 -8.12352e-07 1.03523e-06 
90
0
-2.59937
-0.000495656
0.639669 1.84749e-05 1.19803e-08 1.84749e-05 0.731733 -8.12582e-07 1.19803e-08 -8.12582e-07 1.03523e-06 
91
0
-2.63239
-0.000247472
0.646689 1.95679e-05 1.21074e-08 1.95679e-05 0.739768 -8.12798e-07 1.21074e-08 -8.12798e-07 1.03523e-06 
92
0
-2.66569
0.000148818
0.653709 2.00959e-05 1.22651e-08 2.00959e-05 0.747802 -8.12997e-07 1.22651e-08 -8.12997e-07 1.03523e-06 
93
0
-2.69871
0.000212826
0.660729 1.9698e-05 1.24415e-08 1.9698e-05 0.755837 -8.13185e-07 1.24415e-08 -8.13185e-07 1.03523e-06 
94
0
-2.73214
0.00096054
0.667749 1.91441e-05 1.26068e-08 1.91441e-05 0.763872 -8.13357e-07 1.26068e-08 -8.13357e-07 1.03523e-06 
95
0
-2.76334
-0.000475372
0.674769 1.6788e-05 1.28116e-08 1.6788e-05 0.771906 -8.13519e-07 1.28116e-08 -8.13519e-07 1.03523e-06 
96
0
-2.79672
0.000703378
0.681789 1.78946e-05 1.28999e-08 1.78946e-05 0.779941 -8.13672e-07 1.28999e-08 -8.13672e-07 1.03523e-06 
97
0
-2.82916
0.000271258
0.688809 1.61207e-05 1.31049e-08 1.61207e-05 0.787976 -8.13814e-07 1.31049e-08 -8.13814e-07 1.03523e-06 
98
0
-2.86203
-0.000132642
0.695829 1.54003e-05 1.32513e-08 1.54003e-05 0.79601 -8.13951e-07 1.32513e-08 -8.13951e-07 1.03523e-06 
99
0
-2.89472
-0.000734689
0.702849 1.56846e-05 1.33841e-08 1.56846e-05 0.804045 -8.14077e-07 1.33841e-08 -8.14077e-07 1.03523e-06 
100
0
-2.9282
0.000374008
0.709869 1.74954e-05 1.34964e-08 1.74954e-05 0.81208 -8.14194e-07 1.34964e-08 -8.14194e-07 1.03523e-06 
101
0
-2.96114
0.000583708
0.716889 1.64918e-05 1.36973e-08 1.64918e-05 0.820114 -8.14302e-07 1.36973e-08 -8.14302e-07 1.03523e-06 
102
0
-2.99458
0.00112563
0.723909 1.49375e-05 1.38766e-08 1.49375e-05 0.828149 -8.14404e-07 1.38766e-08 -8.14404e-07 1.03523e-06 
103
0
-3.02679
0.000537679
0.730929 1.19561e-05 1.40759e-08 1.19561e-05 0.836184 -8.14498e-07 1.40759e-08 -8.14498e-07 1.03523e-06 
104
0
-3.05837
-0.000621979
0.737949 1.04933e-05 1.42165e-08 1.04933e-05 0.844218 -8.14587e-07 1.42165e-08 -8.14587e-07 1.03523e-06 
105
0
-3.09291
0.000930129
0.744969 1.20978e-05 1.43023e-08 1.20978e-05 0.852253 -8.14671e-07 1.43023e-08 -8.14671e-07 1.03523e-06 
106
0
-3.12521
-3.49382e-05
0.751989 9.5551e-06 1.45284e-08 9.5551e-06 0.860288 -8.14747e-07 1.45284e-08 -8.14747e-07 1.03523e-06 
107
0
-3.15728
-0.000906189
0.759009 9.60171e-06 1.46487e-08 9.60171e-06 0.868322 -8.1482e-07 1.46487e-08 -8.1482e-07 1.03523e-06 
108
0
-3.191
6.28012e-05
0.766029 1.20302e-05 1.47404e-08 1.20302e-05 0.876357 -8.14889e-07 1.47404e-08 -8.14889e-07 1.03523e-06 
109
0
-3.22418
0.000587874
0.773049 1.18089e-05 1.49264e-08 1.18089e-05 0.884392 -8.14953e-07 1.49264e-08 -8.14953e-07 1.03523e-06 
110
0
-3.25678
0.000294742
0.780069 1.01245e-05 1.5116e-08 1.01245e-05 0.892426 -8.15015e-07 1.5116e-08 -8.15015e-07 1.03523e-06 
111
0
-3.28906
-7.7999e-05
0.787089 9.24854e-06 1.52646e-08 9.24854e-06 0.900461 -8.15073e-07 1.52646e-08 -8.15073e-07 1.03523e-06 
112
0
-3.32194
0.000184809
0.794109 9.42157e-06 1.53956e-08 9.42157e-06 0.908496 -8.15127e-07 1.53956e-08 -8.15127e-07 1.03523e-06 
113
0
-3.35447
0.000691896
0.801129 8.845e-06 1.55568e-08 8.845e-06 0.91653 -8.15177e-07 1.55568e-08 -8.15177e-07 1.03523e-06 
114
0
-3.38659
0.000445086
0.808149 6.80077e-06 1.57397e-08 6.80077e-06 0.924565 -8.15223e-07 1.57397e-08 -8.15223e-07 1.03523e-06 
115
0
-3.41758
-0.000943597
0.815169 5.45732e-06 1.58887e-08 5.45732e-06 0.9326 -8.15268e-07 1.58887e-08 -8.15268e-07 1.03523e-06 
116
0
-3.45038
-0.000659005
0.822189 8.17945e-06 1.5958e-08 8.17945e-06 0.940634 -8.15312e-07 1.5958e-08 -8.15312e-07 1.03523e-06 
117
0
-3.4841
0.000741127
0.829209 1.00827e-05 1.60961e-08 1.00827e-05 0.948669 -8.1535e-07 1.60961e-08 -8.1535e-07 1.03523e-06 
118
0
-3.5162
0.000387766
0.836229 7.82121e-06 1.63185e-08 7.82121e-06 0.956704 -8.15388e-07 1.63185e-08 -8.15388e-07 1.03523e-06 
119
0
-3.54797
-0.000162912
0.843249 6.60519e-06 1.64694e-08 6.60519e-06 0.964738 -8.15423e-07 1.64694e-08 -8.15423e-07 1.03523e-06 
120
0
-3.58126
0.000244459
0.850269 7.05188e-06 1.65897e-08 7.05188e-06 0.972773 -8.15456e-07 1.65897e-08 -8.15456e-07 1.03523e-06 
121
0
-3.61374
0.000335112
0.857289 6.25505e-06 1.67575e-08 6.25505e-06 0.980808 -8.15488e-07 1.67575e-08 -8.15488e-07 1.03523e-06 
122
0
-3.64671
0.000304158
0.864309 5.17208e-06 1.69182e-08 5.17208e-06 0.988842 -8.15518e-07 1.69182e-08 -8.15518e-07 1.03523e-06 
123
0
-3.67981
0.000828797
0.871329 4.17698e-06 1.70739e-08 4.17698e-06 0.996877 -8.15548e-07 1.70739e-08 -8.15548e-07 1.03523e-06 
124
0
-3.71245
0.00086543
0.878349 1.52745e-06 1.72605e-08 1.52745e-06 1.00491 -8.15575e-07 1.72605e-08 -8.15575e-07 1.03523e-06 
125
0
-3.74474
0.000321338
0.885369 -1.25902e-06 1.74301e-08 -1.25902e-06 1.01295 -8.15601e-07 1.74301e-08 -8.15601e-07 1.03523e-06 
126
0
-3.77698
-0.000143941
0.892389 -2.33208e-06 1.7562e-08 -2.33208e-06 1.02098 -8.15626e-07 1.7562e-08 -8.15626e-07 1.03523e-06 
127
0
-3.80943
1.49213e-05
0.899409 -1.91754e-06 1.76834e-08 -1.91754e-06 1.02902 -8.15649e-07 1.76834e-08 -8.15649e-07 1.03523e-06 
128
0
-3.84208
-0.000466852
0.906429 -2.01411e-06 1.78326e-08 -2.01411e-06 1.03705 -8.15671e-07 1.78326e-08 -8.15671e-07 1.03523e-06 
129
0
-3.87493
-0.000147839
0.913449 -5.37809e-07 1.79532e-08 -5.37809e-07 1.04508 -8.15692e-07 1.79532e-08 -8.15692e-07 1.03523e-06 
130
0
-3.90743
4.23478e-05
0.920469 -9.95372e-08 1.81085e-08 -9.95372e-08 1.05312 -8.15711e-07 1.81085e-08 -8.15711e-07 1.03523e-06 
131
0
-3.94012
-0.000444039
0.927489 -2.88231e-07 1.82662e-08 -2.88231e-07 1.06115 -8.15729e-07 1.82662e-08 -8.15729e-07 1.03523e-06 
132
0
-3.97302
0.000451962
0.934509 1.14734e-06 1.83892e-08 1.14734e-06 1.06919 -8.15747e-07 1.83892e-08 -8.15747e-07 1.03523e-06 
133
0
-4.0053
-0.000343365
0.941529 -4.22709e-07 1.85793e-08 -4.22709e-07 1.07722 -8.15765e-07 1.85793e-08 -8.15765e-07 1.03523e-06 
134
0
-4.03799
2.15417e-05
0.948549 6.93855e-07 1.86951e-08 6.93855e-07 1.08526 -8.1578e-07 1.86951e-08 -8.1578e-07 1.03523e-06 
135
0
-4.07038
-0.000495331
0.955569 5.71942e-07 1.88543e-08 5.71942e-07 1.09329 -8.15795e-07 1.88543e-08 -8.15795e-07 1.03523e-06 
136
0
-4.10278
-0.000139901
0.962589 2.22914e-06 1.89749e-08 2.22914e-06 1.10133 -8.15809e-07 1.89749e-08 -8.15809e-07 1.03523e-06 
137
0
-4.1364
0.00101603
0.969609 2.66608e-06 1.91314e-08 2.66608e-06 1.10936 -8.15824e-07 1.91314e-08 -8.15824e-07 1.03523e-06 
138
0
-4.16793
-0.000125475
0.976629 -9.32106e-07 1.93504e-08 -9.32106e-07 1.1174 -8.15835e-07 1.93504e-08 -8.15835e-07 1.03523e-06 
139
0
-4.20123
0.000602112
0.983649 -5.38814e-07 1.94572e-08 -5.38814e-07 1.12543 -8.1585e-07 1.94572e-08 -8.1585e-07 1.03523e-06 
140
0
-4.23372
0.000303529
0.990669 -2.72137e-06 1.96417e-08 -2.72137e-06 1.13347 -8.15862e-07 1.96417e-08 -8.15862e-07 1.03523e-06 
141
0
-4.26648
-6.27558e-05
0.997689 -3.85327e-06 1.97882e-08 -3.85327e-06 1.1415 -8.15875e-07 1.97882e-08 -8.15875e-07 1.03523e-06 
142
0
-4.29922
8.53755e-06
1.00471 -3.67598e-06 1.99207e-08 -3.67598e-06 1.14954 -8.15888e-07 1.99207e-08 -8.15888e-07 1.03523e-06 
143
0
-4.33177
0.000314752
1.01173 -3.75524e-06 2.00702e-08 -3.75524e-06 1.15757 -8.15899e-07 2.00702e-08 -8.15899e-07 1.03523e-06 
144
0
-4.36397
-0.000344438
1.01875 -4.95121e-06 2.02365e-08 -4.95121e-06 1.16561 -8.1591e-07 2.02365e-08 -8.1591e-07 1.03523e-06 
145
0
-4.39734
0.000605651
1.02577 -3.73499e-06 2.03536e-08 -3.73499e-06 1.17364 -8.15921e-07 2.03536e-08 -8.15921e-07 1.03523e-06 
146
0
-4.42994
0.000427775
1.03279 -6.02235e-06 2.05492e-08 -6.02235e-06 1.18167 -8.15933e-07 2.05492e-08 -8.15933e-07 1.03523e-06 
147
0
-4.46246
6.63835e-05
1.03981 -7.66297e-06 2.07049e-08 -7.66297e-06 1.18971 -8.15944e-07 2.07049e-08 -8.15944e-07 1.03523e-06 
148
0
-4.4953
0.000246675
1.04683 -7.96014e-06 2.08399e-08 -7.96014e-06 1.19774 -8.15954e-07 2.08399e-08 -8.15954e-07 1.03523e-06 
149
0
-4.52754
-0.000622184
1.05385 -8.93923e-06 2.09982e-08 -8.93923e-06 1.20578 -8.15963e-07 2.09982e-08 -8.15963e-07 1.03523e-06 
150
0
-4.56087
0.000237231
1.06087 -6.62444e-06 2.11006e-08 -6.62444e-06 1.21381 -8.15973e-07 2.11006e-08 -8.15973e-07 1.03523e-06 
151
0
-4.59392
0.000422433
1.06789 -7.57997e-06 2.1284e-08 -7.57997e-06 1.22185 -8.15981e-07 2.1284e-08 -8.15981e-07 1.03523e-06 
152
0
-4.62581
-0.000508889
1.07491 -9.25435e-06 2.14547e-08 -9.25435e-06 1.22988 -8.15989e-07 2.14547e-08 -8.15989e-07 1.03523e-06 
153
0
-4.65886
-0.000474738
1.08193 -7.33118e-06 2.15572e-08 -7.33118e-06 1.23792 -8.16e-07 2.15572e-08 -8.16e-07 1.03523e-06 
154
0
-4.69174
-0.000315326
1.08895 -5.52832e-06 2.1694e-08 -5.52832e-06 1.24595 -8.16008e-07 2.1694e-08 -8.16008e-07 1.03523e-06 
155
0
-4.72443
0.00024187
1.09597 -4.33912e-06 2.18442e-08 -4.33912e-06 1.25399 -8.16014e-07 2.18442e-08 -8.16014e-07 1.03523e-06 
156
0
-4.75658
3.2533e-05
1.10299 -5.34311e-06 2.20215e-08 -5.34311e-06 1.26202 -8.16024e-07 2.20215e-08 -8.16024e-07 1.03523e-06 
157
0
-4.78936
-6.10286e-05
1.11001 -5.52094e-06 2.21657e-08 -5.52094e-06 1.27006 -8.16033e-07 2.21657e-08 -8.16033e-07 1.03523e-06 
158
0
-4.82284
0.00103157
1.11703 -5.32525e-06 2.23103e-08 -5.32525e-06 1.27809 -8.16042e-07 2.23103e-08 -8.16042e-07 1.03523e-06 
159
0
-4.85462
4.67015e-05
1.12405 -9.52742e-06 2.25244e-08 -9.52742e-06 1.28613 -8.1605e-07 2.25244e-08 -8.1605e-07 1.03523e-06 
160
0
-4.88693
-0.000115527
1.13107 -9.76514e-06 2.26406e-08 -9.76514e-06 1.29416 -8.16058e-07 2.26406e-08 -8.16058e-07 1.03523e-06 
161
0
-4.91991
0.000263264
1.13809 -9.34263e-06 2.27742e-08 -9.34263e-06 1.30219 -8.16066e-07 2.27742e-08 -8.16066e-07 1.03523e-06 
162
0
-4.95293
-0.000179655
1.14511 -1.04713e-05 2.29422e-08 -1.04713e-05 1.31023 -8.16074e-07 2.29422e-08 -8.16074e-07 1.03523e-06 
163
0
-4.98595
-1.49891e-06
1.15213 -9.77819e-06 2.30748e-08 -9.77819e-06 1.31826 -8.16081e-07 2.30748e-08 -8.16081e-07 1.03523e-06 
164
0
-5.01928
0.000604381
1.15915 -9.82054e-06 2.32302e-08 -9.82054e-06 1.3263 -8.16088e-07 2.32302e-08 -8.16088e-07 1.03523e-06 
165
0
-5.05142
-0.000470519
1.16617 -1.23947e-05 2.34182e-08 -1.23947e-05 1.33433 -8.16095e-07 2.34182e-08 -8.16095e-07 1.03523e-06 
166
0
-5.08399
0.000240158
1.17319 -1.04651e-05 2.35195e-08 -1.04651e-05 1.34237 -8.16103e-07 2.35195e-08 -8.16103e-07 1.03523e-06 
167
0
-5.11592
-0.000607981
1.18021 -1.15295e-05 2.36939e-08 -1.15295e-05 1.3504 -8.16111e-07 2.36939e-08 -8.16111e-07 1.03523e-06 
168
0
-5.14874
0.000199329
1.18723 -8.99122e-06 2.37999e-08 -8.99122e-06 1.35844 -8.1612e-07 2.37999e-08 -8.1612e-07 1.03523e-06 
169
0
-5.18126
-0.000431706
1.19425 -9.89303e-06 2.39799e-08 -9.89303e-06 1.36647 -8.16126e-07 2.39799e-08 -8.16126e-07 1.03523e-06 
170
0
-5.21345
-0.000922126
1.20127 -8.08292e-06 2.41012e-08 -8.08292e-06 1.37451 -8.16135e-07 2.41012e-08 -8.16135e-07 1.03523e-06 
171
0
-5.24712
0.000253453
1.20829 -4.13789e-06 2.421e-08 -4.13789e-06 1.38254 -8.16144e-07 2.421e-08 -8.16144e-07 1.03523e-06 
172
0
-5.28022
-0.000141191
1.21531 -5.29069e-06 2.44111e-08 -5.29069e-06 1.39058 -8.16152e-07 2.44111e-08 -8.16152e-07 1.03523e-06 
173
0
-5.31247
-0.000449369
1.22233 -4.7207e-06 2.45537e-08 -4.7207e-06 1.39861 -8.1616e-07 2.45537e-08 -8.1616e-07 1.03523e-06 
174
0
-5.34553
6.18015e-05
1.22935 -2.78899e-06 2.4682e-08 -2.78899e-06 1.40665 -8.16168e-07 2.4682e-08 -8.16168e-07 1.03523e-06 
175
0
-5.37753
-0.000672411
1.23637 -3.11162e-06 2.48535e-08 -3.11162e-06 1.41468 -8.16175e-07 2.48535e-08 -8.16175e-07 1.03523e-06 
176
0
-5.41059
7.80046e-05
1.24339 -1.62847e-07 2.49646e-08 -1.62847e-07 1.42271 -8.1618e-07 2.49646e-08 -8.1618e-07 1.03523e-06 
177
0
-5.44407
0.000900976
1.25041 -5.61269e-07 2.51439e-08 -5.61269e-07 1.43075 -8.16187e-07 2.51439e-08 -8.16187e-07 1.03523e-06 
178
0
-5.47635
-0.000459936
1.25743 -4.67204e-06 2.53523e-08 -4.67204e-06 1.43878 -8.16192e-07 2.53523e-08 -8.16192e-07 1.03523e-06 
179
0
-5.50931
-0.000352146
1.26445 -2.63544e-06 2.54476e-08 -2.63544e-06 1.44682 -8.162e-07 2.54476e-08 -8.162e-07 1.03523e-06 
180
0
-5.54252
0.000296206
1.27147 -1.07866e-06 2.55899e-08 -1.07866e-06 1.45485 -8.16207e-07 2.55899e-08 -8.16207e-07 1.03523e-06 
181
0
-5.57468
7.81559e-05
1.27849 -2.4854e-06 2.57741e-08 -2.4854e-06 1.46289 -8.16214e-07 2.57741e-08 -8.16214e-07 1.03523e-06 
182
0
-5.60726
-0.00015497
1.28551 -2.89445e-06 2.59213e-08 -2.89445e-06 1.47092 -8.16221e-07 2.59213e-08 -8.16221e-07 1.03523e-06 
183
0
-5.63996
-0.000353643
1.29253 -2.22487e-06 2.60596e-08 -2.22487e-06 1.47896 -8.16229e-07 2.60596e-08 -8.16229e-07 1.03523e-06 
184
0
-5.67292
-0.000105422
1.29955 -6.25426e-07 2.61953e-08 -6.25426e-07 1.48699 -8.16237e-07 2.61953e-08 -8.16237e-07 1.03523e-06 
185
0
-5.70602
0.000356897
1.30657 -1.80212e-07 2.63544e-08 -1.80212e-07 1.49503 -8.16244e-07 2.63544e-08 -8.16244e-07 1.03523e-06 
186
0
-5.73941
0.00105393
1.31359 -1.91052e-06 2.65342e-08 -1.91052e-06 1.50306 -8.16253e-07 2.65342e-08 -8.16253e-07 1.03523e-06 
187
0
-5.77146
9.00516e-06
1.32061 -6.95162e-06 2.6739e-08 -6.95162e-06 1.5111 -8.16261e-07 2.6739e-08 -8.16261e-07 1.03523e-06 
188
0
-5.80425
-5.18386e-05
1.32763 -7.04331e-06 2.68529e-08 -7.04331e-06 1.51913 -8.16268e-07 2.68529e-08 -8.16268e-07 1.03523e-06 
189
0
-5.83729
0.000231289
1.33465 -6.84398e-06 2.69944e-08 -6.84398e-06 1.52717 -8.16276e-07 2.69944e-08 -8.16276e-07 1.03523e-06 
190
0
-5.87058
0.000543098
1.34167 -8.00602e-06 2.71604e-08 -8.00602e-06 1.5352 -8.16283e-07 2.71604e-08 -8.16283e-07 1.03523e-06 
191
0
-5.90275
-7.84264e-06
1.34869 -1.06826e-05 2.73376e-08 -1.06826e-05 1.54323 -8.16289e-07 2.73376e-08 -8.16289e-07 1.03523e-06 
192
0
-5.935
-0.000402778
1.35571 -1.06933e-05 2.7467e-08 -1.06933e-05 1.55127 -8.16293e-07 2.7467e-08 -8.16293e-07 1.03523e-06 
193
0
-5.96818
-1.83089e-05
1.36273 -8.77302e-06 2.75891e-08 -8.77302e-06 1.5593 -8.163e-07 2.75891e-08 -8.163e-07 1.03523e-06 
194
0
-6.00088
0.000322301
1.36975 -8.73198e-06 2.77525e-08 -8.73198e-06 1.56734 -8.16308e-07 2.77525e-08 -8.16308e-07 1.03523e-06 
195
0
-6.03356
2.53904e-05
1.37677 -1.0373e-05 2.79245e-08 -1.0373e-05 1.57537 -8.16315e-07 2.79245e-08 -8.16315e-07 1.03523e-06 
196
0
-6.06606
-0.000152765
1.38379 -1.0548e-05 2.80664e-08 -1.0548e-05 1.58341 -8.16324e-07 2.80664e-08 -8.16324e-07 1.03523e-06 
197
0
-6.09853
-7.39979e-05
1.39081 -9.83462e-06 2.82046e-08 -9.83462e-06 1.59144 -8.1633e-07 2.82046e-08 -8.1633e-07 1.03523e-06 
198
0
-6.13138
0.0002702
1.39783 -9.51245e-06 2.83542e-08 -9.51245e-06 1.59948 -8.16337e-07 2.83542e-08 -8.16337e-07 1.03523e-06 
199
0
-6.16359
0.000234496
1.40485 -1.09236e-05 2.85238e-08 -1.09236e-05 1.60751 -8.16342e-07 2.85238e-08 -8.16342e-07 1.03523e-06 
200
0
-6.19642
0.000289842
1.41187 -1.21607e-05 2.86775e-08 -1.21607e-05 1.61555 -8.1635e-07 2.86775e-08 -8.1635e-07 1.03523e-06 
201
0
-6.22909
0.000349787
1.41889 -1.36856e-05 2.88356e-08 -1.36856e-05 1.62358 -8.16357e-07 2.88356e-08 -8.16357e-07 1.03523e-06 
202
0
-6.26058
-0.00100188
1.42591 -1.55246e-05 2.89947e-08 -1.55246e-05 1.63162 -8.16363e-07 2.89947e-08 -8.16363e-07 1.03523e-06 
203
0
-6.29411
0.000231885
1.43293 -1.04213e-05 2.90691e-08 -1.04213e-05 1.63965 -8.16369e-07 2.90691e-08 -8.16369e-07 1.03523e-06 
204
0
-6.32653
0.00016561
1.43995 -1.16688e-05 2.92652e-08 -1.16688e-05 1.64769 -8.16374e-07 2.92652e-08 -8.16374e-07 1.03523e-06 
205
0
-6.35939
0.000256121
1.44697 -1.25779e-05 2.9422e-08 -1.25779e-05 1.65572 -8.16379e-07 2.9422e-08 -8.16379e-07 1.03523e-06 
206
0
-6.39188
0.000122408
1.45399 -1.39636e-05 2.95819e-08 -1.39636e-05 1.66375 -8.16384e-07 2.95819e-08 -8.16384e-07 1.03523e-06 
207
0
-6.42445
0.00014071
1.46101 -1.46547e-05 2.97291e-08 -1.46547e-05 1.67179 -8.1639e-07 2.97291e-08 -8.1639e-07 1.03523e-06 
208
0
-6.45627
-0.000254762
1.46803 -1.54453e-05 2.9881e-08 -1.54453e-05 1.67982 -8.16396e-07 2.9881e-08 -8.16396e-07 1.03523e-06 
209
0
-6.48942
0.000232232
1.47505 -1.41455e-05 3.00073e-08 -1.41455e-05 1.68786 -8.16402e-07 3.00073e-08 -8.16402e-07 1.03523e-06 
210
0
-6.52189
-0.000196675
1.48207 -1.54302e-05 3.01792e-08 -1.54302e-05 1.69589 -8.16409e-07 3.01792e-08 -8.16409e-07 1.03523e-06 
211
0
-6.55448
-3.16854e-05
1.48909 -1.4428e-05 3.03111e-08 -1.4428e-05 1.70393 -8.16418e-07 3.03111e-08 -8.16418e-07 1.03523e-06 
212
0
-6.58715
-0.000429425
1.49611 -1.4307e-05 3.04642e-08 -1.4307e-05 1.71196 -8.16425e-07 3.04642e-08 -8.16425e-07 1.03523e-06 
213
0
-6.61962
-0.000475405
1.50313 -1.20389e-05 3.05916e-08 -1.20389e-05 1.72 -8.16433e-07 3.05916e-08 -8.16433e-07 1.03523e-06 
214
0
-6.65317
0.000221907
1.51015 -9.5106e-06 3.07281e-08 -9.5106e-06 1.72803 -8.16438e-07 3.07281e-08 -8.16438e-07 1.03523e-06 
215
0
-6.68641
0.000603845
1.51717 -1.07686e-05 3.09129e-08 -1.07686e-05 1.73607 -8.16444e-07 3.09129e-08 -8.16444e-07 1.03523e-06 
216
0
-6.7191
0.000423071
1.52419 -1.41223e-05 3.10971e-08 -1.41223e-05 1.7441 -8.16453e-07 3.10971e-08 -8.16453e-07 1.03523e-06 
217
0
-6.75203
0.0003814
1.53121 -1.64975e-05 3.12523e-08 -1.64975e-05 1.75214 -8.16461e-07 3.12523e-08 -8.16461e-07 1.03523e-06 
218
0
-6.78355
-0.000604585
1.53823 -1.86533e-05 3.14084e-08 -1.86533e-05 1.76017 -8.16469e-07 3.14084e-08 -8.16469e-07 1.03523e-06 
219
0
-6.81629
-0.0010108
1.54525 -1.5348e-05 3.1504e-08 -1.5348e-05 1.76821 -8.16477e-07 3.1504e-08 -8.16477e-07 1.03523e-06 
220
0
-6.84919
-0.00039765
1.55227 -9.76331e-06 3.16126e-08 -9.76331e-06 1.77624 -8.16485e-07 3.16126e-08 -8.16485e-07 1.03523e-06 
221
0
-6.88191
8.03502e-06
1.55929 -7.58611e-06 3.1777e-08 -7.58611e-06 1.78427 -8.1649e-07 3.1777e-08 -8.1649e-07 1.03523e-06 
222
0
-6.91504
0.000400307
1.56631 -7.68066e-06 3.19481e-08 -7.68066e-06 1.79231 -8.16497e-07 3.19481e-08 -8.16497e-07 1.03523e-06 
223
0
-6.94745
-0.000778704
1.57333 -9.99173e-06 3.21274e-08 -9.99173e-06 1.80034 -8.16502e-07 3.21274e-08 -8.16502e-07 1.03523e-06 
224
0
-6.97941
-0.00136329
1.58035 -5.62167e-06 3.2221e-08 -5.62167e-06 1.80838 -8.1651e-07 3.2221e-08 -8.1651e-07 1.03523e-06 
225
0
-7.01331
-0.000355475
1.58737 2.10065e-06 3.23145e-08 2.10065e-06 1.81641 -8.16516e-07 3.23145e-08 -8.16516e-07 1.03523e-06 
226
0
-7.04613
-0.000241542
1.59439 4.0867e-06 3.2499e-08 4.0867e-06 1.82445 -8.16524e-07 3.2499e-08 -8.16524e-07 1.03523e-06 
227
0
-7.07854
-0.000137301
1.60141 5.4265e-06 3.26594e-08 5.4265e-06 1.83248 -8.16531e-07 3.26594e-08 -8.16531e-07 1.03523e-06 
228
0
-7.11148
-0.00017213
1.60843 6.17025e-06 3.28152e-08 6.17025e-06 1.84052 -8.16538e-07 3.28152e-08 -8.16538e-07 1.03523e-06 
229
0
-7.14389
-0.000310375
1.61545 7.11954e-06 3.29661e-08 7.11954e-06 1.84855 -8.16546e-07 3.29661e-08 -8.16546e-07 1.03523e-06 
230
0
-7.17643
-0.000232656
1.62247 8.87883e-06 3.31076e-08 8.87883e-06 1.85659 -8.16552e-07 3.31076e-08 -8.16552e-07 1.03523e-06 
231
0
-7.20945
9.89407e-05
1.62949 1.01911e-05 3.32585e-08 1.01911e-05 1.86462 -8.16561e-07 3.32585e-08 -8.16561e-07 1.03523e-06 
232
0
-7.24152
-2.03976e-05
1.63651 9.56001e-06 3.34286e-08 9.56001e-06 1.87266 -8.1657e-07 3.34286e-08 -8.1657e-07 1.03523e-06 
233
0
-7.27452
0.000476757
1.64353 9.63096e-06 3.35774e-08 9.63096e-06 1.88069 -8.16577e-07 3.35774e-08 -8.16577e-07 1.03523e-06 
234
0
-7.30645
-0.00100323
1.65055 6.75477e-06 3.37597e-08 6.75477e-06 1.88873 -8.16584e-07 3.37597e-08 -8.16584e-07 1.03523e-06 
235
0
-7.33988
3.52389e-05
1.65757 1.26789e-05 3.38374e-08 1.26789e-05 1.89676 -8.16592e-07 3.38374e-08 -8.16592e-07 1.03523e-06 
236
0
-7.37245
-0.000154874
1.66459 1.24186e-05 3.40253e-08 1.24186e-05 1.90479 -8.16599e-07 3.40253e-08 -8.16599e-07 1.03523e-06 
237
0
-7.40563
0.000593375
1.67161 1.32991e-05 3.41742e-08 1.32991e-05 1.91283 -8.16605e-07 3.41742e-08 -8.16605e-07 1.03523e-06 
238
0
-7.43823
0.000181424
1.67863 9.67119e-06 3.43696e-08 9.67119e-06 1.92086 -8.16611e-07 3.43696e-08 -8.16611e-07 1.03523e-06 
239
0
-7.47063
-0.000241675
1.68565 8.52295e-06 3.45153e-08 8.52295e-06 1.9289 -8.16618e-07 3.45153e-08 -8.16618e-07 1.03523e-06 
240
0
-7.50248
-0.000504945
1.69267 9.94304e-06 3.46443e-08 9.94304e-06 1.93693 -8.16625e-07 3.46443e-08 -8.16625e-07 1.03523e-06 
241
0
-7.53535
-9.1662e-05
1.69969 1.29769e-05 3.47711e-08 1.29769e-05 1.94497 -8.16633e-07 3.47711e-08 -8.16633e-07 1.03523e-06 
242
0
-7.56788
8.34319e-05
1.70671 1.34893e-05 3.49366e-08 1.34893e-05 1.953 -8.1664e-07 3.49366e-08 -8.1664e-07 1.03523e-06 
243
0
-7.60034
0.000408755
1.71373 1.29259e-05 3.51e-08 1.29259e-05 1.96104 -8.16648e-07 3.51e-08 -8.16648e-07 1.03523e-06 
244
0
-7.63301
0.000359404
1.72075 1.03491e-05 3.52739e-08 1.03491e-05 1.96907 -8.16656e-07 3.52739e-08 -8.16656e-07 1.03523e-06 
245
0
-7.66527
-0.000279659
1.72777 8.06821e-06 3.54336e-08 8.06821e-06 1.97711 -8.16665e-07 3.54336e-08 -8.16665e-07 1.03523e-06 
246
0
-7.69768
-0.000107679
1.73479 9.76174e-06 3.55544e-08 9.76174e-06 1.98514 -8.16672e-07 3.55544e-08 -8.16672e-07 1.03523e-06 
247
0
-7.72911
-0.00134018
1.74181 1.03859e-05 3.57059e-08 1.03859e-05 1.99318 -8.16681e-07 3.57059e-08 -8.16681e-07 1.03523e-06 
248
0
-7.76249
-0.000280027
1.74883 1.8758e-05 3.57808e-08 1.8758e-05 2.00121 -8.16685e-07 3.57808e-08 -8.16685e-07 1.03523e-06 
249
0
-7.79545
0.000347405
1.75585 2.04751e-05 3.59638e-08 2.04751e-05 2.00925 -8.1669e-07 3.59638e-08 -8.1669e-07 1.03523e-06 
250
0
-7.82737
-0.000799094
1.76287 1.82245e-05 3.61552e-08 1.82245e-05 2.01728 -8.16696e-07 3.61552e-08 -8.16696e-07 1.03523e-06 
251
0
-7.85958
-0.00131696
1.76989 2.32571e-05 3.62516e-08 2.32571e-05 2.02531 -8.16701e-07 3.62516e-08 -8.16701e-07 1.03523e-06 
252
0
-7.89239
-0.00073169
1.77691 3.16169e-05 3.63517e-08 3.16169e-05 2.03335 -8.16707e-07 3.63517e-08 -8.16707e-07 1.03523e-06 
253
0
-7.92449
-0.000486186
1.78393 3.62579e-05 3.6511e-08 3.62579e-05 2.04138 -8.1671e-07 3.6511e-08 -8.1671e-07 1.03523e-06 
254
0
-7.9578
0.000485485
1.79095 3.93372e-05 3.66675e-08 3.93372e-05 2.04942 -8.16716e-07 3.66675e-08 -8.16716e-07 1.03523e-06 
255
0
-7.98927
-0.000537078
1.79797 3.61503e-05 3.6874e-08 3.61503e-05 2.05745 -8.16723e-07 3.6874e-08 -8.16723e-07 1.03523e-06 
256
0
-8.02184
-0.000831651
1.80499 3.95845e-05 3.69818e-08 3.95845e-05 2.06549 -8.16729e-07 3.69818e-08 -8.16729e-07 1.03523e-06 
257
0
-8.0553
-0.000164047
1.81201 4.49507e-05 3.71035e-08 4.49507e-05 2.07352 -8.16733e-07 3.71035e-08 -8.16733e-07 1.03523e-06 
258
0
-8.08797
-0.000156543
1.81903 4.59733e-05 3.72821e-08 4.59733e-05 2.08156 -8.16739e-07 3.72821e-08 -8.16739e-07 1.03523e-06 
259
0
-8.12065
-0.000234748
1.82605 4.69508e-05 3.74398e-08 4.69508e-05 2.08959 -8.16746e-07 3.74398e-08 -8.16746e-07 1.03523e-06 
260
0
-8.15326
-1.22394e-07
1.83307 4.84476e-05 3.7589e-08 4.84476e-05 2.09763 -8.16753e-07 3.7589e-08 -8.16753e-07 1.03523e-06 
261
0
-8.1858
0.000325283
1.84009 4.83984e-05 3.77532e-08 4.83984e-05 2.10566 -8.16759e-07 3.77532e-08 -8.16759e-07 1.03523e-06 
262
0
-8.21837
0.000306758
1.84711 4.61888e-05 3.79285e-08 4.61888e-05 2.1137 -8.16765e-07 3.79285e-08 -8.16765e-07 1.03523e-06 
263
0
-8.25084
0.000912362
1.85413 4.40945e-05 3.80906e-08 4.40945e-05 2.12173 -8.16773e-07 3.80906e-08 -8.16773e-07 1.03523e-06 
264
0
-8.28378
0.000761265
1.86115 3.79408e-05 3.82851e-08 3.79408e-05 2.12977 -8.16778e-07 3.82851e-08 -8.16778e-07 1.03523e-06 
265
0
-8.31613
0.000307627
1.86817 3.27787e-05 3.84523e-08 3.27787e-05 2.1378 -8.16786e-07 3.84523e-08 -8.16786e-07 1.03523e-06 
266
0
-8.34943
0.000833298
1.87519 3.0655e-05 3.8592e-08 3.0655e-05 2.14583 -8.16793e-07 3.8592e-08 -8.16793e-07 1.03523e-06 
267
0
-8.38204
0.000668243
1.88221 2.49668e-05 3.87797e-08 2.49668e-05 2.15387 -8.168e-07 3.87797e-08 -8.168e-07 1.03523e-06 
268
0
-8.41359
-0.000403463
1.88923 2.03784e-05 3.89406e-08 2.03784e-05 2.1619 -8.16809e-07 3.89406e-08 -8.16809e-07 1.03523e-06 
269
0
-8.44642
-9.05896e-05
1.89625 2.30787e-05 3.90376e-08 2.30787e-05 2.16994 -8.16817e-07 3.90376e-08 -8.16817e-07 1.03523e-06 
270
0
-8.47967
0.000690066
1.90327 2.36483e-05 3.91918e-08 2.36483e-05 2.17797 -8.16824e-07 3.91918e-08 -8.16824e-07 1.03523e-06 
271
0
-8.51217
0.000221887
1.91029 1.88591e-05 3.93892e-08 1.88591e-05 2.18601 -8.16828e-07 3.93892e-08 -8.16828e-07 1.03523e-06 
272
0
-8.54444
-0.000101591
1.91731 1.72795e-05 3.95308e-08 1.72795e-05 2.19404 -8.16835e-07 3.95308e-08 -8.16835e-07 1.03523e-06 
273
0
-8.57759
0.000539222
1.92433 1.79321e-05 3.96629e-08 1.79321e-05 2.20208 -8.16843e-07 3.96629e-08 -8.16843e-07 1.03523e-06 
274
0
-8.60916
-0.000132022
1.93135 1.41377e-05 3.98471e-08 1.41377e-05 2.21011 -8.16849e-07 3.98471e-08 -8.16849e-07 1.03523e-06 
275
0
-8.64232
8.15527e-05
1.93837 1.50076e-05 3.99682e-08 1.50076e-05 2.21815 -8.16857e-07 3.99682e-08 -8.16857e-07 1.03523e-06 
276
0
-8.67402
-0.000689767
1.94539 1.43869e-05 4.01254e-08 1.43869e-05 2.22618 -8.16866e-07 4.01254e-08 -8.16866e-07 1.03523e-06 
277
0
-8.70662
-0.000388201
1.95241 1.91785e-05 4.02297e-08 1.91785e-05 2.23422 -8.16873e-07 4.02297e-08 -8.16873e-07 1.03523e-06 
278
0
-8.73961
0.000475554
1.95943 2.18631e-05 4.03786e-08 2.18631e-05 2.24225 -8.16878e-07 4.03786e-08 -8.16878e-07 1.03523e-06 
279
0
-8.77201
0.000332571
1.96645 1.84504e-05 4.05739e-08 1.84504e-05 2.25029 -8.16883e-07 4.05739e-08 -8.16883e-07 1.03523e-06 
280
0
-8.80444
0.00042156
1.97347 1.60401e-05 4.073e-08 1.60401e-05 2.25832 -8.16891e-07 4.073e-08 -8.16891e-07 1.03523e-06 
281
0
-8.83647
-0.000557543
1.98049 1.29878e-05 4.08904e-08 1.29878e-05 2.26636 -8.16898e-07 4.08904e-08 -8.16898e-07 1.03523e-06 
282
0
-8.86906
-0.000718059
1.98751 1.69219e-05 4.09898e-08 1.69219e-05 2.27439 -8.16905e-07 4.09898e-08 -8.16905e-07 1.03523e-06 
283
0
-8.90287
0.000789213
1.99453 2.20213e-05 4.11133e-08 2.20213e-05 2.28242 -8.1691e-07 4.11133e-08 -8.1691e-07 1.03523e-06 
284
0
-8.93473
-7.63206e-06
2.00155 1.62906e-05 4.13394e-08 1.62906e-05 2.29046 -8.16914e-07 4.13394e-08 -8.16914e-07 1.03523e-06 
285
0
-8.96613
-0.00148734
2.00857 1.62953e-05 4.14659e-08 1.62953e-05 2.29849 -8.16921e-07 4.14659e-08 -8.16921e-07 1.03523e-06 
286
0
-8.9993
-7.60929e-05
2.01559 2.70251e-05 4.15221e-08 2.70251e-05 2.30653 -8.16929e-07 4.15221e-08 -8.16929e-07 1.03523e-06 
287
0
-9.03195
-0.000478699
2.02261 2.7528e-05 4.17173e-08 2.7528e-05 2.31456 -8.16935e-07 4.17173e-08 -8.16935e-07 1.03523e-06 
288
0
-9.06457
-0.000756873
2.02963 3.09714e-05 4.18521e-08 3.09714e-05 2.3226 -8.16944e-07 4.18521e-08 -8.16944e-07 1.03523e-06 
289
0
-9.09763
-0.000534319
2.03665 3.64643e-05 4.19777e-08 3.64643e-05 2.33063 -8.16952e-07 4.19777e-08 -8.16952e-07 1.03523e-06 
290
0
-9.13133
0.000642903
2.04367 4.03407e-05 4.21284e-08 4.03407e-05 2.33867 -8.16959e-07 4.21284e-08 -8.16959e-07 1.03523e-06 
291
0
-9.16359
0.000684946
2.05069 3.55488e-05 4.23445e-08 3.55488e-05 2.3467 -8.16967e-07 4.23445e-08 -8.16967e-07 1.03523e-06 
292
0
-9.19556
0.000205069
2.05771 3.04294e-05 4.25186e-08 3.04294e-05 2.35474 -8.16976e-07 4.25186e-08 -8.16976e-07 1.03523e-06 
293
0
-9.22789
-0.000799332
2.06473 2.88561e-05 4.26545e-08 2.88561e-05 2.36277 -8.16986e-07 4.26545e-08 -8.16986e-07 1.03523e-06 
294
0
-9.26178
0.00117134
2.07175 3.47612e-05 4.27477e-08 3.47612e-05 2.37081 -8.16993e-07 4.27477e-08 -8.16993e-07 1.03523e-06 
295
0
-9.2935
-0.000482538
2.07878 2.59533e-05 4.29955e-08 2.59533e-05 2.37884 -8.16998e-07 4.29955e-08 -8.16998e-07 1.03523e-06 
296
0
-9.32647
-0.000342332
2.0858 2.95224e-05 4.30827e-08 2.95224e-05 2.38688 -8.17007e-07 4.30827e-08 -8.17007e-07 1.03523e-06 
297
0
-9.3595
0.000120533
2.09282 3.20485e-05 4.32252e-08 3.20485e-05 2.39491 -8.17013e-07 4.32252e-08 -8.17013e-07 1.03523e-06 
298
0
-9.39238
-0.000391747
2.09984 3.10874e-05 4.33982e-08 3.10874e-05 2.40294 -8.17019e-07 4.33982e-08 -8.17019e-07 1.03523e-06 
299
0
-9.42491
-0.00036883
2.10686 3.40052e-05 4.3527e-08 3.40052e-05 2.41098 -8.17025e-07 4.3527e-08 -8.17025e-07 1.03523e-06 
300
0
-9.45761
-0.000220139
2.11388 3.67587e-05 4.36697e-08 3.67587e-05 2.41901 -8.17031e-07 4.36697e-08 -8.17031e-07 1.03523e-06 
301
0
-9.49045
0.000174868
2.1209 3.83873e-05 4.38234e-08 3.83873e-05 2.42705 -8.17037e-07 4.38234e-08 -8.17037e-07 1.03523e-06 
302
0
-9.52343
0.000680012
2.12792 3.6998e-05 4.3996e-08 3.6998e-05 2.43508 -8.17042e-07 4.3996e-08 -8.17042e-07 1.03523e-06 
303
0
-9.55658
0.000566992
2.13494 3.17253e-05 4.41847e-08 3.17253e-05 2.44312 -8.17048e-07 4.41847e-08 -8.17048e-07 1.03523e-06 
304
0
-9.58968
0.0012163
2.14196 2.7306e-05 4.43486e-08 2.7306e-05 2.45115 -8.17053e-07 4.43486e-08 -8.17053e-07 1.03523e-06 
305
0
-9.62205
0.000695601
2.14898 1.78532e-05 4.45496e-08 1.78532e-05 2.45919 -8.17061e-07 4.45496e-08 -8.17061e-07 1.03523e-06 
