0
0
0
-0.000210542
0.00632102 -7.44339e-05 -4.31087e-09 -7.44339e-05 0.0065425 -1.42373e-07 -4.31087e-09 -1.42373e-07 1.21851e-06 
1
0
0
0.000590877
0.0093053 -0.000180885 -4.19965e-09 -0.000180885 0.00905162 -1.84344e-07 -4.19965e-09 -1.84344e-07 1.03651e-06 
2
0
0
-0.000236447
0.0107701 -0.000255987 -3.72463e-09 -0.000255987 0.00996569 -2.08388e-07 -3.72463e-09 -2.08388e-07 1.03685e-06 
3
0
0
-0.000703598
0.0114639 -0.000297131 -3.29338e-09 -0.000297131 0.010272 -2.19291e-07 -3.29338e-09 -2.19291e-07 1.0371e-06 
4
0
0
0.00069377
0.0117902 -0.000317565 -2.99278e-09 -0.000317565 0.0103719 -2.24945e-07 -2.99278e-09 -2.24945e-07 1.03671e-06 
5
0
0
0.000437963
0.0119437 -0.000327273 -2.77606e-09 -0.000327273 0.0104043 -2.28734e-07 -2.77606e-09 -2.28734e-07 1.03631e-06 
6
0
0
-0.000382163
0.0120159 -0.000331811 -2.61812e-09 -0.000331811 0.0104149 -2.31819e-07 -2.61812e-09 -2.31819e-07 1.036e-06 
7
0
0
-0.00112206
0.01205 -0.000333926 -2.49104e-09 -0.000333926 0.0104185 -2.3457e-07 -2.49104e-09 -2.3457e-07 1.03576e-06 
8
0
0
-0.000297456
0.0120662 -0.000334916 -2.38184e-09 -0.000334916 0.0104197 -2.37093e-07 -2.38184e-09 -2.37093e-07 1.03558e-06 
9
0
0
-0.000328901
0.0120739 -0.000335362 -2.27281e-09 -0.000335362 0.0104202 -2.3942e-07 -2.27281e-09 -2.3942e-07 1.03545e-06 
10
0
0
-0.000455896
0.0120777 -0.000335573 -2.17536e-09 -0.000335573 0.0104205 -2.41562e-07 -2.17536e-09 -2.41562e-07 1.03535e-06 
11
0
0
0.000469202
0.0120795 -0.000335676 -2.08653e-09 -0.000335676 0.0104206 -2.43525e-07 -2.08653e-09 -2.43525e-07 1.03528e-06 
12
0
0
-0.000617672
0.0120804 -0.000335713 -1.99659e-09 -0.000335713 0.0104207 -2.45314e-07 -1.99659e-09 -2.45314e-07 1.03523e-06 
13
0
0
-0.000312895
0.0120809 -0.000335751 -1.92649e-09 -0.000335751 0.0104208 -2.46937e-07 -1.92649e-09 -2.46937e-07 1.03519e-06 
14
0
0
-0.000290199
0.0120812 -0.000335765 -1.85615e-09 -0.000335765 0.0104209 -2.48403e-07 -1.85615e-09 -2.48403e-07 1.03517e-06 
15
0
0
-0.000738093
0.0120814 -0.000335774 -1.79774e-09 -0.000335774 0.010421 -2.49725e-07 -1.79774e-09 -2.49725e-07 1.03515e-06 
16
0
0
-0.000386497
0.0120815 -0.000335787 -1.74803e-09 -0.000335787 0.010421 -2.5091e-07 -1.74803e-09 -2.5091e-07 1.03514e-06 
17
0
0
-0.000379048
0.0120815 -0.000335788 -1.69717e-09 -0.000335788 0.0104211 -2.51969e-07 -1.69717e-09 -2.51969e-07 1.03514e-06 
18
0
0
-0.000628137
0.0120816 -0.00033579 -1.65197e-09 -0.00033579 0.0104211 -2.52913e-07 -1.65197e-09 -2.52913e-07 1.03514e-06 
19
0
0
-0.000563561
0.0120816 -0.000335796 -1.61312e-09 -0.000335796 0.0104212 -2.53753e-07 -1.61312e-09 -2.53753e-07 1.03514e-06 
20
0
0
0.000194882
0.0120816 -0.000335798 -1.5766e-09 -0.000335798 0.0104212 -2.54498e-07 -1.5766e-09 -2.54498e-07 1.03514e-06 
21
0
0
-0.000196659
0.0120817 -0.000335788 -1.53739e-09 -0.000335788 0.0104212 -2.55159e-07 -1.53739e-09 -2.55159e-07 1.03515e-06 
22
0
0
0.000128375
0.0120817 -0.000335791 -1.5092e-09 -0.000335791 0.0104213 -2.55743e-07 -1.5092e-09 -2.55743e-07 1.03515e-06 
23
0
0
-0.000855789
0.0120817 -0.000335788 -1.48427e-09 -0.000335788 0.0104213 -2.56261e-07 -1.48427e-09 -2.56261e-07 1.03516e-06 
24
0
0
0.000347783
0.0120817 -0.000335803 -1.4713e-09 -0.000335803 0.0104213 -2.56717e-07 -1.4713e-09 -2.56717e-07 1.03516e-06 
25
0
0
0.000106801
0.0120817 -0.00033579 -1.44429e-09 -0.00033579 0.0104213 -2.57118e-07 -1.44429e-09 -2.57118e-07 1.03517e-06 
26
0
0
9.72221e-05
0.0120817 -0.000335789 -1.42639e-09 -0.000335789 0.0104213 -2.5747e-07 -1.42639e-09 -2.5747e-07 1.03517e-06 
27
0
0
-0.000320031
0.0120817 -0.00033579 -1.41081e-09 -0.00033579 0.0104213 -2.57779e-07 -1.41081e-09 -2.57779e-07 1.03518e-06 
28
0
0
-0.000358516
0.0120817 -0.000335797 -1.40038e-09 -0.000335797 0.0104214 -2.58051e-07 -1.40038e-09 -2.58051e-07 1.03518e-06 
29
0
0
-0.000478526
0.0120817 -0.0003358 -1.3891e-09 -0.0003358 0.0104214 -2.58288e-07 -1.3891e-09 -2.58288e-07 1.03519e-06 
30
0
0
0.000124405
0.0120817 -0.000335804 -1.37961e-09 -0.000335804 0.0104214 -2.58497e-07 -1.37961e-09 -2.58497e-07 1.03519e-06 
31
0
0
-0.000356206
0.0120817 -0.000335796 -1.36201e-09 -0.000335796 0.0104214 -2.58681e-07 -1.36201e-09 -2.58681e-07 1.03519e-06 
32
0
0
-0.00022098
0.0120817 -0.0003358 -1.35378e-09 -0.0003358 0.0104214 -2.58841e-07 -1.35378e-09 -2.58841e-07 1.0352e-06 
33
0
0
-8.94985e-05
0.0120817 -0.0003358 -1.34457e-09 -0.0003358 0.0104214 -2.58982e-07 -1.34457e-09 -2.58982e-07 1.0352e-06 
34
0
0
-0.00096057
0.0120817 -0.000335798 -1.33513e-09 -0.000335798 0.0104214 -2.59104e-07 -1.33513e-09 -2.59104e-07 1.0352e-06 
35
0
0
-0.00024146
0.0120817 -0.000335811 -1.33543e-09 -0.000335811 0.0104214 -2.5921e-07 -1.33543e-09 -2.5921e-07 1.0352e-06 
36
0
0
0.000341867
0.0120817 -0.000335805 -1.32636e-09 -0.000335805 0.0104214 -2.59303e-07 -1.32636e-09 -2.59303e-07 1.03521e-06 
37
0
0
-0.000549414
0.0120817 -0.000335793 -1.31548e-09 -0.000335793 0.0104214 -2.59383e-07 -1.31548e-09 -2.59383e-07 1.03521e-06 
38
0
0
-0.00100174
0.0120817 -0.000335803 -1.317e-09 -0.000335803 0.0104214 -2.59453e-07 -1.317e-09 -2.59453e-07 1.03521e-06 
39
0
0
-0.000828116
0.0120817 -0.000335814 -1.31885e-09 -0.000335814 0.0104214 -2.59514e-07 -1.31885e-09 -2.59514e-07 1.03521e-06 
40
0
0
-0.000466555
0.0120817 -0.000335816 -1.31284e-09 -0.000335816 0.0104214 -2.59569e-07 -1.31284e-09 -2.59569e-07 1.03521e-06 
41
0
0
0.000631496
0.0120817 -0.00033581 -1.30498e-09 -0.00033581 0.0104214 -2.59615e-07 -1.30498e-09 -2.59615e-07 1.03521e-06 
42
0
0
-0.000291286
0.0120817 -0.000335791 -1.29117e-09 -0.000335791 0.0104214 -2.59656e-07 -1.29117e-09 -2.59656e-07 1.03521e-06 
43
0
0
-0.00133393
0.0120817 -0.000335798 -1.2937e-09 -0.000335798 0.0104214 -2.59691e-07 -1.2937e-09 -2.59691e-07 1.03522e-06 
44
0
0
6.15696e-05
0.0120817 -0.000335818 -1.30132e-09 -0.000335818 0.0104214 -2.59721e-07 -1.30132e-09 -2.59721e-07 1.03522e-06 
45
0
0
-0.000240434
0.0120817 -0.000335803 -1.29029e-09 -0.000335803 0.0104214 -2.59748e-07 -1.29029e-09 -2.59748e-07 1.03522e-06 
46
0
0
-1.69137e-05
0.0120817 -0.000335802 -1.28811e-09 -0.000335802 0.0104214 -2.5977e-07 -1.28811e-09 -2.5977e-07 1.03522e-06 
47
0
0
0.000336088
0.0120817 -0.000335798 -1.28421e-09 -0.000335798 0.0104214 -2.5979e-07 -1.28421e-09 -2.5979e-07 1.03522e-06 
48
0
0
-0.000139722
0.0120817 -0.000335791 -1.28211e-09 -0.000335791 0.0104214 -2.59814e-07 -1.28211e-09 -2.59814e-07 1.03522e-06 
49
0
0
0.000229486
0.0120817 -0.000335796 -1.28648e-09 -0.000335796 0.0104214 -2.59834e-07 -1.28648e-09 -2.59834e-07 1.03522e-06 
50
0
0
-3.14556e-06
0.0120817 -0.000335792 -1.28495e-09 -0.000335792 0.0104214 -2.59849e-07 -1.28495e-09 -2.59849e-07 1.03522e-06 
51
0
0
-0.000587235
0.0120817 -0.000335794 -1.28629e-09 -0.000335794 0.0104214 -2.59861e-07 -1.28629e-09 -2.59861e-07 1.03522e-06 
52
0
0
1.11021e-05
0.0120817 -0.000335804 -1.29165e-09 -0.000335804 0.0104214 -2.59871e-07 -1.29165e-09 -2.59871e-07 1.03522e-06 
53
0
0
6.90163e-05
0.0120817 -0.000335799 -1.28838e-09 -0.000335799 0.0104214 -2.59879e-07 -1.28838e-09 -2.59879e-07 1.03522e-06 
54
0
0
-0.000325801
0.0120817 -0.000335796 -1.28656e-09 -0.000335796 0.0104214 -2.59886e-07 -1.28656e-09 -2.59886e-07 1.03522e-06 
55
0
0
-0.00066731
0.0120817 -0.000335801 -1.28911e-09 -0.000335801 0.0104214 -2.59891e-07 -1.28911e-09 -2.59891e-07 1.03522e-06 
56
0
0
0.000124194
0.0120817 -0.000335808 -1.30258e-09 -0.000335808 0.0104214 -2.59894e-07 -1.30258e-09 -2.59894e-07 1.03522e-06 
57
0
0
-2.19534e-05
0.0120817 -0.000335798 -1.30404e-09 -0.000335798 0.0104214 -2.59897e-07 -1.30404e-09 -2.59897e-07 1.03522e-06 
58
0
0
-8.86389e-05
0.0120817 -0.000335797 -1.30713e-09 -0.000335797 0.0104214 -2.59899e-07 -1.30713e-09 -2.59899e-07 1.03522e-06 
59
0
0
-0.000445409
0.0120817 -0.000335798 -1.30955e-09 -0.000335798 0.0104214 -2.59901e-07 -1.30955e-09 -2.59901e-07 1.03522e-06 
60
0
0
-0.00010446
0.0120817 -0.000335803 -1.31357e-09 -0.000335803 0.0104214 -2.59901e-07 -1.31357e-09 -2.59901e-07 1.03522e-06 
61
0
0
-0.000197823
0.0120817 -0.0003358 -1.31189e-09 -0.0003358 0.0104214 -2.59901e-07 -1.31189e-09 -2.59901e-07 1.03522e-06 
62
0
0
-0.000819071
0.0120817 -0.000335801 -1.31243e-09 -0.000335801 0.0104214 -2.59901e-07 -1.31243e-09 -2.59901e-07 1.03522e-06 
63
0
0
-0.00146407
0.0120817 -0.000335811 -1.31801e-09 -0.000335811 0.0104214 -2.599e-07 -1.31801e-09 -2.599e-07 1.03522e-06 
64
0
0
-0.000237245
0.0120817 -0.000335825 -1.32029e-09 -0.000335825 0.0104214 -2.59899e-07 -1.32029e-09 -2.59899e-07 1.03522e-06 
65
0
0
-0.000578706
0.0120817 -0.00033581 -1.30865e-09 -0.00033581 0.0104214 -2.59899e-07 -1.30865e-09 -2.59899e-07 1.03522e-06 
66
0
0
-0.000212976
0.0120817 -0.00033581 -1.30647e-09 -0.00033581 0.0104214 -2.599e-07 -1.30647e-09 -2.599e-07 1.03522e-06 
67
0
0
-0.00124025
0.0120817 -0.000335805 -1.30173e-09 -0.000335805 0.0104214 -2.59902e-07 -1.30173e-09 -2.59902e-07 1.03522e-06 
68
0
0
-0.00108327
0.0120817 -0.000335819 -1.30826e-09 -0.000335819 0.0104214 -2.59905e-07 -1.30826e-09 -2.59905e-07 1.03522e-06 
69
0
0
0.000426398
0.0120817 -0.000335822 -1.30903e-09 -0.000335822 0.0104214 -2.59908e-07 -1.30903e-09 -2.59908e-07 1.03522e-06 
70
0
0
-0.000364224
0.0120817 -0.000335799 -1.29572e-09 -0.000335799 0.0104214 -2.59911e-07 -1.29572e-09 -2.59911e-07 1.03522e-06 
71
0
0
-0.000446554
0.0120817 -0.000335803 -1.29753e-09 -0.000335803 0.0104214 -2.59913e-07 -1.29753e-09 -2.59913e-07 1.03522e-06 
72
0
0
-0.000461558
0.0120817 -0.000335805 -1.29533e-09 -0.000335805 0.0104214 -2.59916e-07 -1.29533e-09 -2.59916e-07 1.03522e-06 
73
0
0
0.000649802
0.0120817 -0.000335807 -1.2928e-09 -0.000335807 0.0104214 -2.59918e-07 -1.2928e-09 -2.59918e-07 1.03522e-06 
74
0
0
0.000616893
0.0120817 -0.00033579 -1.28133e-09 -0.00033579 0.0104214 -2.59921e-07 -1.28133e-09 -2.59921e-07 1.03522e-06 
75
0
0
-0.000227491
0.0120817 -0.000335784 -1.27724e-09 -0.000335784 0.0104214 -2.59923e-07 -1.27724e-09 -2.59923e-07 1.03522e-06 
76
0
0
-0.000161707
0.0120817 -0.000335795 -1.28249e-09 -0.000335795 0.0104214 -2.59926e-07 -1.28249e-09 -2.59926e-07 1.03522e-06 
77
0
0
-0.000122739
0.0120817 -0.000335798 -1.28329e-09 -0.000335798 0.0104214 -2.59927e-07 -1.28329e-09 -2.59927e-07 1.03522e-06 
78
0
0
2.76553e-05
0.0120817 -0.000335798 -1.28296e-09 -0.000335798 0.0104214 -2.59928e-07 -1.28296e-09 -2.59928e-07 1.03522e-06 
79
0
0
0.000357921
0.0120817 -0.000335796 -1.28119e-09 -0.000335796 0.0104214 -2.59928e-07 -1.28119e-09 -2.59928e-07 1.03522e-06 
80
0
0
-0.000222283
0.0120817 -0.00033579 -1.29248e-09 -0.00033579 0.0104214 -2.5993e-07 -1.29248e-09 -2.5993e-07 1.03522e-06 
81
0
0
-4.61174e-05
0.0120817 -0.000335797 -1.30658e-09 -0.000335797 0.0104214 -2.59931e-07 -1.30658e-09 -2.59931e-07 1.03522e-06 
82
0
0
0.000330526
0.0120817 -0.000335797 -1.3123e-09 -0.000335797 0.0104214 -2.59932e-07 -1.3123e-09 -2.59932e-07 1.03522e-06 
83
0
0
-0.000553186
0.0120817 -0.000335791 -1.31224e-09 -0.000335791 0.0104214 -2.59932e-07 -1.31224e-09 -2.59932e-07 1.03522e-06 
84
0
0
-0.000348011
0.0120817 -0.000335803 -1.32039e-09 -0.000335803 0.0104214 -2.59933e-07 -1.32039e-09 -2.59933e-07 1.03522e-06 
85
0
0
-0.000464874
0.0120817 -0.000335804 -1.32161e-09 -0.000335804 0.0104214 -2.59933e-07 -1.32161e-09 -2.59933e-07 1.03522e-06 
86
0
0
5.93513e-05
0.0120817 -0.000335806 -1.32263e-09 -0.000335806 0.0104214 -2.59933e-07 -1.32263e-09 -2.59933e-07 1.03522e-06 
87
0
0
-0.000473786
0.0120817 -0.000335799 -1.31817e-09 -0.000335799 0.0104214 -2.59933e-07 -1.31817e-09 -2.59933e-07 1.03522e-06 
88
0
0
-0.0009884
0.0120817 -0.000335804 -1.31766e-09 -0.000335804 0.0104214 -2.59933e-07 -1.31766e-09 -2.59933e-07 1.03522e-06 
89
0
0
0.000125442
0.0120817 -0.000335815 -1.32096e-09 -0.000335815 0.0104214 -2.59934e-07 -1.32096e-09 -2.59934e-07 1.03522e-06 
90
0
0
-8.23118e-05
0.0120817 -0.000335801 -1.31117e-09 -0.000335801 0.0104214 -2.59934e-07 -1.31117e-09 -2.59934e-07 1.03522e-06 
91
0
0
-2.73052e-05
0.0120817 -0.000335799 -1.30868e-09 -0.000335799 0.0104214 -2.59933e-07 -1.30868e-09 -2.59933e-07 1.03522e-06 
92
0
0
-0.00095835
0.0120817 -0.000335797 -1.30658e-09 -0.000335797 0.0104214 -2.59932e-07 -1.30658e-09 -2.59932e-07 1.03522e-06 
93
0
0
-0.000439145
0.0120817 -0.000335812 -1.31376e-09 -0.000335812 0.0104214 -2.59932e-07 -1.31376e-09 -2.59932e-07 1.03522e-06 
94
0
0
-0.000712138
0.0120817 -0.000335809 -1.31171e-09 -0.000335809 0.0104214 -2.59931e-07 -1.31171e-09 -2.59931e-07 1.03522e-06 
95
0
0
-0.000464586
0.0120817 -0.000335812 -1.31318e-09 -0.000335812 0.0104214 -2.59931e-07 -1.31318e-09 -2.59931e-07 1.03522e-06 
96
0
0
-0.000433844
0.0120817 -0.000335809 -1.3092e-09 -0.000335809 0.0104214 -2.59929e-07 -1.3092e-09 -2.59929e-07 1.03522e-06 
97
0
0
0.000609246
0.0120817 -0.000335808 -1.30582e-09 -0.000335808 0.0104214 -2.59928e-07 -1.30582e-09 -2.59928e-07 1.03522e-06 
98
0
0
3.40289e-05
0.0120817 -0.000335791 -1.29457e-09 -0.000335791 0.0104214 -2.59928e-07 -1.29457e-09 -2.59928e-07 1.03522e-06 
99
0
0
-0.00117232
0.0120817 -0.000335793 -1.29532e-09 -0.000335793 0.0104214 -2.59927e-07 -1.29532e-09 -2.59927e-07 1.03522e-06 
100
0
0
-0.000679406
0.0120817 -0.000335813 -1.30559e-09 -0.000335813 0.0104214 -2.59926e-07 -1.30559e-09 -2.59926e-07 1.03522e-06 
101
0
0
0.000637809
0.0120817 -0.000335813 -1.30485e-09 -0.000335813 0.0104214 -2.59925e-07 -1.30485e-09 -2.59925e-07 1.03522e-06 
102
0
0
0.000554545
0.0120817 -0.000335792 -1.29327e-09 -0.000335792 0.0104214 -2.59925e-07 -1.29327e-09 -2.59925e-07 1.03522e-06 
103
0
0
0.000330057
0.0120817 -0.000335786 -1.29049e-09 -0.000335786 0.0104214 -2.59926e-07 -1.29049e-09 -2.59926e-07 1.03522e-06 
104
0
0
-0.000870106
0.0120817 -0.000335787 -1.29161e-09 -0.000335787 0.0104214 -2.59927e-07 -1.29161e-09 -2.59927e-07 1.03522e-06 
105
0
0
1.97021e-05
0.0120817 -0.000335806 -1.30265e-09 -0.000335806 0.0104214 -2.59927e-07 -1.30265e-09 -2.59927e-07 1.03522e-06 
106
0
0
0.000430927
0.0120817 -0.000335799 -1.29905e-09 -0.000335799 0.0104214 -2.59927e-07 -1.29905e-09 -2.59927e-07 1.03522e-06 
107
0
0
2.0755e-06
0.0120817 -0.00033579 -1.2942e-09 -0.00033579 0.0104214 -2.59926e-07 -1.2942e-09 -2.59926e-07 1.03522e-06 
108
0
0
-0.000988261
0.0120817 -0.000335794 -1.29619e-09 -0.000335794 0.0104214 -2.59926e-07 -1.29619e-09 -2.59926e-07 1.03522e-06 
109
0
0
-0.000293354
0.0120817 -0.000335811 -1.30476e-09 -0.000335811 0.0104214 -2.59925e-07 -1.30476e-09 -2.59925e-07 1.03522e-06 
110
0
0
-0.000494816
0.0120817 -0.000335806 -1.30131e-09 -0.000335806 0.0104214 -2.59925e-07 -1.30131e-09 -2.59925e-07 1.03522e-06 
111
0
0
-0.00086842
0.0120817 -0.000335807 -1.3023e-09 -0.000335807 0.0104214 -2.59925e-07 -1.3023e-09 -2.59925e-07 1.03522e-06 
112
0
0
-0.00060514
0.0120817 -0.000335814 -1.30454e-09 -0.000335814 0.0104214 -2.59928e-07 -1.30454e-09 -2.59928e-07 1.03522e-06 
113
0
0
-0.000279518
0.0120817 -0.000335812 -1.30236e-09 -0.000335812 0.0104214 -2.5993e-07 -1.30236e-09 -2.5993e-07 1.03522e-06 
114
0
0
-0.000335415
0.0120817 -0.000335806 -1.2983e-09 -0.000335806 0.0104214 -2.59931e-07 -1.2983e-09 -2.59931e-07 1.03522e-06 
115
0
0
-0.000279206
0.0120817 -0.000335805 -1.29694e-09 -0.000335805 0.0104214 -2.59931e-07 -1.29694e-09 -2.59931e-07 1.03522e-06 
116
0
0
-0.000534291
0.0120817 -0.000335804 -1.29539e-09 -0.000335804 0.0104214 -2.59931e-07 -1.29539e-09 -2.59931e-07 1.03522e-06 
117
0
0
-0.000853892
0.0120817 -0.000335807 -1.2968e-09 -0.000335807 0.0104214 -2.59931e-07 -1.2968e-09 -2.59931e-07 1.03522e-06 
118
0
0
-0.000394171
0.0120817 -0.000335814 -1.29946e-09 -0.000335814 0.0104214 -2.5993e-07 -1.29946e-09 -2.5993e-07 1.03522e-06 
119
0
0
-0.000628885
0.0120817 -0.000335809 -1.29925e-09 -0.000335809 0.0104214 -2.59933e-07 -1.29925e-09 -2.59933e-07 1.03522e-06 
120
0
0
-0.000101191
0.0120817 -0.000335811 -1.30199e-09 -0.000335811 0.0104214 -2.59934e-07 -1.30199e-09 -2.59934e-07 1.03522e-06 
121
0
0
0.000268726
0.0120817 -0.000335803 -1.29821e-09 -0.000335803 0.0104214 -2.59935e-07 -1.29821e-09 -2.59935e-07 1.03522e-06 
122
0
0
0.000141919
0.0120817 -0.000335794 -1.2943e-09 -0.000335794 0.0104214 -2.59936e-07 -1.2943e-09 -2.59936e-07 1.03522e-06 
123
0
0
0.000210687
0.0120817 -0.000335793 -1.2941e-09 -0.000335793 0.0104214 -2.59937e-07 -1.2941e-09 -2.59937e-07 1.03522e-06 
124
0
0
0.000345066
0.0120817 -0.000335791 -1.29363e-09 -0.000335791 0.0104214 -2.59937e-07 -1.29363e-09 -2.59937e-07 1.03522e-06 
125
0
0
-0.000532875
0.0120817 -0.000335789 -1.29252e-09 -0.000335789 0.0104214 -2.59937e-07 -1.29252e-09 -2.59937e-07 1.03522e-06 
126
0
0
-0.000786181
0.0120817 -0.000335801 -1.29998e-09 -0.000335801 0.0104214 -2.59936e-07 -1.29998e-09 -2.59936e-07 1.03522e-06 
127
0
0
-0.000978184
0.0120817 -0.00033581 -1.30521e-09 -0.00033581 0.0104214 -2.59936e-07 -1.30521e-09 -2.59936e-07 1.03522e-06 
128
0
0
-0.000428872
0.0120817 -0.000335817 -1.31396e-09 -0.000335817 0.0104214 -2.59934e-07 -1.31396e-09 -2.59934e-07 1.03522e-06 
129
0
0
0.000106683
0.0120817 -0.000335811 -1.3137e-09 -0.000335811 0.0104214 -2.59933e-07 -1.3137e-09 -2.59933e-07 1.03522e-06 
130
0
0
0.000467381
0.0120817 -0.0003358 -1.30986e-09 -0.0003358 0.0104214 -2.59932e-07 -1.30986e-09 -2.59932e-07 1.03522e-06 
131
0
0
-0.000820091
0.0120817 -0.00033579 -1.30572e-09 -0.00033579 0.0104214 -2.59931e-07 -1.30572e-09 -2.59931e-07 1.03522e-06 
132
0
0
5.12876e-05
0.0120817 -0.000335806 -1.31473e-09 -0.000335806 0.0104214 -2.5993e-07 -1.31473e-09 -2.5993e-07 1.03522e-06 
133
0
0
-9.85511e-05
0.0120817 -0.000335799 -1.30985e-09 -0.000335799 0.0104214 -2.5993e-07 -1.30985e-09 -2.5993e-07 1.03522e-06 
134
0
0
-0.000176475
0.0120817 -0.000335798 -1.30931e-09 -0.000335798 0.0104214 -2.5993e-07 -1.30931e-09 -2.5993e-07 1.03522e-06 
135
0
0
-0.000242136
0.0120817 -0.0003358 -1.30962e-09 -0.0003358 0.0104214 -2.59929e-07 -1.30962e-09 -2.59929e-07 1.03522e-06 
136
0
0
1.03959e-05
0.0120817 -0.000335801 -1.30664e-09 -0.000335801 0.0104214 -2.59934e-07 -1.30664e-09 -2.59934e-07 1.03522e-06 
137
0
0
-0.000934516
0.0120817 -0.000335798 -1.30215e-09 -0.000335798 0.0104214 -2.59937e-07 -1.30215e-09 -2.59937e-07 1.03522e-06 
138
0
0
0.000871772
0.0120817 -0.000335811 -1.30823e-09 -0.000335811 0.0104214 -2.59939e-07 -1.30823e-09 -2.59939e-07 1.03522e-06 
139
0
0
-0.000199462
0.0120817 -0.000335788 -1.29433e-09 -0.000335788 0.0104214 -2.5994e-07 -1.29433e-09 -2.5994e-07 1.03522e-06 
140
0
0
0.000278879
0.0120817 -0.000335796 -1.29877e-09 -0.000335796 0.0104214 -2.59939e-07 -1.29877e-09 -2.59939e-07 1.03522e-06 
141
0
0
0.000191421
0.0120817 -0.000335791 -1.29548e-09 -0.000335791 0.0104214 -2.59939e-07 -1.29548e-09 -2.59939e-07 1.03522e-06 
142
0
0
-0.000566087
0.0120817 -0.000335791 -1.29485e-09 -0.000335791 0.0104214 -2.59939e-07 -1.29485e-09 -2.59939e-07 1.03522e-06 
143
0
0
0.000146705
0.0120817 -0.000335803 -1.3065e-09 -0.000335803 0.0104214 -2.59935e-07 -1.3065e-09 -2.59935e-07 1.03522e-06 
144
0
0
-0.000130231
0.0120817 -0.000335796 -1.30594e-09 -0.000335796 0.0104214 -2.59933e-07 -1.30594e-09 -2.59933e-07 1.03522e-06 
145
0
0
6.16546e-05
0.0120817 -0.000335798 -1.30875e-09 -0.000335798 0.0104214 -2.59932e-07 -1.30875e-09 -2.59932e-07 1.03522e-06 
146
0
0
-0.000783023
0.0120817 -0.000335796 -1.30848e-09 -0.000335796 0.0104214 -2.5993e-07 -1.30848e-09 -2.5993e-07 1.03522e-06 
147
0
0
-0.000496022
0.0120817 -0.000335808 -1.31527e-09 -0.000335808 0.0104214 -2.59929e-07 -1.31527e-09 -2.59929e-07 1.03522e-06 
148
0
0
-0.000553308
0.0120817 -0.000335808 -1.31511e-09 -0.000335808 0.0104214 -2.59928e-07 -1.31511e-09 -2.59928e-07 1.03522e-06 
149
0
0
-7.68825e-05
0.0120817 -0.000335809 -1.31556e-09 -0.000335809 0.0104214 -2.59927e-07 -1.31556e-09 -2.59927e-07 1.03522e-06 
150
0
0
0.000622977
0.0120817 -0.000335802 -1.31137e-09 -0.000335802 0.0104214 -2.59927e-07 -1.31137e-09 -2.59927e-07 1.03522e-06 
151
0
0
-0.000171711
0.0120817 -0.000335788 -1.31034e-09 -0.000335788 0.0104214 -2.59927e-07 -1.31034e-09 -2.59927e-07 1.03522e-06 
152
0
0
5.35358e-05
0.0120817 -0.000335796 -1.31902e-09 -0.000335796 0.0104214 -2.59927e-07 -1.31902e-09 -2.59927e-07 1.03522e-06 
153
0
0
-0.000257983
0.0120817 -0.000335795 -1.32041e-09 -0.000335795 0.0104214 -2.59928e-07 -1.32041e-09 -2.59928e-07 1.03522e-06 
154
0
0
-0.00039656
0.0120817 -0.000335799 -1.32296e-09 -0.000335799 0.0104214 -2.59928e-07 -1.32296e-09 -2.59928e-07 1.03522e-06 
155
0
0
-0.000635409
0.0120817 -0.000335803 -1.32501e-09 -0.000335803 0.0104214 -2.59928e-07 -1.32501e-09 -2.59928e-07 1.03522e-06 
156
0
0
-0.000383279
0.0120817 -0.000335809 -1.32741e-09 -0.000335809 0.0104214 -2.59928e-07 -1.32741e-09 -2.59928e-07 1.03522e-06 
157
0
0
0.00040054
0.0120817 -0.000335807 -1.32616e-09 -0.000335807 0.0104214 -2.59927e-07 -1.32616e-09 -2.59927e-07 1.03522e-06 
158
0
0
0.000396187
0.0120817 -0.000335794 -1.31897e-09 -0.000335794 0.0104214 -2.59927e-07 -1.31897e-09 -2.59927e-07 1.03522e-06 
159
0
0
-0.0010663
0.0120817 -0.000335789 -1.30987e-09 -0.000335789 0.0104214 -2.5993e-07 -1.30987e-09 -2.5993e-07 1.03522e-06 
160
0
0
-0.000299182
0.0120817 -0.00033581 -1.31704e-09 -0.00033581 0.0104214 -2.5993e-07 -1.31704e-09 -2.5993e-07 1.03522e-06 
161
0
0
3.70751e-05
0.0120817 -0.000335806 -1.3115e-09 -0.000335806 0.0104214 -2.59931e-07 -1.3115e-09 -2.59931e-07 1.03522e-06 
162
0
0
-0.000749829
0.0120817 -0.000335799 -1.30617e-09 -0.000335799 0.0104214 -2.59931e-07 -1.30617e-09 -2.59931e-07 1.03522e-06 
163
0
0
-0.000979729
0.0120817 -0.000335809 -1.31017e-09 -0.000335809 0.0104214 -2.59931e-07 -1.31017e-09 -2.59931e-07 1.03522e-06 
164
0
0
-0.000141813
0.0120817 -0.000335816 -1.31349e-09 -0.000335816 0.0104214 -2.5993e-07 -1.31349e-09 -2.5993e-07 1.03522e-06 
165
0
0
0.000435037
0.0120817 -0.000335806 -1.30744e-09 -0.000335806 0.0104214 -2.5993e-07 -1.30744e-09 -2.5993e-07 1.03522e-06 
166
0
0
-0.000879451
0.0120817 -0.000335793 -1.30023e-09 -0.000335793 0.0104214 -2.5993e-07 -1.30023e-09 -2.5993e-07 1.03522e-06 
167
0
0
-0.000897732
0.0120817 -0.000335808 -1.31497e-09 -0.000335808 0.0104214 -2.59925e-07 -1.31497e-09 -2.59925e-07 1.03522e-06 
168
0
0
-0.000267024
0.0120817 -0.000335815 -1.32268e-09 -0.000335815 0.0104214 -2.59922e-07 -1.32268e-09 -2.59922e-07 1.03522e-06 
169
0
0
-0.00105019
0.0120817 -0.000335807 -1.32062e-09 -0.000335807 0.0104214 -2.5992e-07 -1.32062e-09 -2.5992e-07 1.03522e-06 
170
0
0
0.000219235
0.0120817 -0.000335817 -1.32727e-09 -0.000335817 0.0104214 -2.59919e-07 -1.32727e-09 -2.59919e-07 1.03522e-06 
171
0
0
0.000771805
0.0120817 -0.0003358 -1.31919e-09 -0.0003358 0.0104214 -2.59919e-07 -1.31919e-09 -2.59919e-07 1.03522e-06 
172
0
0
0.000105075
0.0120817 -0.000335785 -1.31221e-09 -0.000335785 0.0104214 -2.59917e-07 -1.31221e-09 -2.59917e-07 1.03522e-06 
173
0
0
-0.000321
0.0120817 -0.00033579 -1.31599e-09 -0.00033579 0.0104214 -2.59917e-07 -1.31599e-09 -2.59917e-07 1.03522e-06 
174
0
0
0.000683353
0.0120817 -0.000335799 -1.32046e-09 -0.000335799 0.0104214 -2.59916e-07 -1.32046e-09 -2.59916e-07 1.03522e-06 
175
0
0
-0.000307039
0.0120817 -0.000335786 -1.31311e-09 -0.000335786 0.0104214 -2.59916e-07 -1.31311e-09 -2.59916e-07 1.03522e-06 
176
0
0
-8.79415e-05
0.0120817 -0.000335797 -1.32339e-09 -0.000335797 0.0104214 -2.59916e-07 -1.32339e-09 -2.59916e-07 1.03522e-06 
177
0
0
-0.000452613
0.0120817 -0.000335798 -1.32596e-09 -0.000335798 0.0104214 -2.59916e-07 -1.32596e-09 -2.59916e-07 1.03522e-06 
178
0
0
-0.000218834
0.0120817 -0.000335804 -1.33035e-09 -0.000335804 0.0104214 -2.59916e-07 -1.33035e-09 -2.59916e-07 1.03522e-06 
179
0
0
0.000405568
0.0120817 -0.000335802 -1.33061e-09 -0.000335802 0.0104214 -2.59915e-07 -1.33061e-09 -2.59915e-07 1.03522e-06 
180
0
0
0.000201437
0.0120817 -0.000335792 -1.32638e-09 -0.000335792 0.0104214 -2.59915e-07 -1.32638e-09 -2.59915e-07 1.03522e-06 
181
0
0
-5.22377e-05
0.0120817 -0.000335791 -1.32668e-09 -0.000335791 0.0104214 -2.59914e-07 -1.32668e-09 -2.59914e-07 1.03522e-06 
182
0
0
3.51645e-05
0.0120817 -0.000335795 -1.32849e-09 -0.000335795 0.0104214 -2.59913e-07 -1.32849e-09 -2.59913e-07 1.03522e-06 
183
0
0
0.000336277
0.0120817 -0.000335795 -1.32829e-09 -0.000335795 0.0104214 -2.59913e-07 -1.32829e-09 -2.59913e-07 1.03522e-06 
184
0
0
-0.000206608
0.0120817 -0.00033579 -1.32516e-09 -0.00033579 0.0104214 -2.59913e-07 -1.32516e-09 -2.59913e-07 1.03522e-06 
185
0
0
0.000144539
0.0120817 -0.000335797 -1.32818e-09 -0.000335797 0.0104214 -2.59914e-07 -1.32818e-09 -2.59914e-07 1.03522e-06 
186
0
0
-0.000323925
0.0120817 -0.000335794 -1.32565e-09 -0.000335794 0.0104214 -2.59913e-07 -1.32565e-09 -2.59913e-07 1.03522e-06 
187
0
0
-0.000663791
0.0120817 -0.0003358 -1.32862e-09 -0.0003358 0.0104214 -2.59913e-07 -1.32862e-09 -2.59913e-07 1.03522e-06 
188
0
0
-0.000188534
0.0120817 -0.000335808 -1.33263e-09 -0.000335808 0.0104214 -2.59912e-07 -1.33263e-09 -2.59912e-07 1.03522e-06 
189
0
0
-0.000137529
0.0120817 -0.000335803 -1.33038e-09 -0.000335803 0.0104214 -2.59912e-07 -1.33038e-09 -2.59912e-07 1.03522e-06 
190
0
0
-0.00120588
0.0120817 -0.000335801 -1.32908e-09 -0.000335801 0.0104214 -2.59912e-07 -1.32908e-09 -2.59912e-07 1.03522e-06 
191
0
0
-0.000670379
0.0120817 -0.000335817 -1.33818e-09 -0.000335817 0.0104214 -2.59913e-07 -1.33818e-09 -2.59913e-07 1.03522e-06 
192
0
0
-0.000532263
0.0120817 -0.000335814 -1.33708e-09 -0.000335814 0.0104214 -2.59914e-07 -1.33708e-09 -2.59914e-07 1.03522e-06 
193
0
0
-0.000173107
0.0120817 -0.000335811 -1.33645e-09 -0.000335811 0.0104214 -2.59914e-07 -1.33645e-09 -2.59914e-07 1.03522e-06 
194
0
0
0.0010065
0.0120817 -0.000335804 -1.33395e-09 -0.000335804 0.0104214 -2.59914e-07 -1.33395e-09 -2.59914e-07 1.03522e-06 
195
0
0
5.54866e-05
0.0120817 -0.000335783 -1.32346e-09 -0.000335783 0.0104214 -2.59914e-07 -1.32346e-09 -2.59914e-07 1.03522e-06 
196
0
0
-0.000725295
0.0120817 -0.00033579 -1.32844e-09 -0.00033579 0.0104214 -2.59914e-07 -1.32844e-09 -2.59914e-07 1.03522e-06 
197
0
0
-0.000792179
0.0120817 -0.000335805 -1.33636e-09 -0.000335805 0.0104214 -2.59913e-07 -1.33636e-09 -2.59913e-07 1.03522e-06 
198
0
0
-0.000773724
0.0120817 -0.000335812 -1.33927e-09 -0.000335812 0.0104214 -2.59913e-07 -1.33927e-09 -2.59913e-07 1.03522e-06 
199
0
0
-0.000619125
0.0120817 -0.000335814 -1.34415e-09 -0.000335814 0.0104214 -2.59914e-07 -1.34415e-09 -2.59914e-07 1.03522e-06 
200
0
0
-1.45703e-05
0.0120817 -0.000335812 -1.34627e-09 -0.000335812 0.0104214 -2.59916e-07 -1.34627e-09 -2.59916e-07 1.03522e-06 
201
0
0
0.000687928
0.0120817 -0.000335802 -1.34252e-09 -0.000335802 0.0104214 -2.59916e-07 -1.34252e-09 -2.59916e-07 1.03522e-06 
202
0
0
0.00016811
0.0120817 -0.000335787 -1.33502e-09 -0.000335787 0.0104214 -2.59917e-07 -1.33502e-09 -2.59917e-07 1.03522e-06 
203
0
0
0.000252411
0.0120817 -0.00033579 -1.33714e-09 -0.00033579 0.0104214 -2.59917e-07 -1.33714e-09 -2.59917e-07 1.03522e-06 
204
0
0
-0.000202051
0.0120817 -0.000335789 -1.33778e-09 -0.000335789 0.0104214 -2.59917e-07 -1.33778e-09 -2.59917e-07 1.03522e-06 
205
0
0
5.45241e-05
0.0120817 -0.000335796 -1.34242e-09 -0.000335796 0.0104214 -2.59916e-07 -1.34242e-09 -2.59916e-07 1.03522e-06 
206
0
0
-0.000184043
0.0120817 -0.000335795 -1.34138e-09 -0.000335795 0.0104214 -2.59916e-07 -1.34138e-09 -2.59916e-07 1.03522e-06 
207
0
0
0.000292919
0.0120817 -0.000335798 -1.34448e-09 -0.000335798 0.0104214 -2.59915e-07 -1.34448e-09 -2.59915e-07 1.03522e-06 
208
0
0
0.000347967
0.0120817 -0.000335792 -1.34228e-09 -0.000335792 0.0104214 -2.59914e-07 -1.34228e-09 -2.59914e-07 1.03522e-06 
209
0
0
-0.00055644
0.0120817 -0.000335789 -1.34127e-09 -0.000335789 0.0104214 -2.59914e-07 -1.34127e-09 -2.59914e-07 1.03522e-06 
210
0
0
-0.000676943
0.0120817 -0.000335802 -1.34911e-09 -0.000335802 0.0104214 -2.59913e-07 -1.34911e-09 -2.59913e-07 1.03522e-06 
211
0
0
-0.000368549
0.0120817 -0.000335809 -1.35357e-09 -0.000335809 0.0104214 -2.59912e-07 -1.35357e-09 -2.59912e-07 1.03522e-06 
212
0
0
-0.000693931
0.0120817 -0.000335806 -1.35263e-09 -0.000335806 0.0104214 -2.59912e-07 -1.35263e-09 -2.59912e-07 1.03522e-06 
213
0
0
-0.000738933
0.0120817 -0.000335811 -1.35389e-09 -0.000335811 0.0104214 -2.59911e-07 -1.35389e-09 -2.59911e-07 1.03522e-06 
214
0
0
-0.000396264
0.0120817 -0.000335813 -1.35414e-09 -0.000335813 0.0104214 -2.59912e-07 -1.35414e-09 -2.59912e-07 1.03522e-06 
215
0
0
-0.000116886
0.0120817 -0.000335809 -1.35669e-09 -0.000335809 0.0104214 -2.59915e-07 -1.35669e-09 -2.59915e-07 1.03522e-06 
216
0
0
0.000658378
0.0120817 -0.000335802 -1.35866e-09 -0.000335802 0.0104214 -2.59916e-07 -1.35866e-09 -2.59916e-07 1.03522e-06 
217
0
0
0.00123419
0.0120817 -0.000335788 -1.3549e-09 -0.000335788 0.0104214 -2.59915e-07 -1.3549e-09 -2.59915e-07 1.03522e-06 
218
0
0
-0.000481786
0.0120817 -0.000335773 -1.34931e-09 -0.000335773 0.0104214 -2.59914e-07 -1.34931e-09 -2.59914e-07 1.03522e-06 
219
0
0
-2.55476e-05
0.0120817 -0.000335795 -1.36303e-09 -0.000335795 0.0104214 -2.59914e-07 -1.36303e-09 -2.59914e-07 1.03522e-06 
220
0
0
-0.000198472
0.0120817 -0.000335796 -1.364e-09 -0.000335796 0.0104214 -2.59913e-07 -1.364e-09 -2.59913e-07 1.03522e-06 
221
0
0
-0.000443679
0.0120817 -0.000335799 -1.36649e-09 -0.000335799 0.0104214 -2.59913e-07 -1.36649e-09 -2.59913e-07 1.03522e-06 
222
0
0
-0.000949205
0.0120817 -0.000335804 -1.36907e-09 -0.000335804 0.0104214 -2.59913e-07 -1.36907e-09 -2.59913e-07 1.03522e-06 
223
0
0
-0.000802335
0.0120817 -0.000335814 -1.37521e-09 -0.000335814 0.0104214 -2.59913e-07 -1.37521e-09 -2.59913e-07 1.03522e-06 
224
0
0
-0.000303337
0.0120817 -0.000335815 -1.37674e-09 -0.000335815 0.0104214 -2.59913e-07 -1.37674e-09 -2.59913e-07 1.03522e-06 
225
0
0
-0.000442542
0.0120817 -0.000335808 -1.37422e-09 -0.000335808 0.0104214 -2.59912e-07 -1.37422e-09 -2.59912e-07 1.03522e-06 
226
0
0
-4.91644e-05
0.0120817 -0.000335807 -1.3752e-09 -0.000335807 0.0104214 -2.59911e-07 -1.3752e-09 -2.59911e-07 1.03522e-06 
227
0
0
-0.00090378
0.0120817 -0.000335801 -1.37272e-09 -0.000335801 0.0104214 -2.59911e-07 -1.37272e-09 -2.59911e-07 1.03522e-06 
228
0
0
-0.000760182
0.0120817 -0.000335812 -1.38015e-09 -0.000335812 0.0104214 -2.5991e-07 -1.38015e-09 -2.5991e-07 1.03522e-06 
229
0
0
-0.000295372
0.0120817 -0.000335814 -1.38161e-09 -0.000335814 0.0104214 -2.59909e-07 -1.38161e-09 -2.59909e-07 1.03522e-06 
230
0
0
0.000540193
0.0120817 -0.000335807 -1.37826e-09 -0.000335807 0.0104214 -2.59909e-07 -1.37826e-09 -2.59909e-07 1.03522e-06 
231
0
0
-0.000413834
0.0120817 -0.000335791 -1.3614e-09 -0.000335791 0.0104214 -2.59909e-07 -1.3614e-09 -2.59909e-07 1.03522e-06 
232
0
0
-0.000482668
0.0120817 -0.000335801 -1.36032e-09 -0.000335801 0.0104214 -2.59909e-07 -1.36032e-09 -2.59909e-07 1.03522e-06 
233
0
0
0.000460709
0.0120817 -0.000335805 -1.35848e-09 -0.000335805 0.0104214 -2.59909e-07 -1.35848e-09 -2.59909e-07 1.03522e-06 
234
0
0
0.000204317
0.0120817 -0.000335792 -1.34896e-09 -0.000335792 0.0104214 -2.59909e-07 -1.34896e-09 -2.59909e-07 1.03522e-06 
235
0
0
-0.000682569
0.0120817 -0.000335791 -1.34797e-09 -0.000335791 0.0104214 -2.59908e-07 -1.34797e-09 -2.59908e-07 1.03522e-06 
236
0
0
8.85966e-05
0.0120817 -0.000335805 -1.35477e-09 -0.000335805 0.0104214 -2.59908e-07 -1.35477e-09 -2.59908e-07 1.03522e-06 
237
0
0
-0.000312424
0.0120817 -0.000335798 -1.35058e-09 -0.000335798 0.0104214 -2.59907e-07 -1.35058e-09 -2.59907e-07 1.03522e-06 
238
0
0
7.56039e-05
0.0120817 -0.000335801 -1.3524e-09 -0.000335801 0.0104214 -2.59907e-07 -1.3524e-09 -2.59907e-07 1.03522e-06 
239
0
0
0.000123229
0.0120817 -0.000335797 -1.34998e-09 -0.000335797 0.0104214 -2.59907e-07 -1.34998e-09 -2.59907e-07 1.03522e-06 
240
0
0
2.33582e-07
0.0120817 -0.000335794 -1.34924e-09 -0.000335794 0.0104214 -2.59907e-07 -1.34924e-09 -2.59907e-07 1.03522e-06 
241
0
0
-0.00141415
0.0120817 -0.000335795 -1.34993e-09 -0.000335795 0.0104214 -2.59907e-07 -1.34993e-09 -2.59907e-07 1.03522e-06 
242
0
0
0.000188745
0.0120817 -0.000335818 -1.36178e-09 -0.000335818 0.0104214 -2.59906e-07 -1.36178e-09 -2.59906e-07 1.03522e-06 
243
0
0
0.000628353
0.0120817 -0.000335801 -1.35172e-09 -0.000335801 0.0104214 -2.59906e-07 -1.35172e-09 -2.59906e-07 1.03522e-06 
244
0
0
0.000497712
0.0120817 -0.000335788 -1.34431e-09 -0.000335788 0.0104214 -2.59906e-07 -1.34431e-09 -2.59906e-07 1.03522e-06 
245
0
0
-0.000792127
0.0120817 -0.000335785 -1.3424e-09 -0.000335785 0.0104214 -2.59906e-07 -1.3424e-09 -2.59906e-07 1.03522e-06 
246
0
0
0.000117914
0.0120817 -0.000335804 -1.35234e-09 -0.000335804 0.0104214 -2.59905e-07 -1.35234e-09 -2.59905e-07 1.03522e-06 
247
0
0
0.00042708
0.0120817 -0.000335797 -1.35097e-09 -0.000335797 0.0104214 -2.59905e-07 -1.35097e-09 -2.59905e-07 1.03522e-06 
248
0
0
0.000163676
0.0120817 -0.000335789 -1.34865e-09 -0.000335789 0.0104214 -2.59905e-07 -1.34865e-09 -2.59905e-07 1.03522e-06 
249
0
0
0.000104058
0.0120817 -0.000335791 -1.35024e-09 -0.000335791 0.0104214 -2.59905e-07 -1.35024e-09 -2.59905e-07 1.03522e-06 
250
0
0
0.000140069
0.0120817 -0.000335792 -1.35205e-09 -0.000335792 0.0104214 -2.59905e-07 -1.35205e-09 -2.59905e-07 1.03522e-06 
251
0
0
-2.67144e-05
0.0120817 -0.000335792 -1.35301e-09 -0.000335792 0.0104214 -2.59905e-07 -1.35301e-09 -2.59905e-07 1.03522e-06 
252
0
0
0.000368793
0.0120817 -0.000335795 -1.35438e-09 -0.000335795 0.0104214 -2.59905e-07 -1.35438e-09 -2.59905e-07 1.03522e-06 
253
0
0
-0.000284447
0.0120817 -0.000335789 -1.35161e-09 -0.000335789 0.0104214 -2.59905e-07 -1.35161e-09 -2.59905e-07 1.03522e-06 
254
0
0
-0.000199735
0.0120817 -0.000335798 -1.35649e-09 -0.000335798 0.0104214 -2.59905e-07 -1.35649e-09 -2.59905e-07 1.03522e-06 
255
0
0
5.28471e-05
0.0120817 -0.0003358 -1.36488e-09 -0.0003358 0.0104214 -2.59906e-07 -1.36488e-09 -2.59906e-07 1.03522e-06 
256
0
0
0.000447644
0.0120817 -0.000335796 -1.36861e-09 -0.000335796 0.0104214 -2.59906e-07 -1.36861e-09 -2.59906e-07 1.03522e-06 
257
0
0
4.99347e-05
0.0120817 -0.000335789 -1.36828e-09 -0.000335789 0.0104214 -2.59905e-07 -1.36828e-09 -2.59905e-07 1.03522e-06 
258
0
0
0.000142809
0.0120817 -0.000335792 -1.37211e-09 -0.000335792 0.0104214 -2.59905e-07 -1.37211e-09 -2.59905e-07 1.03522e-06 
259
0
0
-0.000365044
0.0120817 -0.000335792 -1.37287e-09 -0.000335792 0.0104214 -2.59905e-07 -1.37287e-09 -2.59905e-07 1.03522e-06 
260
0
0
-0.00145598
0.0120817 -0.0003358 -1.37751e-09 -0.0003358 0.0104214 -2.59905e-07 -1.37751e-09 -2.59905e-07 1.03522e-06 
261
0
0
0.000549965
0.0120817 -0.00033582 -1.38867e-09 -0.00033582 0.0104214 -2.59906e-07 -1.38867e-09 -2.59906e-07 1.03522e-06 
262
0
0
0.000455243
0.0120817 -0.000335796 -1.37596e-09 -0.000335796 0.0104214 -2.59905e-07 -1.37596e-09 -2.59905e-07 1.03522e-06 
263
0
0
-2.08763e-05
0.0120817 -0.000335789 -1.368e-09 -0.000335789 0.0104214 -2.59906e-07 -1.368e-09 -2.59906e-07 1.03522e-06 
264
0
0
-0.000840035
0.0120817 -0.000335793 -1.36765e-09 -0.000335793 0.0104214 -2.59907e-07 -1.36765e-09 -2.59907e-07 1.03522e-06 
265
0
0
-0.000470318
0.0120817 -0.000335808 -1.37312e-09 -0.000335808 0.0104214 -2.59907e-07 -1.37312e-09 -2.59907e-07 1.03522e-06 
266
0
0
-0.00115437
0.0120817 -0.000335808 -1.37125e-09 -0.000335808 0.0104214 -2.59907e-07 -1.37125e-09 -2.59907e-07 1.03522e-06 
267
0
0
-0.000331012
0.0120817 -0.000335819 -1.37699e-09 -0.000335819 0.0104214 -2.59906e-07 -1.37699e-09 -2.59906e-07 1.03522e-06 
268
0
0
9.02601e-05
0.0120817 -0.00033581 -1.3722e-09 -0.00033581 0.0104214 -2.59907e-07 -1.3722e-09 -2.59907e-07 1.03522e-06 
269
0
0
0.00020803
0.0120817 -0.0003358 -1.36711e-09 -0.0003358 0.0104214 -2.59907e-07 -1.36711e-09 -2.59907e-07 1.03522e-06 
270
0
0
8.4978e-05
0.0120817 -0.000335794 -1.36436e-09 -0.000335794 0.0104214 -2.59906e-07 -1.36436e-09 -2.59906e-07 1.03522e-06 
271
0
0
-0.000392325
0.0120817 -0.000335794 -1.36201e-09 -0.000335794 0.0104214 -2.59907e-07 -1.36201e-09 -2.59907e-07 1.03522e-06 
272
0
0
-0.000698805
0.0120817 -0.000335801 -1.36395e-09 -0.000335801 0.0104214 -2.59908e-07 -1.36395e-09 -2.59908e-07 1.03522e-06 
273
0
0
0.000651922
0.0120817 -0.000335809 -1.36644e-09 -0.000335809 0.0104214 -2.59908e-07 -1.36644e-09 -2.59908e-07 1.03522e-06 
274
0
0
0.00017882
0.0120817 -0.00033579 -1.35583e-09 -0.00033579 0.0104214 -2.59909e-07 -1.35583e-09 -2.59909e-07 1.03522e-06 
275
0
0
0.000186656
0.0120817 -0.000335791 -1.3568e-09 -0.000335791 0.0104214 -2.59909e-07 -1.3568e-09 -2.59909e-07 1.03522e-06 
276
0
0
-8.91741e-05
0.0120817 -0.000335791 -1.35715e-09 -0.000335791 0.0104214 -2.59908e-07 -1.35715e-09 -2.59908e-07 1.03522e-06 
277
0
0
-0.000559693
0.0120817 -0.000335795 -1.35977e-09 -0.000335795 0.0104214 -2.59907e-07 -1.35977e-09 -2.59907e-07 1.03522e-06 
278
0
0
4.74225e-05
0.0120817 -0.000335804 -1.36476e-09 -0.000335804 0.0104214 -2.59908e-07 -1.36476e-09 -2.59908e-07 1.03522e-06 
279
0
0
0.000909346
0.0120817 -0.000335798 -1.3608e-09 -0.000335798 0.0104214 -2.59909e-07 -1.3608e-09 -2.59909e-07 1.03522e-06 
280
0
0
-0.000578918
0.0120817 -0.000335782 -1.35227e-09 -0.000335782 0.0104214 -2.59909e-07 -1.35227e-09 -2.59909e-07 1.03522e-06 
281
0
0
-0.000589371
0.0120817 -0.0003358 -1.36161e-09 -0.0003358 0.0104214 -2.59909e-07 -1.36161e-09 -2.59909e-07 1.03522e-06 
282
0
0
-0.000523887
0.0120817 -0.000335807 -1.36319e-09 -0.000335807 0.0104214 -2.5991e-07 -1.36319e-09 -2.5991e-07 1.03522e-06 
283
0
0
-0.000961706
0.0120817 -0.000335808 -1.36241e-09 -0.000335808 0.0104214 -2.5991e-07 -1.36241e-09 -2.5991e-07 1.03522e-06 
284
0
0
-7.1359e-05
0.0120817 -0.000335816 -1.36614e-09 -0.000335816 0.0104214 -2.5991e-07 -1.36614e-09 -2.5991e-07 1.03522e-06 
285
0
0
0.000341916
0.0120817 -0.000335804 -1.36067e-09 -0.000335804 0.0104214 -2.59909e-07 -1.36067e-09 -2.59909e-07 1.03522e-06 
286
0
0
0.00161633
0.0120817 -0.000335794 -1.35675e-09 -0.000335794 0.0104214 -2.59909e-07 -1.35675e-09 -2.59909e-07 1.03522e-06 
287
0
0
-0.000198354
0.0120818 -0.000335769 -1.34514e-09 -0.000335769 0.0104214 -2.59909e-07 -1.34514e-09 -2.59909e-07 1.03522e-06 
288
0
0
0.000698065
0.0120817 -0.000335789 -1.35538e-09 -0.000335789 0.0104214 -2.59913e-07 -1.35538e-09 -2.59913e-07 1.03522e-06 
289
0
0
0.000158878
0.0120817 -0.000335782 -1.35094e-09 -0.000335782 0.0104214 -2.59915e-07 -1.35094e-09 -2.59915e-07 1.03522e-06 
290
0
0
0.000112267
0.0120817 -0.000335788 -1.35374e-09 -0.000335788 0.0104214 -2.59917e-07 -1.35374e-09 -2.59917e-07 1.03522e-06 
291
0
0
-0.000832024
0.0120817 -0.000335791 -1.35417e-09 -0.000335791 0.0104214 -2.59918e-07 -1.35417e-09 -2.59918e-07 1.03522e-06 
292
0
0
0.000410061
0.0120817 -0.000335807 -1.36133e-09 -0.000335807 0.0104214 -2.59918e-07 -1.36133e-09 -2.59918e-07 1.03522e-06 
293
0
0
-4.34841e-05
0.0120817 -0.000335793 -1.35248e-09 -0.000335793 0.0104214 -2.59917e-07 -1.35248e-09 -2.59917e-07 1.03522e-06 
294
0
0
-0.000250625
0.0120817 -0.000335796 -1.35337e-09 -0.000335796 0.0104214 -2.59917e-07 -1.35337e-09 -2.59917e-07 1.03522e-06 
295
0
0
-0.000385525
0.0120817 -0.0003358 -1.3481e-09 -0.0003358 0.0104214 -2.59918e-07 -1.3481e-09 -2.59918e-07 1.03522e-06 
296
0
0
-0.000377803
0.0120817 -0.000335803 -1.34501e-09 -0.000335803 0.0104214 -2.59918e-07 -1.34501e-09 -2.59918e-07 1.03522e-06 
297
0
0
0.000189789
0.0120817 -0.000335805 -1.34292e-09 -0.000335805 0.0104214 -2.59918e-07 -1.34292e-09 -2.59918e-07 1.03522e-06 
298
0
0
-0.00110338
0.0120817 -0.000335796 -1.33666e-09 -0.000335796 0.0104214 -2.59918e-07 -1.33666e-09 -2.59918e-07 1.03522e-06 
299
0
0
-0.000259385
0.0120817 -0.000335813 -1.345e-09 -0.000335813 0.0104214 -2.59918e-07 -1.345e-09 -2.59918e-07 1.03522e-06 
300
0
0
-0.000421947
0.0120817 -0.000335806 -1.33964e-09 -0.000335806 0.0104214 -2.59918e-07 -1.33964e-09 -2.59918e-07 1.03522e-06 
301
0
0
-0.000248722
0.0120817 -0.000335806 -1.33864e-09 -0.000335806 0.0104214 -2.59918e-07 -1.33864e-09 -2.59918e-07 1.03522e-06 
302
0
0
-0.00029827
0.0120817 -0.000335804 -1.33705e-09 -0.000335804 0.0104214 -2.59917e-07 -1.33705e-09 -2.59917e-07 1.03522e-06 
303
0
0
-0.0010698
0.0120817 -0.000335803 -1.34685e-09 -0.000335803 0.0104214 -2.59919e-07 -1.34685e-09 -2.59919e-07 1.03522e-06 
304
0
0
-0.000919275
0.0120817 -0.000335816 -1.36051e-09 -0.000335816 0.0104214 -2.5992e-07 -1.36051e-09 -2.5992e-07 1.03522e-06 
305
0
0
-0.00091786
0.0120817 -0.000335818 -1.36573e-09 -0.000335818 0.0104214 -2.59921e-07 -1.36573e-09 -2.59921e-07 1.03522e-06 
306
0
0
0.000271224
