0
0
0
0.000710341
0.00632102 -7.44339e-05 -4.31087e-09 -7.44339e-05 0.0065425 -1.42373e-07 -4.31087e-09 -1.42373e-07 1.21851e-06 
1
0
0
0.00050715
0.0093053 -0.000180887 -4.21885e-09 -0.000180887 0.00905162 -1.84348e-07 -4.21885e-09 -1.84348e-07 1.03651e-06 
2
0
0
0.00018346
0.0107701 -0.000255988 -3.7687e-09 -0.000255988 0.00996569 -2.08398e-07 -3.7687e-09 -2.08398e-07 1.03685e-06 
3
0
0
0.000560143
0.0114639 -0.000297128 -3.35904e-09 -0.000297128 0.010272 -2.19307e-07 -3.35904e-09 -2.19307e-07 1.0371e-06 
4
0
0
-0.000159666
0.0117902 -0.000317549 -3.07105e-09 -0.000317549 0.0103719 -2.24965e-07 -3.07105e-09 -2.24965e-07 1.03671e-06 
5
0
0
2.98399e-05
0.0119437 -0.000327279 -2.87659e-09 -0.000327279 0.0104043 -2.28758e-07 -2.87659e-09 -2.28758e-07 1.03631e-06 
6
0
0
0.000691989
0.0120159 -0.000331819 -2.72714e-09 -0.000331819 0.0104149 -2.31843e-07 -2.72714e-09 -2.31843e-07 1.036e-06 
7
0
0
1.04406e-05
0.01205 -0.000333912 -2.59797e-09 -0.000333912 0.0104184 -2.3459e-07 -2.59797e-09 -2.3459e-07 1.03576e-06 
8
0
0
0.000373017
0.0120662 -0.000334893 -2.49004e-09 -0.000334893 0.0104197 -2.37111e-07 -2.49004e-09 -2.37111e-07 1.03558e-06 
9
0
0
0.00137542
0.0120739 -0.000335343 -2.38721e-09 -0.000335343 0.0104202 -2.39437e-07 -2.38721e-09 -2.39437e-07 1.03545e-06 
10
0
0
0.00137285
0.0120777 -0.000335538 -2.28549e-09 -0.000335538 0.0104204 -2.4158e-07 -2.28549e-09 -2.4158e-07 1.03535e-06 
11
0
0
-0.000234149
0.0120795 -0.000335634 -2.20083e-09 -0.000335634 0.0104206 -2.43543e-07 -2.20083e-09 -2.43543e-07 1.03528e-06 
12
0
0
-0.000158549
0.0120804 -0.000335708 -2.13434e-09 -0.000335708 0.0104207 -2.45333e-07 -2.13434e-09 -2.45333e-07 1.03523e-06 
13
0
0
0.00100657
0.0120809 -0.000335742 -2.06405e-09 -0.000335742 0.0104208 -2.46956e-07 -2.06405e-09 -2.46956e-07 1.03519e-06 
14
0
0
-0.000280932
0.0120812 -0.000335741 -1.98787e-09 -0.000335741 0.0104209 -2.48422e-07 -1.98787e-09 -2.48422e-07 1.03517e-06 
15
0
0
5.63256e-05
0.0120814 -0.000335764 -1.9336e-09 -0.000335764 0.010421 -2.49742e-07 -1.9336e-09 -2.49742e-07 1.03515e-06 
16
0
0
0.000686855
0.0120815 -0.00033577 -1.87746e-09 -0.00033577 0.010421 -2.50925e-07 -1.87746e-09 -2.50925e-07 1.03514e-06 
17
0
0
-2.22279e-05
0.0120815 -0.000335765 -1.82187e-09 -0.000335765 0.0104211 -2.51983e-07 -1.82187e-09 -2.51983e-07 1.03514e-06 
18
0
0
0.000325872
0.0120816 -0.000335775 -1.78078e-09 -0.000335775 0.0104211 -2.52927e-07 -1.78078e-09 -2.52927e-07 1.03514e-06 
19
0
0
0.000634008
0.0120816 -0.000335775 -1.74006e-09 -0.000335775 0.0104212 -2.53768e-07 -1.74006e-09 -2.53768e-07 1.03514e-06 
20
0
0
0.000953902
0.0120817 -0.000335771 -1.70105e-09 -0.000335771 0.0104212 -2.54514e-07 -1.70105e-09 -2.54514e-07 1.03514e-06 
21
0
0
0.000139276
0.0120817 -0.000335766 -1.66484e-09 -0.000335766 0.0104212 -2.55175e-07 -1.66484e-09 -2.55175e-07 1.03515e-06 
22
0
0
0.000690656
0.0120817 -0.000335777 -1.64167e-09 -0.000335777 0.0104213 -2.55759e-07 -1.64167e-09 -2.55759e-07 1.03515e-06 
23
0
0
0.000123729
0.0120817 -0.000335774 -1.61271e-09 -0.000335774 0.0104213 -2.56275e-07 -1.61271e-09 -2.56275e-07 1.03516e-06 
24
0
0
0.000650906
0.0120817 -0.000335782 -1.5933e-09 -0.000335782 0.0104213 -2.5673e-07 -1.5933e-09 -2.5673e-07 1.03516e-06 
25
0
0
3.6952e-05
0.0120817 -0.000335777 -1.5701e-09 -0.000335777 0.0104213 -2.5713e-07 -1.5701e-09 -2.5713e-07 1.03517e-06 
26
0
0
-0.000596255
0.0120817 -0.000335785 -1.55693e-09 -0.000335785 0.0104213 -2.57482e-07 -1.55693e-09 -2.57482e-07 1.03517e-06 
27
0
0
-5.37628e-05
0.0120817 -0.000335799 -1.55256e-09 -0.000335799 0.0104214 -2.5779e-07 -1.55256e-09 -2.5779e-07 1.03518e-06 
28
0
0
0.000926766
0.0120817 -0.000335796 -1.53899e-09 -0.000335796 0.0104214 -2.5806e-07 -1.53899e-09 -2.5806e-07 1.03518e-06 
29
0
0
0.000150404
0.0120817 -0.000335779 -1.51911e-09 -0.000335779 0.0104214 -2.58297e-07 -1.51911e-09 -2.58297e-07 1.03519e-06 
30
0
0
0.000887469
0.0120817 -0.000335786 -1.5135e-09 -0.000335786 0.0104214 -2.58505e-07 -1.5135e-09 -2.58505e-07 1.03519e-06 
31
0
0
0.00156761
0.0120817 -0.000335777 -1.50094e-09 -0.000335777 0.0104214 -2.58687e-07 -1.50094e-09 -2.58687e-07 1.03519e-06 
32
0
0
0.00114125
0.0120818 -0.000335762 -1.48651e-09 -0.000335762 0.0104214 -2.58847e-07 -1.48651e-09 -2.58847e-07 1.0352e-06 
33
0
0
0.000101296
0.0120818 -0.000335764 -1.48101e-09 -0.000335764 0.0104214 -2.58987e-07 -1.48101e-09 -2.58987e-07 1.0352e-06 
34
0
0
0.00046836
0.0120817 -0.000335781 -1.48398e-09 -0.000335781 0.0104214 -2.59109e-07 -1.48398e-09 -2.59109e-07 1.0352e-06 
35
0
0
0.000727761
0.0120817 -0.000335782 -1.48102e-09 -0.000335782 0.0104214 -2.59217e-07 -1.48102e-09 -2.59217e-07 1.0352e-06 
36
0
0
0.00058315
0.0120817 -0.000335778 -1.47597e-09 -0.000335778 0.0104214 -2.5931e-07 -1.47597e-09 -2.5931e-07 1.03521e-06 
37
0
0
-0.000455021
0.0120817 -0.000335779 -1.47362e-09 -0.000335779 0.0104214 -2.59391e-07 -1.47362e-09 -2.59391e-07 1.03521e-06 
38
0
0
-0.000302855
0.0120817 -0.000335796 -1.47916e-09 -0.000335796 0.0104214 -2.59462e-07 -1.47916e-09 -2.59462e-07 1.03521e-06 
39
0
0
0.00012781
0.0120817 -0.0003358 -1.47755e-09 -0.0003358 0.0104214 -2.59524e-07 -1.47755e-09 -2.59524e-07 1.03521e-06 
40
0
0
0.000634594
0.0120817 -0.000335795 -1.47144e-09 -0.000335795 0.0104214 -2.59578e-07 -1.47144e-09 -2.59578e-07 1.03521e-06 
41
0
0
-0.000143712
0.0120817 -0.000335785 -1.46363e-09 -0.000335785 0.0104214 -2.59624e-07 -1.46363e-09 -2.59624e-07 1.03521e-06 
42
0
0
0.000286452
0.0120817 -0.000335794 -1.46619e-09 -0.000335794 0.0104214 -2.59665e-07 -1.46619e-09 -2.59665e-07 1.03521e-06 
43
0
0
-0.000244127
0.0120817 -0.00033579 -1.46598e-09 -0.00033579 0.0104214 -2.59703e-07 -1.46598e-09 -2.59703e-07 1.03522e-06 
44
0
0
0.000339055
0.0120817 -0.000335797 -1.47093e-09 -0.000335797 0.0104214 -2.59735e-07 -1.47093e-09 -2.59735e-07 1.03522e-06 
45
0
0
-0.000761214
0.0120817 -0.000335791 -1.46702e-09 -0.000335791 0.0104214 -2.59762e-07 -1.46702e-09 -2.59762e-07 1.03522e-06 
46
0
0
-0.000405098
0.0120817 -0.000335806 -1.47522e-09 -0.000335806 0.0104214 -2.59785e-07 -1.47522e-09 -2.59785e-07 1.03522e-06 
47
0
0
7.52301e-05
0.0120817 -0.000335806 -1.47446e-09 -0.000335806 0.0104214 -2.59806e-07 -1.47446e-09 -2.59806e-07 1.03522e-06 
48
0
0
0.000111754
0.0120817 -0.000335798 -1.46959e-09 -0.000335798 0.0104214 -2.59823e-07 -1.46959e-09 -2.59823e-07 1.03522e-06 
49
0
0
-0.000406938
0.0120817 -0.000335795 -1.46706e-09 -0.000335795 0.0104214 -2.59838e-07 -1.46706e-09 -2.59838e-07 1.03522e-06 
50
0
0
-0.000103386
0.0120817 -0.000335802 -1.47005e-09 -0.000335802 0.0104214 -2.59851e-07 -1.47005e-09 -2.59851e-07 1.03522e-06 
51
0
0
-0.000398437
0.0120817 -0.000335799 -1.46847e-09 -0.000335799 0.0104214 -2.59863e-07 -1.46847e-09 -2.59863e-07 1.03522e-06 
52
0
0
0.000612848
0.0120817 -0.000335803 -1.47028e-09 -0.000335803 0.0104214 -2.59874e-07 -1.47028e-09 -2.59874e-07 1.03522e-06 
53
0
0
0.000129714
0.0120817 -0.000335789 -1.46221e-09 -0.000335789 0.0104214 -2.59884e-07 -1.46221e-09 -2.59884e-07 1.03522e-06 
54
0
0
-0.000457136
0.0120817 -0.000335791 -1.46295e-09 -0.000335791 0.0104214 -2.59891e-07 -1.46295e-09 -2.59891e-07 1.03522e-06 
55
0
0
-0.000822375
0.0120817 -0.000335801 -1.4674e-09 -0.000335801 0.0104214 -2.59897e-07 -1.4674e-09 -2.59897e-07 1.03522e-06 
56
0
0
0.000975896
0.0120817 -0.000335811 -1.47208e-09 -0.000335811 0.0104214 -2.59903e-07 -1.47208e-09 -2.59903e-07 1.03522e-06 
57
0
0
0.000735905
0.0120817 -0.000335786 -1.45798e-09 -0.000335786 0.0104214 -2.59908e-07 -1.45798e-09 -2.59908e-07 1.03522e-06 
58
0
0
0.000437038
0.0120817 -0.00033578 -1.45514e-09 -0.00033578 0.0104214 -2.59912e-07 -1.45514e-09 -2.59912e-07 1.03522e-06 
59
0
0
0.000127458
0.0120817 -0.000335783 -1.45656e-09 -0.000335783 0.0104214 -2.59917e-07 -1.45656e-09 -2.59917e-07 1.03522e-06 
60
0
0
-0.000362591
0.0120817 -0.000335789 -1.45924e-09 -0.000335789 0.0104214 -2.5992e-07 -1.45924e-09 -2.5992e-07 1.03522e-06 
61
0
0
0.00084705
0.0120817 -0.000335799 -1.46362e-09 -0.000335799 0.0104214 -2.59922e-07 -1.46362e-09 -2.59922e-07 1.03522e-06 
62
0
0
0.000214577
0.0120817 -0.000335783 -1.45479e-09 -0.000335783 0.0104214 -2.59924e-07 -1.45479e-09 -2.59924e-07 1.03522e-06 
63
0
0
0.0005711
0.0120817 -0.000335787 -1.45747e-09 -0.000335787 0.0104214 -2.59926e-07 -1.45747e-09 -2.59926e-07 1.03522e-06 
64
0
0
0.000226842
0.0120817 -0.000335783 -1.455e-09 -0.000335783 0.0104214 -2.59928e-07 -1.455e-09 -2.59928e-07 1.03522e-06 
65
0
0
0.00103398
0.0120817 -0.000335787 -1.45708e-09 -0.000335787 0.0104214 -2.59929e-07 -1.45708e-09 -2.59929e-07 1.03522e-06 
66
0
0
0.000881979
0.0120817 -0.000335776 -1.45037e-09 -0.000335776 0.0104214 -2.59931e-07 -1.45037e-09 -2.59931e-07 1.03522e-06 
67
0
0
0.000167355
0.0120818 -0.000335774 -1.44796e-09 -0.000335774 0.0104214 -2.59935e-07 -1.44796e-09 -2.59935e-07 1.03522e-06 
68
0
0
0.00102743
0.0120817 -0.000335785 -1.45287e-09 -0.000335785 0.0104214 -2.59938e-07 -1.45287e-09 -2.59938e-07 1.03522e-06 
69
0
0
3.88778e-05
0.0120817 -0.000335775 -1.44647e-09 -0.000335775 0.0104214 -2.5994e-07 -1.44647e-09 -2.5994e-07 1.03522e-06 
70
0
0
0.000682968
0.0120817 -0.000335787 -1.45287e-09 -0.000335787 0.0104214 -2.59941e-07 -1.45287e-09 -2.59941e-07 1.03522e-06 
71
0
0
0.000447
0.0120817 -0.000335782 -1.44868e-09 -0.000335782 0.0104214 -2.59942e-07 -1.44868e-09 -2.59942e-07 1.03522e-06 
72
0
0
5.86065e-06
0.0120817 -0.000335783 -1.44841e-09 -0.000335783 0.0104214 -2.59942e-07 -1.44841e-09 -2.59942e-07 1.03522e-06 
73
0
0
-0.00027805
0.0120817 -0.000335791 -1.45122e-09 -0.000335791 0.0104214 -2.59942e-07 -1.45122e-09 -2.59942e-07 1.03522e-06 
74
0
0
0.00112556
0.0120817 -0.000335798 -1.45424e-09 -0.000335798 0.0104214 -2.59942e-07 -1.45424e-09 -2.59942e-07 1.03522e-06 
75
0
0
0.000279164
0.0120817 -0.000335779 -1.44016e-09 -0.000335779 0.0104214 -2.59942e-07 -1.44016e-09 -2.59942e-07 1.03522e-06 
76
0
0
0.000557713
0.0120817 -0.000335785 -1.44145e-09 -0.000335785 0.0104214 -2.59942e-07 -1.44145e-09 -2.59942e-07 1.03522e-06 
77
0
0
0.000709649
0.0120817 -0.000335783 -1.43829e-09 -0.000335783 0.0104214 -2.59942e-07 -1.43829e-09 -2.59942e-07 1.03522e-06 
78
0
0
0.000324609
0.0120817 -0.000335779 -1.43499e-09 -0.000335779 0.0104214 -2.59941e-07 -1.43499e-09 -2.59941e-07 1.03522e-06 
79
0
0
0.000601551
0.0120817 -0.000335784 -1.43674e-09 -0.000335784 0.0104214 -2.59941e-07 -1.43674e-09 -2.59941e-07 1.03522e-06 
80
0
0
0.000565781
0.0120817 -0.000335782 -1.43442e-09 -0.000335782 0.0104214 -2.59941e-07 -1.43442e-09 -2.59941e-07 1.03522e-06 
81
0
0
0.00169018
0.0120817 -0.000335781 -1.43374e-09 -0.000335781 0.0104214 -2.59941e-07 -1.43374e-09 -2.59941e-07 1.03522e-06 
82
0
0
0.00023608
0.0120818 -0.000335763 -1.42347e-09 -0.000335763 0.0104214 -2.59941e-07 -1.42347e-09 -2.59941e-07 1.03522e-06 
83
0
0
0.000442974
0.0120817 -0.00033578 -1.43346e-09 -0.00033578 0.0104214 -2.59944e-07 -1.43346e-09 -2.59944e-07 1.03522e-06 
84
0
0
0.00127842
0.0120817 -0.000335782 -1.43507e-09 -0.000335782 0.0104214 -2.59945e-07 -1.43507e-09 -2.59945e-07 1.03522e-06 
85
0
0
0.000376448
0.0120818 -0.00033577 -1.42815e-09 -0.00033577 0.0104214 -2.59946e-07 -1.42815e-09 -2.59946e-07 1.03522e-06 
86
0
0
0.000271039
0.0120817 -0.00033578 -1.43397e-09 -0.00033578 0.0104214 -2.59946e-07 -1.43397e-09 -2.59946e-07 1.03522e-06 
87
0
0
0.000909437
0.0120817 -0.000335785 -1.43635e-09 -0.000335785 0.0104214 -2.59946e-07 -1.43635e-09 -2.59946e-07 1.03522e-06 
88
0
0
0.00120675
0.0120817 -0.000335777 -1.43141e-09 -0.000335777 0.0104214 -2.59946e-07 -1.43141e-09 -2.59946e-07 1.03522e-06 
89
0
0
6.09355e-05
0.0120818 -0.000335769 -1.42737e-09 -0.000335769 0.0104214 -2.59946e-07 -1.42737e-09 -2.59946e-07 1.03522e-06 
90
0
0
0.000125557
0.0120817 -0.000335785 -1.43682e-09 -0.000335785 0.0104214 -2.59946e-07 -1.43682e-09 -2.59946e-07 1.03522e-06 
91
0
0
0.000808413
0.0120817 -0.000335789 -1.43677e-09 -0.000335789 0.0104214 -2.5995e-07 -1.43677e-09 -2.5995e-07 1.03522e-06 
92
0
0
0.000368343
0.0120817 -0.00033578 -1.42953e-09 -0.00033578 0.0104214 -2.59952e-07 -1.42953e-09 -2.59952e-07 1.03522e-06 
93
0
0
-0.000357237
0.0120817 -0.000335784 -1.42987e-09 -0.000335784 0.0104214 -2.59953e-07 -1.42987e-09 -2.59953e-07 1.03522e-06 
94
0
0
2.37302e-05
0.0120817 -0.000335797 -1.43633e-09 -0.000335797 0.0104214 -2.59953e-07 -1.43633e-09 -2.59953e-07 1.03522e-06 
95
0
0
-0.000862479
0.0120817 -0.000335796 -1.43495e-09 -0.000335796 0.0104214 -2.59952e-07 -1.43495e-09 -2.59952e-07 1.03522e-06 
96
0
0
4.8306e-05
0.0120817 -0.000335809 -1.44092e-09 -0.000335809 0.0104214 -2.59951e-07 -1.44092e-09 -2.59951e-07 1.03522e-06 
97
0
0
-0.000145209
0.0120817 -0.0003358 -1.43348e-09 -0.0003358 0.0104214 -2.59949e-07 -1.43348e-09 -2.59949e-07 1.03522e-06 
98
0
0
6.18291e-05
0.0120817 -0.0003358 -1.43246e-09 -0.0003358 0.0104214 -2.59949e-07 -1.43246e-09 -2.59949e-07 1.03522e-06 
99
0
0
4.02538e-05
0.0120817 -0.000335796 -1.42986e-09 -0.000335796 0.0104214 -2.59951e-07 -1.42986e-09 -2.59951e-07 1.03522e-06 
100
0
0
0.000161447
0.0120817 -0.000335795 -1.42924e-09 -0.000335795 0.0104214 -2.59952e-07 -1.42924e-09 -2.59952e-07 1.03522e-06 
101
0
0
-0.00023115
0.0120817 -0.000335793 -1.42791e-09 -0.000335793 0.0104214 -2.59953e-07 -1.42791e-09 -2.59953e-07 1.03522e-06 
102
0
0
0.000431787
0.0120817 -0.000335798 -1.43101e-09 -0.000335798 0.0104214 -2.59954e-07 -1.43101e-09 -2.59954e-07 1.03522e-06 
103
0
0
0.00108389
0.0120817 -0.00033579 -1.42618e-09 -0.00033579 0.0104214 -2.59955e-07 -1.42618e-09 -2.59955e-07 1.03522e-06 
104
0
0
0.000236904
0.0120817 -0.000335776 -1.41864e-09 -0.000335776 0.0104214 -2.59955e-07 -1.41864e-09 -2.59955e-07 1.03522e-06 
105
0
0
0.000143995
0.0120817 -0.000335784 -1.4227e-09 -0.000335784 0.0104214 -2.59955e-07 -1.4227e-09 -2.59955e-07 1.03522e-06 
106
0
0
0.000146122
0.0120817 -0.000335789 -1.42407e-09 -0.000335789 0.0104214 -2.59955e-07 -1.42407e-09 -2.59955e-07 1.03522e-06 
107
0
0
0.000274906
0.0120817 -0.000335791 -1.42556e-09 -0.000335791 0.0104214 -2.59954e-07 -1.42556e-09 -2.59954e-07 1.03522e-06 
108
0
0
-0.000526499
0.0120817 -0.000335789 -1.42524e-09 -0.000335789 0.0104214 -2.59954e-07 -1.42524e-09 -2.59954e-07 1.03522e-06 
109
0
0
0.000477828
0.0120817 -0.000335802 -1.43194e-09 -0.000335802 0.0104214 -2.59954e-07 -1.43194e-09 -2.59954e-07 1.03522e-06 
110
0
0
4.24487e-05
0.0120817 -0.00033579 -1.4257e-09 -0.00033579 0.0104214 -2.59954e-07 -1.4257e-09 -2.59954e-07 1.03522e-06 
111
0
0
0.000803363
0.0120817 -0.000335793 -1.42772e-09 -0.000335793 0.0104214 -2.59954e-07 -1.42772e-09 -2.59954e-07 1.03522e-06 
112
0
0
0.000569164
0.0120817 -0.000335782 -1.42171e-09 -0.000335782 0.0104214 -2.59954e-07 -1.42171e-09 -2.59954e-07 1.03522e-06 
113
0
0
5.63214e-05
0.0120817 -0.000335781 -1.42183e-09 -0.000335781 0.0104214 -2.59953e-07 -1.42183e-09 -2.59953e-07 1.03522e-06 
114
0
0
0.000508383
0.0120817 -0.000335789 -1.42598e-09 -0.000335789 0.0104214 -2.59952e-07 -1.42598e-09 -2.59952e-07 1.03522e-06 
115
0
0
0.000338286
0.0120817 -0.000335785 -1.422e-09 -0.000335785 0.0104214 -2.59953e-07 -1.422e-09 -2.59953e-07 1.03522e-06 
116
0
0
6.65312e-05
0.0120817 -0.000335786 -1.42143e-09 -0.000335786 0.0104214 -2.59953e-07 -1.42143e-09 -2.59953e-07 1.03522e-06 
117
0
0
0.000351795
0.0120817 -0.000335791 -1.42298e-09 -0.000335791 0.0104214 -2.59954e-07 -1.42298e-09 -2.59954e-07 1.03522e-06 
118
0
0
-8.44536e-05
0.0120817 -0.000335788 -1.42078e-09 -0.000335788 0.0104214 -2.59955e-07 -1.42078e-09 -2.59955e-07 1.03522e-06 
119
0
0
-0.000186303
0.0120817 -0.000335794 -1.42361e-09 -0.000335794 0.0104214 -2.59956e-07 -1.42361e-09 -2.59956e-07 1.03522e-06 
120
0
0
3.49407e-05
0.0120817 -0.000335798 -1.42556e-09 -0.000335798 0.0104214 -2.59956e-07 -1.42556e-09 -2.59956e-07 1.03522e-06 
121
0
0
-0.000552556
0.0120817 -0.000335796 -1.42427e-09 -0.000335796 0.0104214 -2.59955e-07 -1.42427e-09 -2.59955e-07 1.03522e-06 
122
0
0
-0.000269153
0.0120817 -0.000335804 -1.42857e-09 -0.000335804 0.0104214 -2.59954e-07 -1.42857e-09 -2.59954e-07 1.03522e-06 
123
0
0
-0.000372507
0.0120817 -0.000335803 -1.42959e-09 -0.000335803 0.0104214 -2.59953e-07 -1.42959e-09 -2.59953e-07 1.03522e-06 
124
0
0
0.000906819
0.0120817 -0.000335804 -1.4316e-09 -0.000335804 0.0104214 -2.59952e-07 -1.4316e-09 -2.59952e-07 1.03522e-06 
125
0
0
-0.00047045
0.0120817 -0.000335785 -1.42117e-09 -0.000335785 0.0104214 -2.59951e-07 -1.42117e-09 -2.59951e-07 1.03522e-06 
126
0
0
-0.00028219
0.0120817 -0.000335799 -1.42976e-09 -0.000335799 0.0104214 -2.59951e-07 -1.42976e-09 -2.59951e-07 1.03522e-06 
127
0
0
-0.000242643
0.0120817 -0.000335801 -1.43057e-09 -0.000335801 0.0104214 -2.59951e-07 -1.43057e-09 -2.59951e-07 1.03522e-06 
128
0
0
0.000251299
0.0120817 -0.000335802 -1.43012e-09 -0.000335802 0.0104214 -2.59951e-07 -1.43012e-09 -2.59951e-07 1.03522e-06 
129
0
0
0.000623273
0.0120817 -0.000335794 -1.42538e-09 -0.000335794 0.0104214 -2.59951e-07 -1.42538e-09 -2.59951e-07 1.03522e-06 
130
0
0
0.000487056
0.0120817 -0.000335785 -1.41957e-09 -0.000335785 0.0104214 -2.5995e-07 -1.41957e-09 -2.5995e-07 1.03522e-06 
131
0
0
0.000848617
0.0120817 -0.000335784 -1.41814e-09 -0.000335784 0.0104214 -2.5995e-07 -1.41814e-09 -2.5995e-07 1.03522e-06 
132
0
0
0.000635761
0.0120817 -0.000335778 -1.41488e-09 -0.000335778 0.0104214 -2.59949e-07 -1.41488e-09 -2.59949e-07 1.03522e-06 
133
0
0
3.28216e-06
0.0120817 -0.000335779 -1.41562e-09 -0.000335779 0.0104214 -2.59948e-07 -1.41562e-09 -2.59948e-07 1.03522e-06 
134
0
0
-0.000408166
0.0120817 -0.000335789 -1.42115e-09 -0.000335789 0.0104214 -2.59948e-07 -1.42115e-09 -2.59948e-07 1.03522e-06 
135
0
0
0.00047059
0.0120817 -0.0003358 -1.42641e-09 -0.0003358 0.0104214 -2.59948e-07 -1.42641e-09 -2.59948e-07 1.03522e-06 
136
0
0
0.000506705
0.0120817 -0.00033579 -1.42002e-09 -0.00033579 0.0104214 -2.59948e-07 -1.42002e-09 -2.59948e-07 1.03522e-06 
137
0
0
-0.000305005
0.0120817 -0.000335785 -1.41776e-09 -0.000335785 0.0104214 -2.59948e-07 -1.41776e-09 -2.59948e-07 1.03522e-06 
138
0
0
-0.0006999
0.0120817 -0.000335796 -1.42383e-09 -0.000335796 0.0104214 -2.59948e-07 -1.42383e-09 -2.59948e-07 1.03522e-06 
139
0
0
5.54103e-05
0.0120817 -0.000335807 -1.43213e-09 -0.000335807 0.0104214 -2.59953e-07 -1.43213e-09 -2.59953e-07 1.03522e-06 
140
0
0
-0.000292351
0.0120817 -0.000335799 -1.42985e-09 -0.000335799 0.0104214 -2.59957e-07 -1.42985e-09 -2.59957e-07 1.03522e-06 
141
0
0
0.000112268
0.0120817 -0.000335802 -1.43287e-09 -0.000335802 0.0104214 -2.59959e-07 -1.43287e-09 -2.59959e-07 1.03522e-06 
142
0
0
-0.000474239
0.0120817 -0.000335796 -1.43051e-09 -0.000335796 0.0104214 -2.5996e-07 -1.43051e-09 -2.5996e-07 1.03522e-06 
143
0
0
-0.000156758
0.0120817 -0.000335803 -1.43503e-09 -0.000335803 0.0104214 -2.59961e-07 -1.43503e-09 -2.59961e-07 1.03522e-06 
144
0
0
-0.000146864
0.0120817 -0.000335801 -1.43376e-09 -0.000335801 0.0104214 -2.59961e-07 -1.43376e-09 -2.59961e-07 1.03522e-06 
145
0
0
-0.000182219
0.0120817 -0.0003358 -1.43364e-09 -0.0003358 0.0104214 -2.59961e-07 -1.43364e-09 -2.59961e-07 1.03522e-06 
146
0
0
-0.000139049
0.0120817 -0.0003358 -1.4336e-09 -0.0003358 0.0104214 -2.59961e-07 -1.4336e-09 -2.59961e-07 1.03522e-06 
147
0
0
-0.000450405
0.0120817 -0.0003358 -1.43439e-09 -0.0003358 0.0104214 -2.59963e-07 -1.43439e-09 -2.59963e-07 1.03522e-06 
148
0
0
1.75496e-05
0.0120817 -0.000335804 -1.43814e-09 -0.000335804 0.0104214 -2.59965e-07 -1.43814e-09 -2.59965e-07 1.03522e-06 
149
0
0
0.000110094
0.0120817 -0.000335799 -1.43635e-09 -0.000335799 0.0104214 -2.59966e-07 -1.43635e-09 -2.59966e-07 1.03522e-06 
150
0
0
-0.000596063
0.0120817 -0.000335795 -1.4348e-09 -0.000335795 0.0104214 -2.59966e-07 -1.4348e-09 -2.59966e-07 1.03522e-06 
151
0
0
-0.000410599
0.0120817 -0.000335805 -1.4402e-09 -0.000335805 0.0104214 -2.59966e-07 -1.4402e-09 -2.59966e-07 1.03522e-06 
152
0
0
0.000249871
0.0120817 -0.000335806 -1.44027e-09 -0.000335806 0.0104214 -2.59966e-07 -1.44027e-09 -2.59966e-07 1.03522e-06 
153
0
0
0.000385927
0.0120817 -0.000335795 -1.43457e-09 -0.000335795 0.0104214 -2.59965e-07 -1.43457e-09 -2.59965e-07 1.03522e-06 
154
0
0
0.000389946
0.0120817 -0.000335789 -1.43122e-09 -0.000335789 0.0104214 -2.59966e-07 -1.43122e-09 -2.59966e-07 1.03522e-06 
155
0
0
0.000428614
0.0120817 -0.000335787 -1.42237e-09 -0.000335787 0.0104214 -2.59966e-07 -1.42237e-09 -2.59966e-07 1.03522e-06 
156
0
0
-0.000322411
0.0120817 -0.000335786 -1.41572e-09 -0.000335786 0.0104214 -2.59966e-07 -1.41572e-09 -2.59966e-07 1.03522e-06 
157
0
0
0.000947845
0.0120817 -0.000335797 -1.41812e-09 -0.000335797 0.0104214 -2.59966e-07 -1.41812e-09 -2.59966e-07 1.03522e-06 
158
0
0
0.00105656
0.0120817 -0.000335781 -1.40678e-09 -0.000335781 0.0104214 -2.59966e-07 -1.40678e-09 -2.59966e-07 1.03522e-06 
159
0
0
0.000236421
0.0120818 -0.000335773 -1.40135e-09 -0.000335773 0.0104214 -2.59967e-07 -1.40135e-09 -2.59967e-07 1.03522e-06 
160
0
0
-0.000121684
0.0120817 -0.000335783 -1.40609e-09 -0.000335783 0.0104214 -2.59967e-07 -1.40609e-09 -2.59967e-07 1.03522e-06 
161
0
0
-0.000252489
0.0120817 -0.000335793 -1.41014e-09 -0.000335793 0.0104214 -2.59967e-07 -1.41014e-09 -2.59967e-07 1.03522e-06 
162
0
0
0.000402665
0.0120817 -0.000335799 -1.412e-09 -0.000335799 0.0104214 -2.59968e-07 -1.412e-09 -2.59968e-07 1.03522e-06 
163
0
0
-0.000473023
0.0120817 -0.00033579 -1.40444e-09 -0.00033579 0.0104214 -2.59969e-07 -1.40444e-09 -2.59969e-07 1.03522e-06 
164
0
0
-0.000603325
0.0120817 -0.000335801 -1.40877e-09 -0.000335801 0.0104214 -2.59969e-07 -1.40877e-09 -2.59969e-07 1.03522e-06 
165
0
0
-0.000474267
0.0120817 -0.000335807 -1.41042e-09 -0.000335807 0.0104214 -2.59968e-07 -1.41042e-09 -2.59968e-07 1.03522e-06 
166
0
0
0.000377054
0.0120817 -0.000335808 -1.40976e-09 -0.000335808 0.0104214 -2.59968e-07 -1.40976e-09 -2.59968e-07 1.03522e-06 
167
0
0
-4.02891e-05
0.0120817 -0.000335794 -1.4023e-09 -0.000335794 0.0104214 -2.59969e-07 -1.4023e-09 -2.59969e-07 1.03522e-06 
168
0
0
0.000316389
0.0120817 -0.000335796 -1.40329e-09 -0.000335796 0.0104214 -2.59968e-07 -1.40329e-09 -2.59968e-07 1.03522e-06 
169
0
0
0.000290935
0.0120817 -0.000335791 -1.4e-09 -0.000335791 0.0104214 -2.59968e-07 -1.4e-09 -2.59968e-07 1.03522e-06 
170
0
0
0.000826831
0.0120817 -0.000335789 -1.39839e-09 -0.000335789 0.0104214 -2.59967e-07 -1.39839e-09 -2.59967e-07 1.03522e-06 
171
0
0
0.000942179
0.0120817 -0.00033578 -1.39638e-09 -0.00033578 0.0104214 -2.59968e-07 -1.39638e-09 -2.59968e-07 1.03522e-06 
172
0
0
0.000696773
0.0120817 -0.000335775 -1.39582e-09 -0.000335775 0.0104214 -2.59968e-07 -1.39582e-09 -2.59968e-07 1.03522e-06 
173
0
0
-1.90984e-06
0.0120817 -0.000335777 -1.39785e-09 -0.000335777 0.0104214 -2.59968e-07 -1.39785e-09 -2.59968e-07 1.03522e-06 
174
0
0
-0.000194429
0.0120817 -0.000335788 -1.40444e-09 -0.000335788 0.0104214 -2.59968e-07 -1.40444e-09 -2.59968e-07 1.03522e-06 
175
0
0
-0.000180135
0.0120817 -0.000335796 -1.40854e-09 -0.000335796 0.0104214 -2.59968e-07 -1.40854e-09 -2.59968e-07 1.03522e-06 
176
0
0
0.000132536
0.0120817 -0.000335799 -1.41018e-09 -0.000335799 0.0104214 -2.59968e-07 -1.41018e-09 -2.59968e-07 1.03522e-06 
177
0
0
0.000334711
0.0120817 -0.000335795 -1.40768e-09 -0.000335795 0.0104214 -2.59968e-07 -1.40768e-09 -2.59968e-07 1.03522e-06 
178
0
0
0.000114417
0.0120817 -0.00033579 -1.40455e-09 -0.00033579 0.0104214 -2.59969e-07 -1.40455e-09 -2.59969e-07 1.03522e-06 
179
0
0
5.07357e-05
0.0120817 -0.000335792 -1.40195e-09 -0.000335792 0.0104214 -2.59965e-07 -1.40195e-09 -2.59965e-07 1.03522e-06 
180
0
0
9.09981e-05
0.0120817 -0.000335793 -1.40045e-09 -0.000335793 0.0104214 -2.59963e-07 -1.40045e-09 -2.59963e-07 1.03522e-06 
181
0
0
-0.000560105
0.0120817 -0.000335793 -1.39917e-09 -0.000335793 0.0104214 -2.59961e-07 -1.39917e-09 -2.59961e-07 1.03522e-06 
182
0
0
-0.000263904
0.0120817 -0.000335804 -1.40331e-09 -0.000335804 0.0104214 -2.59961e-07 -1.40331e-09 -2.59961e-07 1.03522e-06 
183
0
0
0.00031251
0.0120817 -0.000335803 -1.40147e-09 -0.000335803 0.0104214 -2.59961e-07 -1.40147e-09 -2.59961e-07 1.03522e-06 
184
0
0
0.000262202
0.0120817 -0.000335793 -1.39624e-09 -0.000335793 0.0104214 -2.59961e-07 -1.39624e-09 -2.59961e-07 1.03522e-06 
185
0
0
0.000209225
0.0120817 -0.000335791 -1.3948e-09 -0.000335791 0.0104214 -2.5996e-07 -1.3948e-09 -2.5996e-07 1.03522e-06 
186
0
0
0.000409202
0.0120817 -0.00033579 -1.39409e-09 -0.00033579 0.0104214 -2.59959e-07 -1.39409e-09 -2.59959e-07 1.03522e-06 
187
0
0
-0.00083928
0.0120817 -0.000335787 -1.39571e-09 -0.000335787 0.0104214 -2.59959e-07 -1.39571e-09 -2.59959e-07 1.03522e-06 
188
0
0
0.000877259
0.0120817 -0.000335806 -1.40758e-09 -0.000335806 0.0104214 -2.59959e-07 -1.40758e-09 -2.59959e-07 1.03522e-06 
189
0
0
0.000545492
0.0120817 -0.000335786 -1.39674e-09 -0.000335786 0.0104214 -2.5996e-07 -1.39674e-09 -2.5996e-07 1.03522e-06 
190
0
0
0.000700416
0.0120817 -0.000335783 -1.39613e-09 -0.000335783 0.0104214 -2.5996e-07 -1.39613e-09 -2.5996e-07 1.03522e-06 
191
0
0
0.000204276
0.0120817 -0.00033578 -1.39513e-09 -0.00033578 0.0104214 -2.59959e-07 -1.39513e-09 -2.59959e-07 1.03522e-06 
192
0
0
0.000453262
0.0120817 -0.000335786 -1.39881e-09 -0.000335786 0.0104214 -2.59958e-07 -1.39881e-09 -2.59958e-07 1.03522e-06 
193
0
0
-0.000287641
0.0120817 -0.000335785 -1.39756e-09 -0.000335785 0.0104214 -2.59958e-07 -1.39756e-09 -2.59958e-07 1.03522e-06 
194
0
0
-0.000781204
0.0120817 -0.000335796 -1.40225e-09 -0.000335796 0.0104214 -2.59958e-07 -1.40225e-09 -2.59958e-07 1.03522e-06 
195
0
0
0.000375927
0.0120817 -0.000335808 -1.41279e-09 -0.000335808 0.0104214 -2.59959e-07 -1.41279e-09 -2.59959e-07 1.03522e-06 
196
0
0
9.96992e-05
0.0120817 -0.000335794 -1.40788e-09 -0.000335794 0.0104214 -2.59959e-07 -1.40788e-09 -2.59959e-07 1.03522e-06 
197
0
0
-0.000142252
0.0120817 -0.000335794 -1.40904e-09 -0.000335794 0.0104214 -2.59959e-07 -1.40904e-09 -2.59959e-07 1.03522e-06 
198
0
0
0.00048653
0.0120817 -0.000335797 -1.41219e-09 -0.000335797 0.0104214 -2.59959e-07 -1.41219e-09 -2.59959e-07 1.03522e-06 
199
0
0
0.000690884
0.0120817 -0.000335788 -1.40802e-09 -0.000335788 0.0104214 -2.59958e-07 -1.40802e-09 -2.59958e-07 1.03522e-06 
200
0
0
0.000467876
0.0120817 -0.000335782 -1.40447e-09 -0.000335782 0.0104214 -2.59958e-07 -1.40447e-09 -2.59958e-07 1.03522e-06 
201
0
0
7.75286e-05
0.0120817 -0.000335783 -1.40544e-09 -0.000335783 0.0104214 -2.59957e-07 -1.40544e-09 -2.59957e-07 1.03522e-06 
202
0
0
0.000543656
0.0120817 -0.00033579 -1.40928e-09 -0.00033579 0.0104214 -2.59958e-07 -1.40928e-09 -2.59958e-07 1.03522e-06 
203
0
0
0.000306761
0.0120817 -0.000335785 -1.41112e-09 -0.000335785 0.0104214 -2.5996e-07 -1.41112e-09 -2.5996e-07 1.03522e-06 
204
0
0
-0.000747618
0.0120817 -0.000335787 -1.41548e-09 -0.000335787 0.0104214 -2.5996e-07 -1.41548e-09 -2.5996e-07 1.03522e-06 
205
0
0
0.00132933
0.0120817 -0.000335804 -1.42582e-09 -0.000335804 0.0104214 -2.5996e-07 -1.42582e-09 -2.5996e-07 1.03522e-06 
206
0
0
8.4134e-05
0.0120817 -0.000335778 -1.41145e-09 -0.000335778 0.0104214 -2.5996e-07 -1.41145e-09 -2.5996e-07 1.03522e-06 
207
0
0
-0.00042504
0.0120817 -0.000335787 -1.41736e-09 -0.000335787 0.0104214 -2.59959e-07 -1.41736e-09 -2.59959e-07 1.03522e-06 
208
0
0
2.44431e-05
0.0120817 -0.000335799 -1.42385e-09 -0.000335799 0.0104214 -2.59959e-07 -1.42385e-09 -2.59959e-07 1.03522e-06 
209
0
0
0.000136823
0.0120817 -0.000335797 -1.42177e-09 -0.000335797 0.0104214 -2.59959e-07 -1.42177e-09 -2.59959e-07 1.03522e-06 
210
0
0
0.000831594
0.0120817 -0.000335794 -1.41961e-09 -0.000335794 0.0104214 -2.59959e-07 -1.41961e-09 -2.59959e-07 1.03522e-06 
211
0
0
-1.14848e-06
0.0120817 -0.000335782 -1.41169e-09 -0.000335782 0.0104214 -2.59954e-07 -1.41169e-09 -2.59954e-07 1.03522e-06 
212
0
0
0.000108536
0.0120817 -0.00033579 -1.41595e-09 -0.00033579 0.0104214 -2.5995e-07 -1.41595e-09 -2.5995e-07 1.03522e-06 
213
0
0
0.00109908
0.0120817 -0.000335792 -1.41548e-09 -0.000335792 0.0104214 -2.59949e-07 -1.41548e-09 -2.59949e-07 1.03522e-06 
214
0
0
0.00101016
0.0120817 -0.000335777 -1.40537e-09 -0.000335777 0.0104214 -2.59947e-07 -1.40537e-09 -2.59947e-07 1.03522e-06 
215
0
0
6.28152e-05
0.0120818 -0.000335772 -1.40353e-09 -0.000335772 0.0104214 -2.59947e-07 -1.40353e-09 -2.59947e-07 1.03522e-06 
216
0
0
0.000812646
0.0120817 -0.000335786 -1.41171e-09 -0.000335786 0.0104214 -2.59948e-07 -1.41171e-09 -2.59948e-07 1.03522e-06 
217
0
0
-0.000343361
0.0120817 -0.000335779 -1.40731e-09 -0.000335779 0.0104214 -2.59948e-07 -1.40731e-09 -2.59948e-07 1.03522e-06 
218
0
0
-0.000207531
0.0120817 -0.000335795 -1.41513e-09 -0.000335795 0.0104214 -2.59948e-07 -1.41513e-09 -2.59948e-07 1.03522e-06 
219
0
0
0.000847286
0.0120817 -0.000335799 -1.4206e-09 -0.000335799 0.0104214 -2.59955e-07 -1.4206e-09 -2.59955e-07 1.03522e-06 
220
0
0
-7.49462e-05
0.0120817 -0.000335783 -1.41485e-09 -0.000335783 0.0104214 -2.59959e-07 -1.41485e-09 -2.59959e-07 1.03522e-06 
221
0
0
0.000649472
0.0120817 -0.000335792 -1.42131e-09 -0.000335792 0.0104214 -2.59961e-07 -1.42131e-09 -2.59961e-07 1.03522e-06 
222
0
0
4.9579e-05
0.0120817 -0.000335784 -1.41734e-09 -0.000335784 0.0104214 -2.59962e-07 -1.41734e-09 -2.59962e-07 1.03522e-06 
223
0
0
-0.000599
0.0120817 -0.00033579 -1.42176e-09 -0.00033579 0.0104214 -2.59962e-07 -1.42176e-09 -2.59962e-07 1.03522e-06 
224
0
0
0.00065577
0.0120817 -0.000335803 -1.42864e-09 -0.000335803 0.0104214 -2.59962e-07 -1.42864e-09 -2.59962e-07 1.03522e-06 
225
0
0
0.000186175
0.0120817 -0.000335788 -1.41943e-09 -0.000335788 0.0104214 -2.59963e-07 -1.41943e-09 -2.59963e-07 1.03522e-06 
226
0
0
-0.000175933
0.0120817 -0.00033579 -1.42037e-09 -0.00033579 0.0104214 -2.59962e-07 -1.42037e-09 -2.59962e-07 1.03522e-06 
227
0
0
0.000398797
0.0120817 -0.000335796 -1.42481e-09 -0.000335796 0.0104214 -2.59956e-07 -1.42481e-09 -2.59956e-07 1.03522e-06 
228
0
0
0.000347236
0.0120817 -0.000335789 -1.42195e-09 -0.000335789 0.0104214 -2.59952e-07 -1.42195e-09 -2.59952e-07 1.03522e-06 
229
0
0
0.000625742
0.0120817 -0.000335788 -1.42208e-09 -0.000335788 0.0104214 -2.59949e-07 -1.42208e-09 -2.59949e-07 1.03522e-06 
230
0
0
0.000178512
0.0120817 -0.000335783 -1.42042e-09 -0.000335783 0.0104214 -2.5995e-07 -1.42042e-09 -2.5995e-07 1.03522e-06 
231
0
0
-0.00018358
0.0120817 -0.000335788 -1.42006e-09 -0.000335788 0.0104214 -2.59952e-07 -1.42006e-09 -2.59952e-07 1.03522e-06 
232
0
0
0.00142638
0.0120817 -0.000335796 -1.41959e-09 -0.000335796 0.0104214 -2.59952e-07 -1.41959e-09 -2.59952e-07 1.03522e-06 
233
0
0
0.000354274
0.0120818 -0.000335773 -1.40747e-09 -0.000335773 0.0104214 -2.59953e-07 -1.40747e-09 -2.59953e-07 1.03522e-06 
234
0
0
0.00138041
0.0120817 -0.000335781 -1.41512e-09 -0.000335781 0.0104214 -2.59953e-07 -1.41512e-09 -2.59953e-07 1.03522e-06 
235
0
0
1.28623e-05
0.0120818 -0.000335768 -1.4093e-09 -0.000335768 0.0104214 -2.59951e-07 -1.4093e-09 -2.59951e-07 1.03522e-06 
236
0
0
0.000323492
0.0120817 -0.000335785 -1.41707e-09 -0.000335785 0.0104214 -2.59949e-07 -1.41707e-09 -2.59949e-07 1.03522e-06 
237
0
0
0.000714514
0.0120817 -0.000335786 -1.41332e-09 -0.000335786 0.0104214 -2.59947e-07 -1.41332e-09 -2.59947e-07 1.03522e-06 
238
0
0
0.000419545
0.0120817 -0.000335781 -1.40795e-09 -0.000335781 0.0104214 -2.59947e-07 -1.40795e-09 -2.59947e-07 1.03522e-06 
239
0
0
0.00129955
0.0120817 -0.000335783 -1.41066e-09 -0.000335783 0.0104214 -2.59947e-07 -1.41066e-09 -2.59947e-07 1.03522e-06 
240
0
0
0.0010135
0.0120818 -0.00033577 -1.40467e-09 -0.00033577 0.0104214 -2.59947e-07 -1.40467e-09 -2.59947e-07 1.03522e-06 
241
0
0
0.000823119
0.0120818 -0.00033577 -1.40303e-09 -0.00033577 0.0104214 -2.59947e-07 -1.40303e-09 -2.59947e-07 1.03522e-06 
242
0
0
-7.30238e-05
0.0120818 -0.000335773 -1.40263e-09 -0.000335773 0.0104214 -2.59946e-07 -1.40263e-09 -2.59946e-07 1.03522e-06 
243
0
0
0.000114184
0.0120817 -0.000335788 -1.41518e-09 -0.000335788 0.0104214 -2.59942e-07 -1.41518e-09 -2.59942e-07 1.03522e-06 
244
0
0
-0.000709505
0.0120817 -0.000335791 -1.41982e-09 -0.000335791 0.0104214 -2.59941e-07 -1.41982e-09 -2.59941e-07 1.03522e-06 
245
0
0
-0.000430158
0.0120817 -0.000335805 -1.42787e-09 -0.000335805 0.0104214 -2.59941e-07 -1.42787e-09 -2.59941e-07 1.03522e-06 
246
0
0
-0.000214206
0.0120817 -0.000335806 -1.42764e-09 -0.000335806 0.0104214 -2.59939e-07 -1.42764e-09 -2.59939e-07 1.03522e-06 
247
0
0
-0.000326563
0.0120817 -0.000335803 -1.4271e-09 -0.000335803 0.0104214 -2.59938e-07 -1.4271e-09 -2.59938e-07 1.03522e-06 
248
0
0
-0.000356181
0.0120817 -0.000335804 -1.42748e-09 -0.000335804 0.0104214 -2.59938e-07 -1.42748e-09 -2.59938e-07 1.03522e-06 
249
0
0
-0.000307101
0.0120817 -0.000335804 -1.4257e-09 -0.000335804 0.0104214 -2.59937e-07 -1.4257e-09 -2.59937e-07 1.03522e-06 
250
0
0
-0.000137413
0.0120817 -0.000335804 -1.42349e-09 -0.000335804 0.0104214 -2.59935e-07 -1.42349e-09 -2.59935e-07 1.03522e-06 
251
0
0
-0.000751667
0.0120817 -0.000335801 -1.41718e-09 -0.000335801 0.0104214 -2.59937e-07 -1.41718e-09 -2.59937e-07 1.03522e-06 
252
0
0
0.000808731
0.0120817 -0.00033581 -1.41857e-09 -0.00033581 0.0104214 -2.5994e-07 -1.41857e-09 -2.5994e-07 1.03522e-06 
253
0
0
0.000391113
0.0120817 -0.000335788 -1.40453e-09 -0.000335788 0.0104214 -2.59941e-07 -1.40453e-09 -2.59941e-07 1.03522e-06 
254
0
0
-0.00090917
0.0120817 -0.000335787 -1.40299e-09 -0.000335787 0.0104214 -2.59941e-07 -1.40299e-09 -2.59941e-07 1.03522e-06 
255
0
0
-0.000816003
0.0120817 -0.000335807 -1.41407e-09 -0.000335807 0.0104214 -2.59939e-07 -1.41407e-09 -2.59939e-07 1.03522e-06 
256
0
0
-0.0006315
0.0120817 -0.000335813 -1.41743e-09 -0.000335813 0.0104214 -2.59938e-07 -1.41743e-09 -2.59938e-07 1.03522e-06 
257
0
0
0.000564266
0.0120817 -0.000335812 -1.41684e-09 -0.000335812 0.0104214 -2.59939e-07 -1.41684e-09 -2.59939e-07 1.03522e-06 
258
0
0
0.00045158
0.0120817 -0.000335793 -1.40593e-09 -0.000335793 0.0104214 -2.5994e-07 -1.40593e-09 -2.5994e-07 1.03522e-06 
259
0
0
0.00112371
0.0120817 -0.000335787 -1.405e-09 -0.000335787 0.0104214 -2.5994e-07 -1.405e-09 -2.5994e-07 1.03522e-06 
260
0
0
0.00128263
0.0120817 -0.000335775 -1.40041e-09 -0.000335775 0.0104214 -2.59941e-07 -1.40041e-09 -2.59941e-07 1.03522e-06 
261
0
0
0.00201695
0.0120818 -0.000335767 -1.39886e-09 -0.000335767 0.0104214 -2.59943e-07 -1.39886e-09 -2.59943e-07 1.03522e-06 
262
0
0
0.00147981
0.0120818 -0.000335753 -1.39152e-09 -0.000335753 0.0104214 -2.59945e-07 -1.39152e-09 -2.59945e-07 1.03522e-06 
263
0
0
0.0013296
0.0120818 -0.000335756 -1.3934e-09 -0.000335756 0.0104214 -2.59945e-07 -1.3934e-09 -2.59945e-07 1.03522e-06 
264
0
0
0.00180118
0.0120818 -0.000335759 -1.3961e-09 -0.000335759 0.0104214 -2.59945e-07 -1.3961e-09 -2.59945e-07 1.03522e-06 
265
0
0
0.00178729
0.0120818 -0.000335753 -1.39391e-09 -0.000335753 0.0104214 -2.59946e-07 -1.39391e-09 -2.59946e-07 1.03522e-06 
266
0
0
0.000930276
0.0120818 -0.000335751 -1.39272e-09 -0.000335751 0.0104214 -2.59947e-07 -1.39272e-09 -2.59947e-07 1.03522e-06 
267
0
0
0.00125911
0.0120818 -0.000335764 -1.395e-09 -0.000335764 0.0104214 -2.59947e-07 -1.395e-09 -2.59947e-07 1.03522e-06 
268
0
0
0.00105092
0.0120818 -0.000335764 -1.39082e-09 -0.000335764 0.0104214 -2.59946e-07 -1.39082e-09 -2.59946e-07 1.03522e-06 
269
0
0
0.00195301
0.0120818 -0.000335767 -1.39112e-09 -0.000335767 0.0104214 -2.59946e-07 -1.39112e-09 -2.59946e-07 1.03522e-06 
270
0
0
0.00137592
0.0120818 -0.000335754 -1.38331e-09 -0.000335754 0.0104214 -2.59947e-07 -1.38331e-09 -2.59947e-07 1.03522e-06 
271
0
0
0.000833943
0.0120818 -0.000335758 -1.38506e-09 -0.000335758 0.0104214 -2.59947e-07 -1.38506e-09 -2.59947e-07 1.03522e-06 
272
0
0
0.00123821
0.0120818 -0.000335768 -1.38975e-09 -0.000335768 0.0104214 -2.59946e-07 -1.38975e-09 -2.59946e-07 1.03522e-06 
273
0
0
0.00123405
0.0120818 -0.000335765 -1.38759e-09 -0.000335765 0.0104214 -2.59945e-07 -1.38759e-09 -2.59945e-07 1.03522e-06 
274
0
0
0.000795491
0.0120818 -0.000335765 -1.38664e-09 -0.000335765 0.0104214 -2.59943e-07 -1.38664e-09 -2.59943e-07 1.03522e-06 
275
0
0
0.000390369
0.0120818 -0.000335771 -1.38857e-09 -0.000335771 0.0104214 -2.59945e-07 -1.38857e-09 -2.59945e-07 1.03522e-06 
276
0
0
0.000304639
0.0120817 -0.00033578 -1.39074e-09 -0.00033578 0.0104214 -2.59945e-07 -1.39074e-09 -2.59945e-07 1.03522e-06 
277
0
0
-0.000171131
0.0120817 -0.000335785 -1.39073e-09 -0.000335785 0.0104214 -2.59944e-07 -1.39073e-09 -2.59944e-07 1.03522e-06 
278
0
0
-6.38428e-05
0.0120817 -0.000335794 -1.39428e-09 -0.000335794 0.0104214 -2.59943e-07 -1.39428e-09 -2.59943e-07 1.03522e-06 
279
0
0
0.00122202
0.0120817 -0.000335796 -1.39461e-09 -0.000335796 0.0104214 -2.59942e-07 -1.39461e-09 -2.59942e-07 1.03522e-06 
280
0
0
0.00099713
0.0120817 -0.000335776 -1.38408e-09 -0.000335776 0.0104214 -2.59943e-07 -1.38408e-09 -2.59943e-07 1.03522e-06 
281
0
0
0.000435214
0.0120818 -0.000335772 -1.38279e-09 -0.000335772 0.0104214 -2.59943e-07 -1.38279e-09 -2.59943e-07 1.03522e-06 
282
0
0
0.001065
0.0120817 -0.00033578 -1.38722e-09 -0.00033578 0.0104214 -2.59944e-07 -1.38722e-09 -2.59944e-07 1.03522e-06 
283
0
0
0.00060119
0.0120818 -0.000335773 -1.38655e-09 -0.000335773 0.0104214 -2.59946e-07 -1.38655e-09 -2.59946e-07 1.03522e-06 
284
0
0
0.00159966
0.0120817 -0.000335777 -1.39178e-09 -0.000335777 0.0104214 -2.59947e-07 -1.39178e-09 -2.59947e-07 1.03522e-06 
285
0
0
0.00152811
0.0120818 -0.000335763 -1.38504e-09 -0.000335763 0.0104214 -2.59949e-07 -1.38504e-09 -2.59949e-07 1.03522e-06 
286
0
0
0.000425745
0.0120818 -0.000335759 -1.38318e-09 -0.000335759 0.0104214 -2.59949e-07 -1.38318e-09 -2.59949e-07 1.03522e-06 
287
0
0
0.00124677
0.0120818 -0.000335775 -1.39232e-09 -0.000335775 0.0104214 -2.59949e-07 -1.39232e-09 -2.59949e-07 1.03522e-06 
288
0
0
0.00126696
0.0120818 -0.000335768 -1.38847e-09 -0.000335768 0.0104214 -2.59949e-07 -1.38847e-09 -2.59949e-07 1.03522e-06 
289
0
0
0.00190525
0.0120818 -0.000335765 -1.38703e-09 -0.000335765 0.0104214 -2.59949e-07 -1.38703e-09 -2.59949e-07 1.03522e-06 
290
0
0
0.00176414
0.0120818 -0.000335754 -1.37983e-09 -0.000335754 0.0104214 -2.59949e-07 -1.37983e-09 -2.59949e-07 1.03522e-06 
291
0
0
0.00148234
0.0120818 -0.000335752 -1.3808e-09 -0.000335752 0.0104214 -2.59953e-07 -1.3808e-09 -2.59953e-07 1.03522e-06 
292
0
0
0.00087742
0.0120818 -0.000335755 -1.38539e-09 -0.000335755 0.0104214 -2.59955e-07 -1.38539e-09 -2.59955e-07 1.03522e-06 
293
0
0
0.000991249
0.0120818 -0.000335766 -1.39331e-09 -0.000335766 0.0104214 -2.59956e-07 -1.39331e-09 -2.59956e-07 1.03522e-06 
294
0
0
0.000643731
0.0120818 -0.000335769 -1.3952e-09 -0.000335769 0.0104214 -2.59956e-07 -1.3952e-09 -2.59956e-07 1.03522e-06 
295
0
0
0.00164273
0.0120818 -0.000335775 -1.3978e-09 -0.000335775 0.0104214 -2.59955e-07 -1.3978e-09 -2.59955e-07 1.03522e-06 
296
0
0
0.00136986
0.0120818 -0.000335762 -1.38961e-09 -0.000335762 0.0104214 -2.59955e-07 -1.38961e-09 -2.59955e-07 1.03522e-06 
297
0
0
6.75141e-05
0.0120818 -0.000335761 -1.3899e-09 -0.000335761 0.0104214 -2.59953e-07 -1.3899e-09 -2.59953e-07 1.03522e-06 
298
0
0
-0.000361104
0.0120817 -0.000335781 -1.40111e-09 -0.000335781 0.0104214 -2.59951e-07 -1.40111e-09 -2.59951e-07 1.03522e-06 
299
0
0
-0.000406333
0.0120817 -0.000335796 -1.40888e-09 -0.000335796 0.0104214 -2.59947e-07 -1.40888e-09 -2.59947e-07 1.03522e-06 
300
0
0
-0.000328579
0.0120817 -0.000335802 -1.41209e-09 -0.000335802 0.0104214 -2.59944e-07 -1.41209e-09 -2.59944e-07 1.03522e-06 
301
0
0
0.000698691
0.0120817 -0.000335803 -1.41334e-09 -0.000335803 0.0104214 -2.59942e-07 -1.41334e-09 -2.59942e-07 1.03522e-06 
302
0
0
0.0011277
0.0120817 -0.000335787 -1.40499e-09 -0.000335787 0.0104214 -2.59941e-07 -1.40499e-09 -2.59941e-07 1.03522e-06 
303
0
0
0.000268268
0.0120817 -0.000335775 -1.39884e-09 -0.000335775 0.0104214 -2.59941e-07 -1.39884e-09 -2.59941e-07 1.03522e-06 
304
0
0
0.000272488
0.0120817 -0.000335783 -1.40459e-09 -0.000335783 0.0104214 -2.59941e-07 -1.40459e-09 -2.59941e-07 1.03522e-06 
305
0
0
0.000775937
0.0120817 -0.000335787 -1.40711e-09 -0.000335787 0.0104214 -2.59941e-07 -1.40711e-09 -2.59941e-07 1.03522e-06 
306
0
0
-0.000105929
0.0120817 -0.00033578 -1.40353e-09 -0.00033578 0.0104214 -2.59942e-07 -1.40353e-09 -2.59942e-07 1.03522e-06 
307
0
0
0.000592505
