0
0
0
-0.00010741
0.00800061 -2.68385e-11 1.2769e-14 -2.68385e-11 0.00900061 -9.84301e-12 1.2769e-14 -9.84301e-12 1.24978e-06 
1
0
0
-0.00056933
0.0150026 2.40273e-09 -1.38956e-11 2.40273e-09 0.0170026 -6.44477e-09 -1.38956e-11 -6.44477e-09 1.03722e-06 
2
0
0
-0.000102888
0.0220062 3.00471e-08 -3.60483e-11 3.00471e-08 0.0250061 -1.73336e-08 -3.60483e-11 -1.73336e-08 1.03685e-06 
3
0
0
0.000278021
0.0290117 3.59733e-08 -5.16118e-11 3.59733e-08 0.0330113 -3.11467e-08 -5.16118e-11 -3.11467e-08 1.03711e-06 
4
0
0
5.36409e-05
0.036019 4.9956e-09 -5.93558e-11 4.9956e-09 0.0410185 -4.77373e-08 -5.93558e-11 -4.77373e-08 1.03672e-06 
5
0
0
6.00566e-05
0.043028 -6.66645e-09 -6.52994e-11 -6.66645e-09 0.0490275 -6.68852e-08 -6.52994e-11 -6.68852e-08 1.03632e-06 
6
0
0
-0.0012887
0.0500387 -2.27417e-08 -6.01868e-11 -2.27417e-08 0.0570384 -8.82434e-08 -6.01868e-11 -8.82434e-08 1.03601e-06 
7
0
-0.0533963
-0.000955153
0.0570507 1.9338e-07 -6.96408e-11 1.9338e-07 0.0650513 -1.11425e-07 -6.96408e-11 -1.11425e-07 1.03577e-06 
8
0
-0.0683754
-0.000416824
0.0640641 3.72546e-07 -4.40785e-11 3.72546e-07 0.0730661 -1.36047e-07 -4.40785e-11 -1.36047e-07 1.03559e-06 
9
0
-0.0851427
0.000258202
0.0710785 4.51896e-07 5.91996e-12 4.51896e-07 0.0810826 -1.61744e-07 5.91996e-12 -1.61744e-07 1.03545e-06 
10
0
-0.103411
-0.000150471
0.0780938 3.70237e-07 7.85975e-11 3.70237e-07 0.0891008 -1.88181e-07 7.85975e-11 -1.88181e-07 1.03535e-06 
11
0
-0.123305
-0.000337537
0.0851099 3.92008e-07 1.3867e-10 3.92008e-07 0.0971206 -2.15053e-07 1.3867e-10 -2.15053e-07 1.03528e-06 
12
0
-0.144297
-0.000662556
0.0921267 4.71272e-07 2.10279e-10 4.71272e-07 0.105142 -2.42088e-07 2.10279e-10 -2.42088e-07 1.03523e-06 
13
0
-0.166517
-0.00055384
0.099144 6.6247e-07 2.85742e-10 6.6247e-07 0.113165 -2.69053e-07 2.85742e-10 -2.69053e-07 1.03519e-06 
14
0
-0.190113
-0.00091851
0.106162 8.3005e-07 3.8233e-10 8.3005e-07 0.121188 -2.95741e-07 3.8233e-10 -2.95741e-07 1.03517e-06 
15
0
-0.214878
-0.000503916
0.11318 1.14659e-06 4.7423e-10 1.14659e-06 0.129214 -3.21989e-07 4.7423e-10 -3.21989e-07 1.03515e-06 
16
0
-0.240422
-0.00027317
0.120198 1.31821e-06 5.98908e-10 1.31821e-06 0.13724 -3.47651e-07 5.98908e-10 -3.47651e-07 1.03515e-06 
17
0
-0.267142
0.000235999
0.127217 1.40249e-06 7.30746e-10 1.40249e-06 0.145267 -3.7262e-07 7.30746e-10 -3.7262e-07 1.03514e-06 
18
0
-0.294239
0.000230905
0.134236 1.26228e-06 8.83676e-10 1.26228e-06 0.153294 -3.96805e-07 8.83676e-10 -3.96805e-07 1.03514e-06 
19
0
-0.3222
0.000473099
0.141255 1.11708e-06 1.02622e-09 1.11708e-06 0.161323 -4.20143e-07 1.02622e-09 -4.20143e-07 1.03514e-06 
20
0
-0.350407
-0.00013413
0.148274 8.43174e-07 1.18225e-09 8.43174e-07 0.169352 -4.42583e-07 1.18225e-09 -4.42583e-07 1.03515e-06 
21
0
-0.378961
-0.000543787
0.155293 8.76171e-07 1.30709e-09 8.76171e-07 0.177382 -4.64096e-07 1.30709e-09 -4.64096e-07 1.03515e-06 
22
0
-0.407989
-0.000193189
0.162313 1.13779e-06 1.43147e-09 1.13779e-06 0.185412 -4.84667e-07 1.43147e-09 -4.84667e-07 1.03515e-06 
23
0
-0.436875
-0.0014134
0.169332 1.20975e-06 1.58917e-09 1.20975e-06 0.193443 -5.04287e-07 1.58917e-09 -5.04287e-07 1.03516e-06 
24
0
-0.467068
-0.000498119
0.176352 2.02145e-06 1.68186e-09 2.02145e-06 0.201475 -5.22962e-07 1.68186e-09 -5.22962e-07 1.03517e-06 
25
0
-0.497254
-0.000360578
0.183371 2.29328e-06 1.858e-09 2.29328e-06 0.209506 -5.40703e-07 1.858e-09 -5.40703e-07 1.03517e-06 
26
0
-0.527326
-0.00147879
0.190391 2.4872e-06 2.02079e-09 2.4872e-06 0.217538 -5.57529e-07 2.02079e-09 -5.57529e-07 1.03518e-06 
27
0
-0.558331
-0.00113176
0.197411 3.44871e-06 2.12032e-09 3.44871e-06 0.22557 -5.73463e-07 2.12032e-09 -5.73463e-07 1.03518e-06 
28
0
-0.589962
-5.54398e-05
0.20443 4.20286e-06 2.27302e-09 4.20286e-06 0.233603 -5.8853e-07 2.27302e-09 -5.8853e-07 1.03519e-06 
29
0
-0.621092
0.000160423
0.21145 4.20016e-06 2.4782e-09 4.20016e-06 0.241636 -6.02761e-07 2.4782e-09 -6.02761e-07 1.03519e-06 
30
0
-0.651826
-0.000838494
0.21847 4.03551e-06 2.65903e-09 4.03551e-06 0.249669 -6.16186e-07 2.65903e-09 -6.16186e-07 1.03519e-06 
31
0
-0.683604
-0.000521563
0.22549 4.64561e-06 2.77375e-09 4.64561e-06 0.257702 -6.28841e-07 2.77375e-09 -6.28841e-07 1.0352e-06 
32
0
-0.714977
-0.00048784
0.23251 5.02136e-06 2.93707e-09 5.02136e-06 0.265735 -6.40755e-07 2.93707e-09 -6.40755e-07 1.0352e-06 
33
0
-0.747281
9.46432e-05
0.23953 5.38202e-06 3.09595e-09 5.38202e-06 0.273769 -6.51963e-07 3.09595e-09 -6.51963e-07 1.0352e-06 
34
0
-0.779149
-0.000119268
0.24655 5.25613e-06 3.28676e-09 5.25613e-06 0.281802 -6.62502e-07 3.28676e-09 -6.62502e-07 1.03521e-06 
35
0
-0.811437
0.000164457
0.253569 5.31611e-06 3.44601e-09 5.31611e-06 0.289836 -6.72403e-07 3.44601e-09 -6.72403e-07 1.03521e-06 
36
0
-0.844068
0.000509022
0.260589 5.12162e-06 3.62477e-09 5.12162e-06 0.29787 -6.817e-07 3.62477e-09 -6.817e-07 1.03521e-06 
37
0
-0.875968
0.000276997
0.267609 4.60156e-06 3.81463e-09 4.60156e-06 0.305903 -6.90426e-07 3.81463e-09 -6.90426e-07 1.03521e-06 
38
0
-0.908437
0.000543072
0.274629 4.29054e-06 3.97621e-09 4.29054e-06 0.313937 -6.9861e-07 3.97621e-09 -6.9861e-07 1.03521e-06 
39
0
-0.939725
-0.000685986
0.281649 3.71081e-06 4.1584e-09 3.71081e-06 0.321971 -7.06283e-07 4.1584e-09 -7.06283e-07 1.03522e-06 
40
0
-0.972963
0.000753434
0.288669 4.3562e-06 4.26092e-09 4.3562e-06 0.330005 -7.13472e-07 4.26092e-09 -7.13472e-07 1.03522e-06 
41
0
-1.00474
0.000289505
0.295689 3.53122e-06 4.48621e-09 3.53122e-06 0.33804 -7.20203e-07 4.48621e-09 -7.20203e-07 1.03522e-06 
42
0
-1.03725
-0.00028403
0.302709 3.17824e-06 4.64137e-09 3.17824e-06 0.346074 -7.26509e-07 4.64137e-09 -7.26509e-07 1.03522e-06 
43
0
-1.06973
-0.000408134
0.309729 3.43962e-06 4.77431e-09 3.43962e-06 0.354108 -7.32408e-07 4.77431e-09 -7.32408e-07 1.03522e-06 
44
0
-1.10206
-0.000850117
0.316749 3.84579e-06 4.9197e-09 3.84579e-06 0.362142 -7.37932e-07 4.9197e-09 -7.37932e-07 1.03522e-06 
45
0
-1.13443
-0.000942856
0.323769 4.76383e-06 5.04706e-09 4.76383e-06 0.370177 -7.43099e-07 5.04706e-09 -7.43099e-07 1.03522e-06 
46
0
-1.16834
0.000384099
0.330789 5.81097e-06 5.18459e-09 5.81097e-06 0.378211 -7.47931e-07 5.18459e-09 -7.47931e-07 1.03522e-06 
47
0
-1.2011
0.000343146
0.337809 5.30871e-06 5.40765e-09 5.30871e-06 0.386245 -7.52447e-07 5.40765e-09 -7.52447e-07 1.03522e-06 
48
0
-1.23376
3.41279e-05
0.344829 4.84625e-06 5.58285e-09 4.84625e-06 0.39428 -7.56668e-07 5.58285e-09 -7.56668e-07 1.03522e-06 
49
0
-1.26646
0.000430638
0.351849 4.75706e-06 5.73333e-09 4.75706e-06 0.402314 -7.60614e-07 5.73333e-09 -7.60614e-07 1.03522e-06 
50
0
-1.29926
0.000295199
0.358869 4.16667e-06 5.91422e-09 4.16667e-06 0.410349 -7.64301e-07 5.91422e-09 -7.64301e-07 1.03522e-06 
51
0
-1.33189
0.00040007
0.365889 3.73962e-06 6.07608e-09 3.73962e-06 0.418383 -7.67743e-07 6.07608e-09 -7.67743e-07 1.03522e-06 
52
0
-1.36514
0.00103538
0.372909 3.16739e-06 6.24496e-09 3.16739e-06 0.426418 -7.70959e-07 6.24496e-09 -7.70959e-07 1.03522e-06 
53
0
-1.39767
0.00128171
0.379929 1.73507e-06 6.44826e-09 1.73507e-06 0.434452 -7.73963e-07 6.44826e-09 -7.73963e-07 1.03522e-06 
54
0
-1.42923
0.000118136
0.386949 -5.93478e-08 6.64101e-09 -5.93478e-08 0.442487 -7.76768e-07 6.64101e-09 -7.76768e-07 1.03522e-06 
55
0
-1.46181
0.000273731
0.393969 -2.70707e-07 6.75119e-09 -2.70707e-07 0.450521 -7.79387e-07 6.75119e-09 -7.79387e-07 1.03522e-06 
56
0
-1.49527
0.000972256
0.400989 -7.05115e-07 6.90819e-09 -7.05115e-07 0.458556 -7.81831e-07 6.90819e-09 -7.81831e-07 1.03522e-06 
57
0
-1.52753
-0.000210759
0.408009 -2.15183e-06 7.10926e-09 -2.15183e-06 0.46659 -7.84114e-07 7.10926e-09 -7.84114e-07 1.03523e-06 
58
0
-1.56009
-0.000151715
0.415029 -1.89062e-06 7.21626e-09 -1.89062e-06 0.474625 -7.86242e-07 7.21626e-09 -7.86242e-07 1.03523e-06 
59
0
-1.59345
0.000697555
0.422049 -1.71208e-06 7.36092e-09 -1.71208e-06 0.482659 -7.88229e-07 7.36092e-09 -7.88229e-07 1.03523e-06 
60
0
-1.62607
0.000145637
0.429069 -2.81662e-06 7.56084e-09 -2.81662e-06 0.490694 -7.90082e-07 7.56084e-09 -7.90082e-07 1.03523e-06 
61
0
-1.65829
-0.000522928
0.436089 -3.08854e-06 7.6999e-09 -3.08854e-06 0.498728 -7.91811e-07 7.6999e-09 -7.91811e-07 1.03523e-06 
62
0
-1.69071
-0.000572392
0.443109 -2.31719e-06 7.8118e-09 -2.31719e-06 0.506763 -7.93424e-07 7.8118e-09 -7.93424e-07 1.03523e-06 
63
0
-1.7242
0.000842791
0.450129 -1.45389e-06 7.94519e-09 -1.45389e-06 0.514798 -7.94931e-07 7.94519e-09 -7.94931e-07 1.03523e-06 
64
0
-1.75661
0.000470915
0.457149 -2.86411e-06 8.16929e-09 -2.86411e-06 0.522832 -7.96335e-07 8.16929e-09 -7.96335e-07 1.03523e-06 
65
0
-1.78968
0.000508304
0.464169 -3.68502e-06 8.32369e-09 -3.68502e-06 0.530867 -7.97645e-07 8.32369e-09 -7.97645e-07 1.03523e-06 
66
0
-1.82169
-0.000422439
0.471189 -4.58025e-06 8.48607e-09 -4.58025e-06 0.538901 -7.98865e-07 8.48607e-09 -7.98865e-07 1.03523e-06 
67
0
-1.85486
0.000123993
0.478209 -3.91278e-06 8.59061e-09 -3.91278e-06 0.546936 -8.00004e-07 8.59061e-09 -8.00004e-07 1.03523e-06 
68
0
-1.88733
-0.000683673
0.485229 -4.17351e-06 8.76018e-09 -4.17351e-06 0.554971 -8.01067e-07 8.76018e-09 -8.01067e-07 1.03523e-06 
69
0
-1.92093
3.40831e-06
0.492249 -3.02917e-06 8.86911e-09 -3.02917e-06 0.563005 -8.02057e-07 8.86911e-09 -8.02057e-07 1.03523e-06 
70
0
-1.95361
-5.86524e-06
0.499269 -3.08292e-06 9.04552e-09 -3.08292e-06 0.57104 -8.0298e-07 9.04552e-09 -8.0298e-07 1.03523e-06 
71
0
-1.98607
4.31822e-05
0.506289 -3.12011e-06 9.20048e-09 -3.12011e-06 0.579075 -8.03842e-07 9.20048e-09 -8.03842e-07 1.03523e-06 
72
0
-2.01844
-0.000326583
0.513309 -3.24641e-06 9.35409e-09 -3.24641e-06 0.587109 -8.04647e-07 9.35409e-09 -8.04647e-07 1.03523e-06 
73
0
-2.05146
0.00027575
0.520329 -2.69158e-06 9.48388e-09 -2.69158e-06 0.595144 -8.05395e-07 9.48388e-09 -8.05395e-07 1.03523e-06 
74
0
-2.08355
-0.000275474
0.527349 -3.2551e-06 9.66222e-09 -3.2551e-06 0.603178 -8.06092e-07 9.66222e-09 -8.06092e-07 1.03523e-06 
75
0
-2.11592
-0.00114624
0.534369 -2.78061e-06 9.7883e-09 -2.78061e-06 0.611213 -8.06742e-07 9.7883e-09 -8.06742e-07 1.03523e-06 
76
0
-2.14932
-0.00036822
0.541389 -6.26295e-07 9.8801e-09 -6.26295e-07 0.619248 -8.07352e-07 9.8801e-09 -8.07352e-07 1.03523e-06 
77
0
-2.18274
0.000686815
0.548409 4.26549e-08 1.00518e-08 4.26549e-08 0.627282 -8.07917e-07 1.00518e-08 -8.07917e-07 1.03523e-06 
78
0
-2.21506
-0.00025984
0.555429 -1.35944e-06 1.02652e-08 -1.35944e-06 0.635317 -8.08445e-07 1.02652e-08 -8.08445e-07 1.03523e-06 
79
0
-2.2485
0.000918892
0.562449 -8.88242e-07 1.03825e-08 -8.88242e-07 0.643352 -8.08939e-07 1.03825e-08 -8.08939e-07 1.03523e-06 
80
0
-2.28015
-0.000366586
0.569469 -2.79459e-06 1.0595e-08 -2.79459e-06 0.651386 -8.09398e-07 1.0595e-08 -8.09398e-07 1.03523e-06 
81
0
-2.31305
0.000506545
0.576489 -2.0916e-06 1.06932e-08 -2.0916e-06 0.659421 -8.09826e-07 1.06932e-08 -8.09826e-07 1.03523e-06 
82
0
-2.34495
-0.000741501
0.583509 -3.18966e-06 1.08808e-08 -3.18966e-06 0.667456 -8.10226e-07 1.08808e-08 -8.10226e-07 1.03523e-06 
83
0
-2.37841
0.000343338
0.590529 -1.68127e-06 1.09713e-08 -1.68127e-06 0.67549 -8.10598e-07 1.09713e-08 -8.10598e-07 1.03523e-06 
84
0
-2.4115
0.00128447
0.597549 -2.45838e-06 1.11664e-08 -2.45838e-06 0.683525 -8.10945e-07 1.11664e-08 -8.10945e-07 1.03523e-06 
85
0
-2.44347
0.000274538
0.604569 -5.26708e-06 1.13859e-08 -5.26708e-06 0.69156 -8.11268e-07 1.13859e-08 -8.11268e-07 1.03523e-06 
86
0
-2.47653
0.000298864
0.611589 -5.91196e-06 1.15071e-08 -5.91196e-06 0.699594 -8.1157e-07 1.15071e-08 -8.1157e-07 1.03523e-06 
87
0
-2.5088
-0.000251575
0.618609 -6.61736e-06 1.16592e-08 -6.61736e-06 0.707629 -8.11853e-07 1.16592e-08 -8.11853e-07 1.03523e-06 
88
0
-2.54144
-7.55414e-05
0.625629 -6.10532e-06 1.17808e-08 -6.10532e-06 0.715664 -8.12115e-07 1.17808e-08 -8.12115e-07 1.03523e-06 
89
0
-2.57486
0.00116554
0.632649 -5.98317e-06 1.1932e-08 -5.98317e-06 0.723698 -8.12362e-07 1.1932e-08 -8.12362e-07 1.03523e-06 
90
0
-2.60666
-1.98521e-05
0.639669 -8.68414e-06 1.2155e-08 -8.68414e-06 0.731733 -8.12591e-07 1.2155e-08 -8.12591e-07 1.03523e-06 
91
0
-2.63983
0.000583084
0.646689 -8.68632e-06 1.22633e-08 -8.68632e-06 0.739768 -8.12805e-07 1.22633e-08 -8.12805e-07 1.03523e-06 
92
0
-2.67239
0.000230818
0.653709 -1.00911e-05 1.24415e-08 -1.00911e-05 0.747802 -8.13004e-07 1.24415e-08 -8.13004e-07 1.03523e-06 
93
0
-2.70485
-4.15523e-05
0.660729 -1.06819e-05 1.25836e-08 -1.06819e-05 0.755837 -8.13191e-07 1.25836e-08 -8.13191e-07 1.03523e-06 
94
0
-2.73832
0.000763071
0.667749 -1.06311e-05 1.27181e-08 -1.06311e-05 0.763872 -8.13365e-07 1.27181e-08 -8.13365e-07 1.03523e-06 
95
0
-2.77038
0.000447881
0.674769 -1.25127e-05 1.29129e-08 -1.25127e-05 0.771906 -8.13528e-07 1.29129e-08 -8.13528e-07 1.03523e-06 
96
0
-2.80202
-0.000840853
0.681789 -1.36483e-05 1.30601e-08 -1.36483e-05 0.779941 -8.1368e-07 1.30601e-08 -8.1368e-07 1.03523e-06 
97
0
-2.83495
-0.000198915
0.688809 -1.1633e-05 1.31367e-08 -1.1633e-05 0.787976 -8.13821e-07 1.31367e-08 -8.13821e-07 1.03523e-06 
98
0
-2.86761
-0.000343586
0.695829 -1.11878e-05 1.32978e-08 -1.11878e-05 0.79601 -8.13952e-07 1.32978e-08 -8.13952e-07 1.03523e-06 
99
0
-2.90141
0.000887071
0.702849 -1.03753e-05 1.34373e-08 -1.03753e-05 0.804045 -8.14078e-07 1.34373e-08 -8.14078e-07 1.03523e-06 
100
0
-2.93334
0.000176776
0.709869 -1.26675e-05 1.36545e-08 -1.26675e-05 0.81208 -8.14196e-07 1.36545e-08 -8.14196e-07 1.03523e-06 
101
0
-2.96508
-0.000620936
0.716889 -1.31672e-05 1.37848e-08 -1.31672e-05 0.820114 -8.14303e-07 1.37848e-08 -8.14303e-07 1.03523e-06 
102
0
-2.99809
6.29059e-05
0.723909 -1.16127e-05 1.38834e-08 -1.16127e-05 0.828149 -8.14405e-07 1.38834e-08 -8.14405e-07 1.03523e-06 
103
0
-3.03111
0.000706369
0.730929 -1.18247e-05 1.40549e-08 -1.18247e-05 0.836184 -8.14496e-07 1.40549e-08 -8.14496e-07 1.03523e-06 
104
0
-3.06292
-0.000169759
0.737949 -1.37314e-05 1.4247e-08 -1.37314e-05 0.844218 -8.14584e-07 1.4247e-08 -8.14584e-07 1.03523e-06 
105
0
-3.09621
0.000445616
0.744969 -1.33284e-05 1.43603e-08 -1.33284e-05 0.852253 -8.14667e-07 1.43603e-08 -8.14667e-07 1.03523e-06 
106
0
-3.12802
-0.000662938
0.751989 -1.45717e-05 1.45382e-08 -1.45717e-05 0.860288 -8.14745e-07 1.45382e-08 -8.14745e-07 1.03523e-06 
107
0
-3.16159
0.000408206
0.759009 -1.28248e-05 1.46317e-08 -1.28248e-05 0.868322 -8.14818e-07 1.46317e-08 -8.14818e-07 1.03523e-06 
108
0
-3.19425
0.000518073
0.766029 -1.39884e-05 1.48262e-08 -1.39884e-05 0.876357 -8.14885e-07 1.48262e-08 -8.14885e-07 1.03523e-06 
109
0
-3.22694
0.000350772
0.773049 -1.54654e-05 1.49955e-08 -1.54654e-05 0.884392 -8.1495e-07 1.49955e-08 -8.1495e-07 1.03523e-06 
110
0
-3.25877
-0.000584319
0.780069 -1.64899e-05 1.51461e-08 -1.64899e-05 0.892426 -8.15012e-07 1.51461e-08 -8.15012e-07 1.03523e-06 
111
0
-3.29139
-0.000525978
0.787089 -1.48966e-05 1.52434e-08 -1.48966e-05 0.900461 -8.15069e-07 1.52434e-08 -8.15069e-07 1.03523e-06 
112
0
-3.3249
0.000154044
0.794109 -1.34539e-05 1.53777e-08 -1.34539e-05 0.908496 -8.1512e-07 1.53777e-08 -8.1512e-07 1.03523e-06 
113
0
-3.35722
-0.000162103
0.801129 -1.39425e-05 1.55589e-08 -1.39425e-05 0.91653 -8.1517e-07 1.55589e-08 -8.1517e-07 1.03523e-06 
114
0
-3.3899
-8.92147e-05
0.808149 -1.35229e-05 1.56967e-08 -1.35229e-05 0.924565 -8.15216e-07 1.56967e-08 -8.15216e-07 1.03523e-06 
115
0
-3.42219
-0.000897013
0.815169 -1.33114e-05 1.58462e-08 -1.33114e-05 0.9326 -8.1526e-07 1.58462e-08 -8.1526e-07 1.03523e-06 
116
0
-3.45594
-0.000142426
0.822189 -1.0726e-05 1.59468e-08 -1.0726e-05 0.940634 -8.15301e-07 1.59468e-08 -8.15301e-07 1.03523e-06 
117
0
-3.48845
1.92342e-05
0.829209 -1.03524e-05 1.61227e-08 -1.03524e-05 0.948669 -8.15339e-07 1.61227e-08 -8.15339e-07 1.03523e-06 
118
0
-3.52056
-0.000431962
0.836229 -1.0458e-05 1.62844e-08 -1.0458e-05 0.956704 -8.15375e-07 1.62844e-08 -8.15375e-07 1.03523e-06 
119
0
-3.55365
-1.16317e-06
0.843249 -9.20504e-06 1.64093e-08 -9.20504e-06 0.964738 -8.15409e-07 1.64093e-08 -8.15409e-07 1.03523e-06 
120
0
-3.58613
3.17731e-05
0.850269 -9.24964e-06 1.65759e-08 -9.24964e-06 0.972773 -8.15441e-07 1.65759e-08 -8.15441e-07 1.03523e-06 
121
0
-3.61942
0.00081771
0.857289 -9.39507e-06 1.6731e-08 -9.39507e-06 0.980808 -8.15473e-07 1.6731e-08 -8.15473e-07 1.03523e-06 
122
0
-3.65161
-0.00031667
0.864309 -1.19683e-05 1.6931e-08 -1.19683e-05 0.988842 -8.15504e-07 1.6931e-08 -8.15504e-07 1.03523e-06 
123
0
-3.68341
-0.000836896
0.871329 -1.10305e-05 1.70358e-08 -1.10305e-05 0.996877 -8.15533e-07 1.70358e-08 -8.15533e-07 1.03523e-06 
124
0
-3.71678
0.000196407
0.878349 -8.45184e-06 1.71407e-08 -8.45184e-06 1.00491 -8.15559e-07 1.71407e-08 -8.15559e-07 1.03523e-06 
125
0
-3.74962
2.78007e-05
0.885369 -9.12147e-06 1.73335e-08 -9.12147e-06 1.01295 -8.15584e-07 1.73335e-08 -8.15584e-07 1.03523e-06 
126
0
-3.78269
0.000617816
0.892389 -9.25829e-06 1.74862e-08 -9.25829e-06 1.02098 -8.15608e-07 1.74862e-08 -8.15608e-07 1.03523e-06 
127
0
-3.81478
-0.000442093
0.899409 -1.12926e-05 1.76737e-08 -1.12926e-05 1.02902 -8.1563e-07 1.76737e-08 -8.1563e-07 1.03523e-06 
128
0
-3.84689
-0.000844151
0.906429 -9.90831e-06 1.77774e-08 -9.90831e-06 1.03705 -8.15653e-07 1.77774e-08 -8.15653e-07 1.03523e-06 
129
0
-3.88047
-0.000508098
0.913449 -7.19988e-06 1.78885e-08 -7.19988e-06 1.04508 -8.15675e-07 1.78885e-08 -8.15675e-07 1.03523e-06 
130
0
-3.91336
-0.000150666
0.920469 -5.57598e-06 1.80434e-08 -5.57598e-06 1.05312 -8.15695e-07 1.80434e-08 -8.15695e-07 1.03523e-06 
131
0
-3.94554
-0.000331438
0.927489 -5.12454e-06 1.82098e-08 -5.12454e-06 1.06115 -8.15713e-07 1.82098e-08 -8.15713e-07 1.03523e-06 
132
0
-3.97903
0.000738506
0.934509 -4.06519e-06 1.83501e-08 -4.06519e-06 1.06919 -8.15729e-07 1.83501e-08 -8.15729e-07 1.03523e-06 
133
0
-4.01117
-0.000541285
0.941529 -6.59997e-06 1.85603e-08 -6.59997e-06 1.07722 -8.15746e-07 1.85603e-08 -8.15746e-07 1.03523e-06 
134
0
-4.04426
-0.000207433
0.948549 -4.81192e-06 1.86583e-08 -4.81192e-06 1.08526 -8.15759e-07 1.86583e-08 -8.15759e-07 1.03523e-06 
135
0
-4.07727
-0.000192931
0.955569 -4.15119e-06 1.88139e-08 -4.15119e-06 1.09329 -8.15773e-07 1.88139e-08 -8.15773e-07 1.03523e-06 
136
0
-4.11072
0.000377599
0.962589 -3.53514e-06 1.89661e-08 -3.53514e-06 1.10133 -8.15788e-07 1.89661e-08 -8.15788e-07 1.03523e-06 
137
0
-4.14276
0.000116875
0.969609 -4.89308e-06 1.91517e-08 -4.89308e-06 1.10936 -8.15803e-07 1.91517e-08 -8.15803e-07 1.03523e-06 
138
0
-4.17531
-0.000445117
0.976629 -5.34966e-06 1.92981e-08 -5.34966e-06 1.1174 -8.15817e-07 1.92981e-08 -8.15817e-07 1.03523e-06 
139
0
-4.20832
-5.33549e-05
0.983649 -3.83144e-06 1.94184e-08 -3.83144e-06 1.12543 -8.15829e-07 1.94184e-08 -8.15829e-07 1.03523e-06 
140
0
-4.24143
-1.45267e-05
0.990669 -3.69059e-06 1.95824e-08 -3.69059e-06 1.13347 -8.15842e-07 1.95824e-08 -8.15842e-07 1.03523e-06 
141
0
-4.27451
6.13521e-05
0.997689 -3.68701e-06 1.97401e-08 -3.68701e-06 1.1415 -8.15854e-07 1.97401e-08 -8.15854e-07 1.03523e-06 
142
0
-4.30692
-0.000228742
1.00471 -3.95587e-06 1.98992e-08 -3.95587e-06 1.14954 -8.15866e-07 1.98992e-08 -8.15866e-07 1.03523e-06 
143
0
-4.34021
0.000456058
1.01173 -3.17595e-06 2.00359e-08 -3.17595e-06 1.15757 -8.15878e-07 2.00359e-08 -8.15878e-07 1.03523e-06 
144
0
-4.37209
-0.000217921
1.01875 -4.88707e-06 2.02239e-08 -4.88707e-06 1.16561 -8.15889e-07 2.02239e-08 -8.15889e-07 1.03523e-06 
145
0
-4.40444
-0.000452042
1.02577 -4.13529e-06 2.03473e-08 -4.13529e-06 1.17364 -8.15898e-07 2.03473e-08 -8.15898e-07 1.03523e-06 
146
0
-4.43734
-0.00027133
1.03279 -2.5125e-06 2.04765e-08 -2.5125e-06 1.18167 -8.15908e-07 2.04765e-08 -8.15908e-07 1.03523e-06 
147
0
-4.46981
-0.000780608
1.03981 -1.55091e-06 2.06293e-08 -1.55091e-06 1.18971 -8.15918e-07 2.06293e-08 -8.15918e-07 1.03523e-06 
148
0
-4.5031
-2.04149e-05
1.04683 1.32609e-06 2.07478e-08 1.32609e-06 1.19774 -8.15929e-07 2.07478e-08 -8.15929e-07 1.03523e-06 
149
0
-4.53544
-0.000907184
1.05385 1.35475e-06 2.09291e-08 1.35475e-06 1.20578 -8.15939e-07 2.09291e-08 -8.15939e-07 1.03523e-06 
150
0
-4.56895
3.98349e-05
1.06087 4.75211e-06 2.10346e-08 4.75211e-06 1.21381 -8.15946e-07 2.10346e-08 -8.15946e-07 1.03523e-06 
151
0
-4.60162
0.000399379
1.06789 4.55141e-06 2.12238e-08 4.55141e-06 1.22185 -8.15955e-07 2.12238e-08 -8.15955e-07 1.03523e-06 
152
0
-4.63371
-0.000534847
1.07491 2.96584e-06 2.14049e-08 2.96584e-06 1.22988 -8.15965e-07 2.14049e-08 -8.15965e-07 1.03523e-06 
153
0
-4.66631
-0.000253089
1.08193 4.98966e-06 2.15132e-08 4.98966e-06 1.23792 -8.15974e-07 2.15132e-08 -8.15974e-07 1.03523e-06 
154
0
-4.6975
-0.00137276
1.08895 5.92824e-06 2.16667e-08 5.92824e-06 1.24595 -8.15983e-07 2.16667e-08 -8.15983e-07 1.03523e-06 
155
0
-4.73137
-0.000284347
1.09597 1.12681e-05 2.17464e-08 1.12681e-05 1.25399 -8.15991e-07 2.17464e-08 -8.15991e-07 1.03523e-06 
156
0
-4.76463
-4.0624e-05
1.10299 1.23429e-05 2.19344e-08 1.23429e-05 1.26202 -8.15999e-07 2.19344e-08 -8.15999e-07 1.03523e-06 
157
0
-4.79739
0.0002886
1.11001 1.2456e-05 2.2107e-08 1.2456e-05 1.27006 -8.16009e-07 2.2107e-08 -8.16009e-07 1.03523e-06 
158
0
-4.83003
-0.000173425
1.11703 1.12528e-05 2.22834e-08 1.12528e-05 1.27809 -8.16019e-07 2.22834e-08 -8.16019e-07 1.03523e-06 
159
0
-4.86292
-0.000746986
1.12405 1.19027e-05 2.24195e-08 1.19027e-05 1.28613 -8.16029e-07 2.24195e-08 -8.16029e-07 1.03523e-06 
160
0
-4.896
-0.0002601
1.13107 1.4881e-05 2.25361e-08 1.4881e-05 1.29416 -8.16038e-07 2.25361e-08 -8.16038e-07 1.03523e-06 
161
0
-4.92899
-0.000246131
1.13809 1.5893e-05 2.27025e-08 1.5893e-05 1.30219 -8.1605e-07 2.27025e-08 -8.1605e-07 1.03523e-06 
162
0
-4.96156
0.000146755
1.14511 1.68544e-05 2.28576e-08 1.68544e-05 1.31023 -8.1606e-07 2.28576e-08 -8.1606e-07 1.03523e-06 
163
0
-4.99382
-9.57938e-05
1.15213 1.62001e-05 2.30309e-08 1.62001e-05 1.31826 -8.16068e-07 2.30309e-08 -8.16068e-07 1.03523e-06 
164
0
-5.02677
-0.000230328
1.15915 1.65495e-05 2.31756e-08 1.65495e-05 1.3263 -8.16076e-07 2.31756e-08 -8.16076e-07 1.03523e-06 
165
0
-5.05891
-0.000386431
1.16617 1.74635e-05 2.33205e-08 1.74635e-05 1.33433 -8.16083e-07 2.33205e-08 -8.16083e-07 1.03523e-06 
166
0
-5.09248
0.000578991
1.17319 1.90395e-05 2.34589e-08 1.90395e-05 1.34237 -8.16089e-07 2.34589e-08 -8.16089e-07 1.03523e-06 
167
0
-5.12486
-0.000471091
1.18021 1.65422e-05 2.36639e-08 1.65422e-05 1.3504 -8.16096e-07 2.36639e-08 -8.16096e-07 1.03523e-06 
168
0
-5.15857
0.000855338
1.18723 1.84981e-05 2.37743e-08 1.84981e-05 1.35844 -8.16106e-07 2.37743e-08 -8.16106e-07 1.03523e-06 
169
0
-5.19163
0.000732194
1.19425 1.47885e-05 2.39942e-08 1.47885e-05 1.36647 -8.16111e-07 2.39942e-08 -8.16111e-07 1.03523e-06 
170
0
-5.22346
-9.17433e-05
1.20127 1.15875e-05 2.41668e-08 1.15875e-05 1.37451 -8.1612e-07 2.41668e-08 -8.1612e-07 1.03523e-06 
171
0
-5.25654
-5.19388e-05
1.20829 1.19362e-05 2.42836e-08 1.19362e-05 1.38254 -8.16128e-07 2.42836e-08 -8.16128e-07 1.03523e-06 
172
0
-5.28975
0.000649213
1.21531 1.21139e-05 2.44326e-08 1.21139e-05 1.39058 -8.16137e-07 2.44326e-08 -8.16137e-07 1.03523e-06 
173
0
-5.3212
-0.000208464
1.22233 9.22067e-06 2.46262e-08 9.22067e-06 1.39861 -8.16145e-07 2.46262e-08 -8.16145e-07 1.03523e-06 
174
0
-5.35393
0.000274902
1.22935 1.00908e-05 2.47412e-08 1.00908e-05 1.40665 -8.16149e-07 2.47412e-08 -8.16149e-07 1.03523e-06 
175
0
-5.38667
0.000120284
1.23637 8.82367e-06 2.49115e-08 8.82367e-06 1.41468 -8.16154e-07 2.49115e-08 -8.16154e-07 1.03523e-06 
176
0
-5.41977
-0.000611739
1.24339 8.23884e-06 2.50621e-08 8.23884e-06 1.42271 -8.1616e-07 2.50621e-08 -8.1616e-07 1.03523e-06 
177
0
-5.45364
0.000120235
1.25041 1.09327e-05 2.5175e-08 1.09327e-05 1.43075 -8.16168e-07 2.5175e-08 -8.16168e-07 1.03523e-06 
178
0
-5.48708
0.000662095
1.25743 1.03419e-05 2.53577e-08 1.03419e-05 1.43878 -8.16175e-07 2.53577e-08 -8.16175e-07 1.03523e-06 
179
0
-5.5197
0.000592555
1.26445 7.29137e-06 2.55507e-08 7.29137e-06 1.44682 -8.16182e-07 2.55507e-08 -8.16182e-07 1.03523e-06 
180
0
-5.55171
1.8792e-05
1.27147 4.54108e-06 2.5715e-08 4.54108e-06 1.45485 -8.16189e-07 2.5715e-08 -8.16189e-07 1.03523e-06 
181
0
-5.58381
-0.000621325
1.27849 4.40622e-06 2.58415e-08 4.40622e-06 1.46289 -8.16196e-07 2.58415e-08 -8.16196e-07 1.03523e-06 
182
0
-5.61673
-0.000678205
1.28551 7.22178e-06 2.59492e-08 7.22178e-06 1.47092 -8.16204e-07 2.59492e-08 -8.16204e-07 1.03523e-06 
183
0
-5.64963
-0.000407109
1.29253 1.03167e-05 2.6081e-08 1.03167e-05 1.47896 -8.1621e-07 2.6081e-08 -8.1621e-07 1.03523e-06 
184
0
-5.68286
0.000285722
1.29955 1.21654e-05 2.62352e-08 1.21654e-05 1.48699 -8.16214e-07 2.62352e-08 -8.16214e-07 1.03523e-06 
185
0
-5.71518
-0.000636084
1.30657 1.07777e-05 2.64231e-08 1.07777e-05 1.49503 -8.16219e-07 2.64231e-08 -8.16219e-07 1.03523e-06 
186
0
-5.74804
-0.00013686
1.31359 1.37258e-05 2.65311e-08 1.37258e-05 1.50306 -8.16227e-07 2.65311e-08 -8.16227e-07 1.03523e-06 
187
0
-5.78218
0.00106262
1.32061 1.43252e-05 2.66953e-08 1.43252e-05 1.5111 -8.16234e-07 2.66953e-08 -8.16234e-07 1.03523e-06 
188
0
-5.81415
0.000392667
1.32763 9.216e-06 2.6922e-08 9.216e-06 1.51913 -8.16241e-07 2.6922e-08 -8.16241e-07 1.03523e-06 
189
0
-5.84702
0.000599899
1.33465 7.2873e-06 2.70614e-08 7.2873e-06 1.52717 -8.1625e-07 2.70614e-08 -8.1625e-07 1.03523e-06 
190
0
-5.87936
-0.000323729
1.34167 4.35121e-06 2.7229e-08 4.35121e-06 1.5352 -8.16256e-07 2.7229e-08 -8.16256e-07 1.03523e-06 
191
0
-5.91261
0.000145222
1.34869 5.86866e-06 2.73372e-08 5.86866e-06 1.54323 -8.16264e-07 2.73372e-08 -8.16264e-07 1.03523e-06 
192
0
-5.94546
0.000728929
1.35571 5.11347e-06 2.75048e-08 5.11347e-06 1.55127 -8.1627e-07 2.75048e-08 -8.1627e-07 1.03523e-06 
193
0
-5.97709
-2.73637e-05
1.36273 1.50085e-06 2.76946e-08 1.50085e-06 1.5593 -8.16276e-07 2.76946e-08 -8.16276e-07 1.03523e-06 
194
0
-6.01099
0.000328862
1.36975 1.58645e-06 2.7815e-08 1.58645e-06 1.56734 -8.16283e-07 2.7815e-08 -8.16283e-07 1.03523e-06 
195
0
-6.04359
0.000351311
1.37677 -8.69622e-08 2.79847e-08 -8.69622e-08 1.57537 -8.16291e-07 2.79847e-08 -8.16291e-07 1.03523e-06 
196
0
-6.07603
0.0001015
1.38379 -1.88018e-06 2.81438e-08 -1.88018e-06 1.58341 -8.16296e-07 2.81438e-08 -8.16296e-07 1.03523e-06 
197
0
-6.10919
0.000433783
1.39081 -2.43565e-06 2.8285e-08 -2.43565e-06 1.59144 -8.16302e-07 2.8285e-08 -8.16302e-07 1.03523e-06 
198
0
-6.14184
0.000313875
1.39783 -4.6604e-06 2.84554e-08 -4.6604e-06 1.59948 -8.16308e-07 2.84554e-08 -8.16308e-07 1.03523e-06 
199
0
-6.17407
-0.00029583
1.40485 -6.29168e-06 2.86077e-08 -6.29168e-06 1.60751 -8.16313e-07 2.86077e-08 -8.16313e-07 1.03523e-06 
200
0
-6.20736
0.00043959
1.41187 -4.84182e-06 2.87252e-08 -4.84182e-06 1.61555 -8.1632e-07 2.87252e-08 -8.1632e-07 1.03523e-06 
201
0
-6.23921
-0.000244511
1.41889 -7.12921e-06 2.89089e-08 -7.12921e-06 1.62358 -8.16328e-07 2.89089e-08 -8.16328e-07 1.03523e-06 
202
0
-6.27219
-0.000269723
1.42591 -5.92699e-06 2.90279e-08 -5.92699e-06 1.63162 -8.16336e-07 2.90279e-08 -8.16336e-07 1.03523e-06 
203
0
-6.3033
-0.00137851
1.43293 -4.58895e-06 2.91678e-08 -4.58895e-06 1.63965 -8.16342e-07 2.91678e-08 -8.16342e-07 1.03523e-06 
204
0
-6.33625
-0.000116264
1.43995 2.48615e-06 2.92414e-08 2.48615e-06 1.64769 -8.16349e-07 2.92414e-08 -8.16349e-07 1.03523e-06 
205
0
-6.369
-2.30259e-05
1.44697 3.04085e-06 2.94311e-08 3.04085e-06 1.65572 -8.16354e-07 2.94311e-08 -8.16354e-07 1.03523e-06 
206
0
-6.40149
-0.000454141
1.45399 3.11192e-06 2.95923e-08 3.11192e-06 1.66375 -8.1636e-07 2.95923e-08 -8.1636e-07 1.03523e-06 
207
0
-6.43499
0.000488325
1.46101 5.4444e-06 2.97191e-08 5.4444e-06 1.67179 -8.16365e-07 2.97191e-08 -8.16365e-07 1.03523e-06 
208
0
-6.46737
-0.000639306
1.46803 2.82207e-06 2.99164e-08 2.82207e-06 1.67982 -8.16371e-07 2.99164e-08 -8.16371e-07 1.03523e-06 
209
0
-6.50015
-0.000666612
1.47505 6.158e-06 3.0017e-08 6.158e-06 1.68786 -8.16379e-07 3.0017e-08 -8.16379e-07 1.03523e-06 
210
0
-6.53283
-0.000897526
1.48207 9.65539e-06 3.01486e-08 9.65539e-06 1.69589 -8.16384e-07 3.01486e-08 -8.16384e-07 1.03523e-06 
211
0
-6.56702
2.51643e-05
1.48909 1.4404e-05 3.02737e-08 1.4404e-05 1.70393 -8.1639e-07 3.02737e-08 -8.1639e-07 1.03523e-06 
212
0
-6.5989
-0.000730761
1.49611 1.42197e-05 3.04669e-08 1.42197e-05 1.71196 -8.16397e-07 3.04669e-08 -8.16397e-07 1.03523e-06 
213
0
-6.63219
-0.000149199
1.50313 1.8114e-05 3.05804e-08 1.8114e-05 1.72 -8.16405e-07 3.05804e-08 -8.16405e-07 1.03523e-06 
214
0
-6.66567
7.23727e-05
1.51015 1.88737e-05 3.07514e-08 1.88737e-05 1.72803 -8.16411e-07 3.07514e-08 -8.16411e-07 1.03523e-06 
215
0
-6.69728
-0.000641347
1.51717 1.84303e-05 3.09215e-08 1.84303e-05 1.73607 -8.16416e-07 3.09215e-08 -8.16416e-07 1.03523e-06 
216
0
-6.73056
0.000473677
1.52419 2.18908e-05 3.10336e-08 2.18908e-05 1.7441 -8.16423e-07 3.10336e-08 -8.16423e-07 1.03523e-06 
217
0
-6.76262
5.92574e-05
1.53121 1.92375e-05 3.12366e-08 1.92375e-05 1.75214 -8.16428e-07 3.12366e-08 -8.16428e-07 1.03523e-06 
218
0
-6.79488
-8.78785e-05
1.53823 1.8861e-05 3.13795e-08 1.8861e-05 1.76017 -8.16435e-07 3.13795e-08 -8.16435e-07 1.03523e-06 
219
0
-6.82784
-0.000282198
1.54525 1.92994e-05 3.15217e-08 1.92994e-05 1.76821 -8.16443e-07 3.15217e-08 -8.16443e-07 1.03523e-06 
220
0
-6.86087
7.16203e-07
1.55227 2.08231e-05 3.16617e-08 2.08231e-05 1.77624 -8.16452e-07 3.16617e-08 -8.16452e-07 1.03523e-06 
221
0
-6.89409
0.000809328
1.55929 2.07698e-05 3.1826e-08 2.07698e-05 1.78427 -8.16456e-07 3.1826e-08 -8.16456e-07 1.03523e-06 
222
0
-6.92643
0.000442377
1.56631 1.61684e-05 3.20296e-08 1.61684e-05 1.79231 -8.16464e-07 3.20296e-08 -8.16464e-07 1.03523e-06 
223
0
-6.95926
0.000750198
1.57333 1.36197e-05 3.21809e-08 1.36197e-05 1.80034 -8.16472e-07 3.21809e-08 -8.16472e-07 1.03523e-06 
224
0
-6.99118
-3.64938e-05
1.58035 9.31275e-06 3.23578e-08 9.31275e-06 1.80838 -8.16477e-07 3.23578e-08 -8.16477e-07 1.03523e-06 
225
0
-7.02391
0.000297989
1.58737 9.47149e-06 3.24769e-08 9.47149e-06 1.81641 -8.16485e-07 3.24769e-08 -8.16485e-07 1.03523e-06 
226
0
-7.05699
0.00032873
1.59439 7.71584e-06 3.26414e-08 7.71584e-06 1.82445 -8.16494e-07 3.26414e-08 -8.16494e-07 1.03523e-06 
227
0
-7.08963
0.000741054
1.60141 5.77581e-06 3.28026e-08 5.77581e-06 1.83248 -8.16502e-07 3.28026e-08 -8.16502e-07 1.03523e-06 
228
0
-7.1226
0.000650472
1.60843 1.4455e-06 3.29836e-08 1.4455e-06 1.84052 -8.1651e-07 3.29836e-08 -8.1651e-07 1.03523e-06 
229
0
-7.15523
0.000129704
1.61545 -2.37804e-06 3.31462e-08 -2.37804e-06 1.84855 -8.16517e-07 3.31462e-08 -8.16517e-07 1.03523e-06 
230
0
-7.18799
6.6409e-05
1.62247 -3.18331e-06 3.32778e-08 -3.18331e-06 1.85659 -8.16525e-07 3.32778e-08 -8.16525e-07 1.03523e-06 
231
0
-7.2215
0.00108644
1.62949 -3.62144e-06 3.34227e-08 -3.62144e-06 1.86462 -8.16532e-07 3.34227e-08 -8.16532e-07 1.03523e-06 
232
0
-7.25398
8.38085e-05
1.63651 -1.00573e-05 3.3634e-08 -1.00573e-05 1.87266 -8.16538e-07 3.3634e-08 -8.16538e-07 1.03523e-06 
233
0
-7.2877
0.00105498
1.64353 -1.06016e-05 3.37516e-08 -1.06016e-05 1.88069 -8.16546e-07 3.37516e-08 -8.16546e-07 1.03523e-06 
234
0
-7.32044
0.00113119
1.65055 -1.69061e-05 3.39558e-08 -1.69061e-05 1.88873 -8.16554e-07 3.39558e-08 -8.16554e-07 1.03523e-06 
235
0
-7.35214
-0.000136291
1.65757 -2.36911e-05 3.41338e-08 -2.36911e-05 1.89676 -8.16563e-07 3.41338e-08 -8.16563e-07 1.03523e-06 
236
0
-7.38435
-0.00014309
1.66459 -2.29257e-05 3.42266e-08 -2.29257e-05 1.90479 -8.16572e-07 3.42266e-08 -8.16572e-07 1.03523e-06 
237
0
-7.41821
0.000911197
1.67161 -2.2116e-05 3.43597e-08 -2.2116e-05 1.91283 -8.16579e-07 3.43597e-08 -8.16579e-07 1.03523e-06 
238
0
-7.451
0.000596065
1.67863 -2.76605e-05 3.45673e-08 -2.76605e-05 1.92086 -8.16586e-07 3.45673e-08 -8.16586e-07 1.03523e-06 
239
0
-7.4834
0.000421424
1.68565 -3.13198e-05 3.47206e-08 -3.13198e-05 1.9289 -8.16594e-07 3.47206e-08 -8.16594e-07 1.03523e-06 
240
0
-7.51658
0.000927155
1.69267 -3.39322e-05 3.48659e-08 -3.39322e-05 1.93693 -8.16601e-07 3.48659e-08 -8.16601e-07 1.03523e-06 
241
0
-7.54856
-0.00026141
1.69969 -3.96436e-05 3.50491e-08 -3.96436e-05 1.94497 -8.16608e-07 3.50491e-08 -8.16608e-07 1.03523e-06 
242
0
-7.58124
-0.000226536
1.70671 -3.80904e-05 3.51442e-08 -3.80904e-05 1.953 -8.16613e-07 3.51442e-08 -8.16613e-07 1.03523e-06 
243
0
-7.6143
0.000238734
1.71373 -3.67452e-05 3.52791e-08 -3.67452e-05 1.96104 -8.1662e-07 3.52791e-08 -8.1662e-07 1.03523e-06 
244
0
-7.64605
-0.000737629
1.72075 -3.8271e-05 3.54479e-08 -3.8271e-05 1.96907 -8.16627e-07 3.54479e-08 -8.16627e-07 1.03523e-06 
245
0
-7.67851
-0.000663916
1.72777 -3.37415e-05 3.55418e-08 -3.37415e-05 1.97711 -8.16632e-07 3.55418e-08 -8.16632e-07 1.03523e-06 
246
0
-7.71141
-9.60728e-05
1.73479 -2.96528e-05 3.56715e-08 -2.96528e-05 1.98514 -8.16639e-07 3.56715e-08 -8.16639e-07 1.03523e-06 
247
0
-7.74422
-0.000340711
1.74181 -2.91013e-05 3.58393e-08 -2.91013e-05 1.99318 -8.16644e-07 3.58393e-08 -8.16644e-07 1.03523e-06 
248
0
-7.77731
0.000434348
1.74883 -2.70101e-05 3.59756e-08 -2.70101e-05 2.00121 -8.16649e-07 3.59756e-08 -8.16649e-07 1.03523e-06 
249
0
-7.81015
0.000275612
1.75585 -2.98004e-05 3.61627e-08 -2.98004e-05 2.00925 -8.16654e-07 3.61627e-08 -8.16654e-07 1.03523e-06 
250
0
-7.84245
-7.17673e-05
1.76287 -3.15962e-05 3.63157e-08 -3.15962e-05 2.01728 -8.16663e-07 3.63157e-08 -8.16663e-07 1.03523e-06 
251
0
-7.87549
-7.80662e-05
1.76989 -3.11896e-05 3.64474e-08 -3.11896e-05 2.02531 -8.1667e-07 3.64474e-08 -8.1667e-07 1.03523e-06 
252
0
-7.90751
-0.000535879
1.77691 -3.07409e-05 3.65929e-08 -3.07409e-05 2.03335 -8.16677e-07 3.65929e-08 -8.16677e-07 1.03523e-06 
253
0
-7.94
-0.00036275
1.78393 -2.73553e-05 3.67108e-08 -2.73553e-05 2.04138 -8.16683e-07 3.67108e-08 -8.16683e-07 1.03523e-06 
254
0
-7.97253
-0.000858894
1.79095 -2.50704e-05 3.68554e-08 -2.50704e-05 2.04942 -8.1669e-07 3.68554e-08 -8.1669e-07 1.03523e-06 
255
0
-8.00532
-0.000387672
1.79797 -1.95704e-05 3.69695e-08 -1.95704e-05 2.05745 -8.16697e-07 3.69695e-08 -8.16697e-07 1.03523e-06 
256
0
-8.03822
5.76832e-05
1.80499 -1.71055e-05 3.71279e-08 -1.71055e-05 2.06549 -8.16704e-07 3.71279e-08 -8.16704e-07 1.03523e-06 
257
0
-8.07065
-0.000151929
1.81201 -1.75311e-05 3.73005e-08 -1.75311e-05 2.07352 -8.16711e-07 3.73005e-08 -8.16711e-07 1.03523e-06 
258
0
-8.10331
-0.000353583
1.81903 -1.65878e-05 3.74429e-08 -1.65878e-05 2.08156 -8.16719e-07 3.74429e-08 -8.16719e-07 1.03523e-06 
259
0
-8.13648
-0.000112288
1.82605 -1.43171e-05 3.75785e-08 -1.43171e-05 2.08959 -8.16726e-07 3.75785e-08 -8.16726e-07 1.03523e-06 
260
0
-8.16972
0.000328486
1.83307 -1.36273e-05 3.77376e-08 -1.36273e-05 2.09763 -8.16733e-07 3.77376e-08 -8.16733e-07 1.03523e-06 
261
0
-8.20284
0.000562505
1.84009 -1.58498e-05 3.79162e-08 -1.58498e-05 2.10566 -8.16739e-07 3.79162e-08 -8.16739e-07 1.03523e-06 
262
0
-8.23544
0.000635027
1.84711 -1.96344e-05 3.80924e-08 -1.96344e-05 2.1137 -8.16747e-07 3.80924e-08 -8.16747e-07 1.03523e-06 
263
0
-8.26755
-0.000229038
1.85413 -2.39166e-05 3.826e-08 -2.39166e-05 2.12173 -8.16756e-07 3.826e-08 -8.16756e-07 1.03523e-06 
264
0
-8.30066
3.76014e-05
1.86115 -2.24344e-05 3.83713e-08 -2.24344e-05 2.12977 -8.16764e-07 3.83713e-08 -8.16764e-07 1.03523e-06 
265
0
-8.333
-0.000326901
1.86817 -2.2737e-05 3.85286e-08 -2.2737e-05 2.1378 -8.16771e-07 3.85286e-08 -8.16771e-07 1.03523e-06 
266
0
-8.36559
-0.000282941
1.87519 -2.05835e-05 3.86586e-08 -2.05835e-05 2.14583 -8.16777e-07 3.86586e-08 -8.16777e-07 1.03523e-06 
267
0
-8.39842
6.76964e-05
1.88221 -1.87192e-05 3.8803e-08 -1.87192e-05 2.15387 -8.16784e-07 3.8803e-08 -8.16784e-07 1.03523e-06 
268
0
-8.43056
-0.000245341
1.88923 -1.92291e-05 3.89693e-08 -1.92291e-05 2.1619 -8.16792e-07 3.89693e-08 -8.16792e-07 1.03523e-06 
269
0
-8.46352
-0.00013529
1.89625 -1.76068e-05 3.91039e-08 -1.76068e-05 2.16994 -8.16798e-07 3.91039e-08 -8.16798e-07 1.03523e-06 
270
0
-8.49555
-0.00107698
1.90327 -1.67312e-05 3.92559e-08 -1.67312e-05 2.17797 -8.16805e-07 3.92559e-08 -8.16805e-07 1.03523e-06 
271
0
-8.52838
-0.000620131
1.91029 -9.38522e-06 3.93487e-08 -9.38522e-06 2.18601 -8.16813e-07 3.93487e-08 -8.16813e-07 1.03523e-06 
272
0
-8.561
-0.00100833
1.91731 -5.16093e-06 3.95011e-08 -5.16093e-06 2.19404 -8.16818e-07 3.95011e-08 -8.16818e-07 1.03523e-06 
273
0
-8.59487
0.000353118
1.92433 1.76472e-06 3.96218e-08 1.76472e-06 2.20208 -8.16823e-07 3.96218e-08 -8.16823e-07 1.03523e-06 
274
0
-8.62739
0.000267261
1.93135 -7.37431e-07 3.9837e-08 -7.37431e-07 2.21011 -8.16829e-07 3.9837e-08 -8.16829e-07 1.03523e-06 
275
0
-8.65911
-0.000329293
1.93837 -2.65019e-06 4.00008e-08 -2.65019e-06 2.21815 -8.16835e-07 4.00008e-08 -8.16835e-07 1.03523e-06 
276
0
-8.69183
0.000258448
1.94539 -3.97219e-07 4.01217e-08 -3.97219e-07 2.22618 -8.16841e-07 4.01217e-08 -8.16841e-07 1.03523e-06 
277
0
-8.72403
-0.000295675
1.95241 -2.26171e-06 4.02982e-08 -2.26171e-06 2.23422 -8.16847e-07 4.02982e-08 -8.16847e-07 1.03523e-06 
278
0
-8.75697
0.000207992
1.95943 -2.28913e-07 4.04255e-08 -2.28913e-07 2.24225 -8.16853e-07 4.04255e-08 -8.16853e-07 1.03523e-06 
279
0
-8.78897
-0.000677115
1.96645 -1.7498e-06 4.05995e-08 -1.7498e-06 2.25029 -8.1686e-07 4.05995e-08 -8.1686e-07 1.03523e-06 
280
0
-8.82231
-0.000442058
1.97347 3.00458e-06 4.07058e-08 3.00458e-06 2.25832 -8.16868e-07 4.07058e-08 -8.16868e-07 1.03523e-06 
281
0
-8.85505
-0.000596878
1.98049 6.10222e-06 4.08568e-08 6.10222e-06 2.26636 -8.16874e-07 4.08568e-08 -8.16874e-07 1.03523e-06 
282
0
-8.88822
-0.000166661
1.98751 1.03175e-05 4.09945e-08 1.03175e-05 2.27439 -8.16879e-07 4.09945e-08 -8.16879e-07 1.03523e-06 
283
0
-8.92127
-0.000104523
1.99453 1.14624e-05 4.11633e-08 1.14624e-05 2.28242 -8.16885e-07 4.11633e-08 -8.16885e-07 1.03523e-06 
284
0
-8.95345
-0.000323251
2.00155 1.21643e-05 4.13224e-08 1.21643e-05 2.29046 -8.1689e-07 4.13224e-08 -8.1689e-07 1.03523e-06 
285
0
-8.98645
5.32633e-06
2.00857 1.44486e-05 4.14612e-08 1.44486e-05 2.29849 -8.16898e-07 4.14612e-08 -8.16898e-07 1.03523e-06 
286
0
-9.01932
0.000255758
2.01559 1.43596e-05 4.16279e-08 1.43596e-05 2.30653 -8.16903e-07 4.16279e-08 -8.16903e-07 1.03523e-06 
287
0
-9.0532
0.000968381
2.02261 1.2449e-05 4.17994e-08 1.2449e-05 2.31456 -8.1691e-07 4.17994e-08 -8.1691e-07 1.03523e-06 
288
0
-9.0862
0.00110292
2.02963 5.33054e-06 4.20058e-08 5.33054e-06 2.3226 -8.16917e-07 4.20058e-08 -8.16917e-07 1.03523e-06 
289
0
-9.11841
0.000762034
2.03665 -2.79783e-06 4.21917e-08 -2.79783e-06 2.33063 -8.16924e-07 4.21917e-08 -8.16924e-07 1.03523e-06 
290
0
-9.15111
0.000756328
2.04367 -8.44884e-06 4.23449e-08 -8.44884e-06 2.33867 -8.16931e-07 4.23449e-08 -8.16931e-07 1.03523e-06 
291
0
-9.18321
-0.000254185
2.05069 -1.40771e-05 4.25077e-08 -1.40771e-05 2.3467 -8.16941e-07 4.25077e-08 -8.16941e-07 1.03523e-06 
292
0
-9.21655
0.000556977
2.05771 -1.22467e-05 4.26116e-08 -1.22467e-05 2.35474 -8.1695e-07 4.26116e-08 -8.1695e-07 1.03523e-06 
293
0
-9.24928
0.000255792
2.06473 -1.64331e-05 4.27993e-08 -1.64331e-05 2.36277 -8.16955e-07 4.27993e-08 -8.16955e-07 1.03523e-06 
294
0
-9.28246
0.000877477
2.07175 -1.83896e-05 4.29472e-08 -1.83896e-05 2.37081 -8.16963e-07 4.29472e-08 -8.16963e-07 1.03523e-06 
295
0
-9.31395
-0.000363194
2.07878 -2.50005e-05 4.31382e-08 -2.50005e-05 2.37884 -8.1697e-07 4.31382e-08 -8.1697e-07 1.03523e-06 
296
0
-9.34621
-7.85845e-05
2.0858 -2.23266e-05 4.32319e-08 -2.23266e-05 2.38688 -8.16977e-07 4.32319e-08 -8.16977e-07 1.03523e-06 
297
0
-9.37934
0.000357855
2.09282 -2.17858e-05 4.33807e-08 -2.17858e-05 2.39491 -8.16985e-07 4.33807e-08 -8.16985e-07 1.03523e-06 
298
0
-9.41183
0.000457558
2.09984 -2.45392e-05 4.35556e-08 -2.45392e-05 2.40294 -8.16993e-07 4.35556e-08 -8.16993e-07 1.03523e-06 
299
0
-9.44496
0.000847872
2.10686 -2.80572e-05 4.37195e-08 -2.80572e-05 2.41098 -8.17e-07 4.37195e-08 -8.17e-07 1.03523e-06 
300
0
-9.47747
-3.58453e-05
2.11388 -3.45544e-05 4.39021e-08 -3.45544e-05 2.41901 -8.17007e-07 4.39021e-08 -8.17007e-07 1.03523e-06 
301
0
-9.51035
-3.99685e-05
2.1209 -3.43317e-05 4.40178e-08 -3.43317e-05 2.42705 -8.17015e-07 4.40178e-08 -8.17015e-07 1.03523e-06 
302
0
-9.54312
1.2959e-05
2.12792 -3.40766e-05 4.41604e-08 -3.40766e-05 2.43508 -8.17023e-07 4.41604e-08 -8.17023e-07 1.03523e-06 
303
0
-9.57593
-0.000432378
2.13494 -3.4227e-05 4.43104e-08 -3.4227e-05 2.44312 -8.17031e-07 4.43104e-08 -8.17031e-07 1.03523e-06 
304
0
-9.60902
0.000480228
