0
0
0
-0.00023985
0.00800061 -2.68385e-11 1.2769e-14 -2.68385e-11 0.00900061 -9.84301e-12 1.2769e-14 -9.84301e-12 1.24978e-06 
1
0
0
-0.000213006
0.0150026 5.71386e-09 -1.42552e-11 5.71386e-09 0.0170026 -6.4448e-09 -1.42552e-11 -6.4448e-09 1.03722e-06 
2
0
0
0.000222117
0.0220062 1.55422e-08 -3.41951e-11 1.55422e-08 0.0250061 -1.73334e-08 -3.41951e-11 -1.73334e-08 1.03685e-06 
3
0
0
-1.87801e-05
0.0290117 -2.90689e-09 -4.83254e-11 -2.90689e-09 0.0330113 -3.1146e-08 -4.83254e-11 -3.1146e-08 1.03711e-06 
4
0
0
-0.000897242
0.036019 -4.20866e-09 -6.1445e-11 -4.20866e-09 0.0410185 -4.77365e-08 -6.1445e-11 -4.77365e-08 1.03672e-06 
5
0
0
-0.000985903
0.043028 1.02984e-07 -7.81056e-11 1.02984e-07 0.0490275 -6.68843e-08 -7.81056e-11 -6.68843e-08 1.03632e-06 
6
0
0
-0.000646053
0.0500387 2.43817e-07 -8.00186e-11 2.43817e-07 0.0570384 -8.82426e-08 -8.00186e-11 -8.82426e-08 1.03601e-06 
7
0
-0.0538948
-0.00146706
0.0570507 3.475e-07 -6.1954e-11 3.475e-07 0.0650513 -1.11424e-07 -6.1954e-11 -1.11424e-07 1.03577e-06 
8
0
-0.0691175
5.6951e-07
0.0640641 6.29101e-07 -5.3263e-11 6.29101e-07 0.0730661 -1.36046e-07 -5.3263e-11 -1.36046e-07 1.03559e-06 
9
0
-0.0858302
0.000163469
0.0710785 6.14545e-07 1.46465e-11 6.14545e-07 0.0810826 -1.61744e-07 1.46465e-11 -1.61744e-07 1.03545e-06 
10
0
-0.104123
0.000693961
0.0780938 5.56617e-07 7.88909e-11 5.56617e-07 0.0891008 -1.8818e-07 7.88909e-11 -1.8818e-07 1.03535e-06 
11
0
-0.12384
-0.000427816
0.0851099 3.45997e-07 1.64331e-10 3.45997e-07 0.0971206 -2.15051e-07 1.64331e-10 -2.15051e-07 1.03528e-06 
12
0
-0.145414
-0.000809761
0.0921267 4.52359e-07 2.15588e-10 4.52359e-07 0.105142 -2.42087e-07 2.15588e-10 -2.42087e-07 1.03523e-06 
13
0
-0.16782
-0.00109151
0.099144 6.91452e-07 2.87108e-10 6.91452e-07 0.113165 -2.69051e-07 2.87108e-10 -2.69051e-07 1.03519e-06 
14
0
-0.191449
-0.000364116
0.106162 1.04754e-06 3.69104e-10 1.04754e-06 0.121188 -2.9574e-07 3.69104e-10 -2.9574e-07 1.03517e-06 
15
0
-0.216407
-4.95881e-05
0.11318 1.1558e-06 4.95075e-10 1.1558e-06 0.129214 -3.21986e-07 4.95075e-10 -3.21986e-07 1.03515e-06 
16
0
-0.241918
-0.000394284
0.120198 1.14524e-06 6.26708e-10 1.14524e-06 0.13724 -3.47648e-07 6.26708e-10 -3.47648e-07 1.03515e-06 
17
0
-0.268449
-0.000345143
0.127217 1.28109e-06 7.40144e-10 1.28109e-06 0.145267 -3.72615e-07 7.40144e-10 -3.72615e-07 1.03514e-06 
18
0
-0.295885
-2.89648e-05
0.134236 1.40314e-06 8.69197e-10 1.40314e-06 0.153294 -3.968e-07 8.69197e-10 -3.968e-07 1.03514e-06 
19
0
-0.323817
0.00036864
0.141255 1.38181e-06 1.01772e-09 1.38181e-06 0.161323 -4.20137e-07 1.01772e-09 -4.20137e-07 1.03514e-06 
20
0
-0.351742
-0.0008031
0.148274 1.16037e-06 1.1793e-09 1.16037e-06 0.169352 -4.42576e-07 1.1793e-09 -4.42576e-07 1.03515e-06 
21
0
-0.38097
-0.000547199
0.155293 1.54603e-06 1.27806e-09 1.54603e-06 0.177382 -4.64089e-07 1.27806e-09 -4.64089e-07 1.03515e-06 
22
0
-0.410958
-4.66133e-05
0.162313 1.80964e-06 1.4249e-09 1.80964e-06 0.185412 -4.84659e-07 1.4249e-09 -4.84659e-07 1.03515e-06 
23
0
-0.44074
-0.000625803
0.169332 1.79704e-06 1.59752e-09 1.79704e-06 0.193443 -5.04279e-07 1.59752e-09 -5.04279e-07 1.03516e-06 
24
0
-0.471001
-0.00033519
0.176352 2.13398e-06 1.72837e-09 2.13398e-06 0.201475 -5.22953e-07 1.72837e-09 -5.22953e-07 1.03517e-06 
25
0
-0.50135
-0.00116783
0.183371 2.30347e-06 1.88956e-09 2.30347e-06 0.209506 -5.40694e-07 1.88956e-09 -5.40694e-07 1.03517e-06 
26
0
-0.53277
-0.000603513
0.190391 3.02492e-06 2.00488e-09 3.02492e-06 0.217538 -5.57519e-07 2.00488e-09 -5.57519e-07 1.03518e-06 
27
0
-0.564055
-0.000216421
0.197411 3.39234e-06 2.17612e-09 3.39234e-06 0.22557 -5.73452e-07 2.17612e-09 -5.73452e-07 1.03518e-06 
28
0
-0.594837
-0.00025394
0.20443 3.50198e-06 2.35399e-09 3.50198e-06 0.233603 -5.88519e-07 2.35399e-09 -5.88519e-07 1.03519e-06 
29
0
-0.626393
6.44568e-05
0.21145 3.64399e-06 2.51387e-09 3.64399e-06 0.241636 -6.02751e-07 2.51387e-09 -6.02751e-07 1.03519e-06 
30
0
-0.658048
0.000572836
0.21847 3.55169e-06 2.69113e-09 3.55169e-06 0.249669 -6.16176e-07 2.69113e-09 -6.16176e-07 1.03519e-06 
31
0
-0.689541
0.000296636
0.22549 3.06079e-06 2.88501e-09 3.06079e-06 0.257702 -6.2883e-07 2.88501e-09 -6.2883e-07 1.0352e-06 
32
0
-0.721543
0.000253455
0.23251 2.77743e-06 3.04604e-09 2.77743e-06 0.265735 -6.40744e-07 3.04604e-09 -6.40744e-07 1.0352e-06 
33
0
-0.753488
-0.000170854
0.23953 2.52209e-06 3.21164e-09 2.52209e-06 0.273769 -6.51955e-07 3.21164e-09 -6.51955e-07 1.0352e-06 
34
0
-0.785583
-0.000143566
0.24655 2.62327e-06 3.35659e-09 2.62327e-06 0.281802 -6.62494e-07 3.35659e-09 -6.62494e-07 1.03521e-06 
35
0
-0.818141
0.000906209
0.253569 2.70448e-06 3.51665e-09 2.70448e-06 0.289836 -6.72396e-07 3.51665e-09 -6.72396e-07 1.03521e-06 
36
0
-0.850251
0.00102606
0.260589 1.83723e-06 3.73555e-09 1.83723e-06 0.29787 -6.8169e-07 3.73555e-09 -6.8169e-07 1.03521e-06 
37
0
-0.881989
0.000327037
0.267609 8.3506e-07 3.92582e-09 8.3506e-07 0.305903 -6.90415e-07 3.92582e-09 -6.90415e-07 1.03521e-06 
38
0
-0.913844
0.000176629
0.274629 4.75936e-07 4.0662e-09 4.75936e-07 0.313937 -6.98599e-07 4.0662e-09 -6.98599e-07 1.03521e-06 
39
0
-0.945657
-0.00067287
0.281649 2.56158e-07 4.21817e-09 2.56158e-07 0.321971 -7.06269e-07 4.21817e-09 -7.06269e-07 1.03522e-06 
40
0
-0.978009
-0.000636672
0.288669 8.88161e-07 4.33133e-09 8.88161e-07 0.330005 -7.13456e-07 4.33133e-09 -7.13456e-07 1.03522e-06 
41
0
-1.01114
-2.73258e-05
0.295689 1.4997e-06 4.47656e-09 1.4997e-06 0.33804 -7.20187e-07 4.47656e-09 -7.20187e-07 1.03522e-06 
42
0
-1.04385
0.000406809
0.302709 1.4821e-06 4.66214e-09 1.4821e-06 0.346074 -7.26492e-07 4.66214e-09 -7.26492e-07 1.03522e-06 
43
0
-1.07577
-0.000497557
0.309729 9.94417e-07 4.8513e-09 9.94417e-07 0.354108 -7.32393e-07 4.8513e-09 -7.32393e-07 1.03522e-06 
44
0
-1.1081
-0.000165553
0.316749 1.49976e-06 4.96951e-09 1.49976e-06 0.362142 -7.37914e-07 4.96951e-09 -7.37914e-07 1.03522e-06 
45
0
-1.14096
0.000209862
0.323769 1.64084e-06 5.13272e-09 1.64084e-06 0.370177 -7.43078e-07 5.13272e-09 -7.43078e-07 1.03522e-06 
46
0
-1.17395
0.000466853
0.330789 1.35047e-06 5.31249e-09 1.35047e-06 0.378211 -7.47909e-07 5.31249e-09 -7.47909e-07 1.03522e-06 
47
0
-1.20694
0.000579197
0.337809 7.50027e-07 5.4939e-09 7.50027e-07 0.386245 -7.52425e-07 5.4939e-09 -7.52425e-07 1.03522e-06 
48
0
-1.2403
0.00107152
0.344829 1.62492e-09 5.67057e-09 1.62492e-09 0.39428 -7.56647e-07 5.67057e-09 -7.56647e-07 1.03522e-06 
49
0
-1.27245
0.000181396
0.351849 -1.37021e-06 5.87004e-09 -1.37021e-06 0.402314 -7.6059e-07 5.87004e-09 -7.6059e-07 1.03522e-06 
50
0
-1.30485
-0.000127056
0.358869 -1.64623e-06 5.99745e-09 -1.64623e-06 0.410349 -7.64274e-07 5.99745e-09 -7.64274e-07 1.03522e-06 
51
0
-1.33751
0.000125699
0.365889 -1.52992e-06 6.13274e-09 -1.52992e-06 0.418383 -7.67718e-07 6.13274e-09 -7.67718e-07 1.03522e-06 
52
0
-1.37011
-0.00037124
0.372909 -1.74216e-06 6.2972e-09 -1.74216e-06 0.426418 -7.70934e-07 6.2972e-09 -7.70934e-07 1.03522e-06 
53
0
-1.40299
-0.000247246
0.379929 -1.29283e-06 6.42767e-09 -1.29283e-06 0.434452 -7.73938e-07 6.42767e-09 -7.73938e-07 1.03522e-06 
54
0
-1.43581
-7.06659e-05
0.386949 -1.00314e-06 6.58101e-09 -1.00314e-06 0.442487 -7.76742e-07 6.58101e-09 -7.76742e-07 1.03522e-06 
55
0
-1.46908
-6.91947e-05
0.393969 -9.52395e-07 6.74274e-09 -9.52395e-07 0.450521 -7.79358e-07 6.74274e-09 -7.79358e-07 1.03522e-06 
56
0
-1.50156
-0.000688625
0.400989 -9.0196e-07 6.90025e-09 -9.0196e-07 0.458556 -7.81802e-07 6.90025e-09 -7.81802e-07 1.03522e-06 
57
0
-1.53419
-0.000468808
0.408009 4.17009e-08 7.01868e-09 4.17009e-08 0.46659 -7.84084e-07 7.01868e-09 -7.84084e-07 1.03523e-06 
58
0
-1.56781
-6.82485e-05
0.415029 6.80858e-07 7.16948e-09 6.80858e-07 0.474625 -7.86209e-07 7.16948e-09 -7.86209e-07 1.03523e-06 
59
0
-1.60129
0.000706197
0.422049 7.3508e-07 7.34345e-09 7.3508e-07 0.482659 -7.88193e-07 7.34345e-09 -7.88193e-07 1.03523e-06 
60
0
-1.63422
0.000950379
0.429069 -3.82501e-07 7.54777e-09 -3.82501e-07 0.490694 -7.90045e-07 7.54777e-09 -7.90045e-07 1.03523e-06 
61
0
-1.66659
0.000427823
0.436089 -1.89421e-06 7.73602e-09 -1.89421e-06 0.498728 -7.91772e-07 7.73602e-09 -7.91772e-07 1.03523e-06 
62
0
-1.70012
0.00117519
0.443109 -2.6117e-06 7.87859e-09 -2.6117e-06 0.506763 -7.93385e-07 7.87859e-09 -7.93385e-07 1.03523e-06 
63
0
-1.73207
-0.000113802
0.450129 -4.52945e-06 8.08186e-09 -4.52945e-06 0.514798 -7.94888e-07 8.08186e-09 -7.94888e-07 1.03523e-06 
64
0
-1.76561
0.000620173
0.457149 -4.39302e-06 8.18382e-09 -4.39302e-06 0.522832 -7.96292e-07 8.18382e-09 -7.96292e-07 1.03523e-06 
65
0
-1.79859
0.000759797
0.464169 -5.45903e-06 8.37033e-09 -5.45903e-06 0.530867 -7.97602e-07 8.37033e-09 -7.97602e-07 1.03523e-06 
66
0
-1.83141
0.000163206
0.471189 -6.7736e-06 8.54587e-09 -6.7736e-06 0.538901 -7.98824e-07 8.54587e-09 -7.98824e-07 1.03523e-06 
67
0
-1.86376
-0.000173821
0.478209 -7.09753e-06 8.67848e-09 -7.09753e-06 0.546936 -7.99964e-07 8.67848e-09 -7.99964e-07 1.03523e-06 
68
0
-1.89676
0.000171027
0.485229 -6.84653e-06 8.80746e-09 -6.84653e-06 0.554971 -8.01025e-07 8.80746e-09 -8.01025e-07 1.03523e-06 
69
0
-1.92984
0.000587213
0.492249 -7.19243e-06 8.97221e-09 -7.19243e-06 0.563005 -8.02016e-07 8.97221e-09 -8.02016e-07 1.03523e-06 
70
0
-1.96268
3.9018e-05
0.499269 -8.27888e-06 9.15257e-09 -8.27888e-06 0.57104 -8.02941e-07 9.15257e-09 -8.02941e-07 1.03523e-06 
71
0
-1.99528
-0.00022208
0.506289 -8.39659e-06 9.28557e-09 -8.39659e-06 0.579075 -8.03802e-07 9.28557e-09 -8.03802e-07 1.03523e-06 
72
0
-2.02741
-0.000793984
0.513309 -8.04021e-06 9.41751e-09 -8.04021e-06 0.587109 -8.04607e-07 9.41751e-09 -8.04607e-07 1.03523e-06 
73
0
-2.0614
0.00045185
0.520329 -6.62302e-06 9.52584e-09 -6.62302e-06 0.595144 -8.05355e-07 9.52584e-09 -8.05355e-07 1.03523e-06 
74
0
-2.09425
0.000268966
0.527349 -7.51593e-06 9.73318e-09 -7.51593e-06 0.603178 -8.06051e-07 9.73318e-09 -8.06051e-07 1.03523e-06 
75
0
-2.12708
-0.000336693
0.534369 -8.07358e-06 9.88999e-09 -8.07358e-06 0.611213 -8.067e-07 9.88999e-09 -8.067e-07 1.03523e-06 
76
0
-2.16079
0.000216812
0.541389 -7.47451e-06 1.0011e-08 -7.47451e-06 0.619248 -8.07305e-07 1.0011e-08 -8.07305e-07 1.03523e-06 
77
0
-2.19359
0.00014834
0.548409 -7.94432e-06 1.01866e-08 -7.94432e-06 0.627282 -8.07871e-07 1.01866e-08 -8.07871e-07 1.03523e-06 
78
0
-2.22659
0.000165716
0.555429 -8.28461e-06 1.03408e-08 -8.28461e-06 0.635317 -8.08398e-07 1.03408e-08 -8.08398e-07 1.03523e-06 
79
0
-2.25961
-0.000479482
0.562449 -8.66338e-06 1.04958e-08 -8.66338e-06 0.643352 -8.0889e-07 1.04958e-08 -8.0889e-07 1.03523e-06 
80
0
-2.29279
-0.000633464
0.569469 -7.74137e-06 1.06134e-08 -7.74137e-06 0.651386 -8.09347e-07 1.06134e-08 -8.09347e-07 1.03523e-06 
81
0
-2.32629
-0.000137947
0.576489 -6.49188e-06 1.07437e-08 -6.49188e-06 0.659421 -8.09772e-07 1.07437e-08 -8.09772e-07 1.03523e-06 
82
0
-2.35989
0.000395518
0.583509 -6.25369e-06 1.09129e-08 -6.25369e-06 0.667456 -8.10169e-07 1.09129e-08 -8.10169e-07 1.03523e-06 
83
0
-2.3922
0.000417449
0.590529 -7.13159e-06 1.10989e-08 -7.13159e-06 0.67549 -8.10539e-07 1.10989e-08 -8.10539e-07 1.03523e-06 
84
0
-2.42524
0.000919041
0.597549 -8.06609e-06 1.12613e-08 -8.06609e-06 0.683525 -8.10884e-07 1.12613e-08 -8.10884e-07 1.03523e-06 
85
0
-2.45805
0.00112397
0.604569 -1.00893e-05 1.14501e-08 -1.00893e-05 0.69156 -8.11207e-07 1.14501e-08 -8.11207e-07 1.03523e-06 
86
0
-2.49034
1.87645e-05
0.611589 -1.25816e-05 1.16325e-08 -1.25816e-05 0.699594 -8.11508e-07 1.16325e-08 -8.11508e-07 1.03523e-06 
87
0
-2.52362
0.000443554
0.618609 -1.26707e-05 1.17393e-08 -1.26707e-05 0.707629 -8.1179e-07 1.17393e-08 -8.1179e-07 1.03523e-06 
88
0
-2.55548
-0.000640224
0.625629 -1.37057e-05 1.19076e-08 -1.37057e-05 0.715664 -8.12053e-07 1.19076e-08 -8.12053e-07 1.03523e-06 
89
0
-2.58934
0.000435622
0.632649 -1.23124e-05 1.20008e-08 -1.23124e-05 0.723698 -8.12298e-07 1.20008e-08 -8.12298e-07 1.03523e-06 
90
0
-2.62189
0.000227168
0.639669 -1.33519e-05 1.21966e-08 -1.33519e-05 0.731733 -8.12525e-07 1.21966e-08 -8.12525e-07 1.03523e-06 
91
0
-2.65488
9.64912e-05
0.646689 -1.39227e-05 1.23475e-08 -1.39227e-05 0.739768 -8.12739e-07 1.23475e-08 -8.12739e-07 1.03523e-06 
92
0
-2.68694
-0.000807059
0.653709 -1.41951e-05 1.24936e-08 -1.41951e-05 0.747802 -8.12937e-07 1.24936e-08 -8.12937e-07 1.03523e-06 
93
0
-2.72085
0.000636224
0.660729 -1.23445e-05 1.25889e-08 -1.23445e-05 0.755837 -8.13122e-07 1.25889e-08 -8.13122e-07 1.03523e-06 
94
0
-2.75387
0.000340952
0.667749 -1.39052e-05 1.28041e-08 -1.39052e-05 0.763872 -8.13295e-07 1.28041e-08 -8.13295e-07 1.03523e-06 
95
0
-2.78623
2.48466e-05
0.674769 -1.47724e-05 1.29584e-08 -1.47724e-05 0.771906 -8.13457e-07 1.29584e-08 -8.13457e-07 1.03523e-06 
96
0
-2.81994
0.000846283
0.681789 -1.48807e-05 1.30938e-08 -1.48807e-05 0.779941 -8.13608e-07 1.30938e-08 -8.13608e-07 1.03523e-06 
97
0
-2.85215
-0.000510132
0.688809 -1.70053e-05 1.32918e-08 -1.70053e-05 0.787976 -8.13749e-07 1.32918e-08 -8.13749e-07 1.03523e-06 
98
0
-2.88612
4.25444e-05
0.695829 -1.57885e-05 1.33818e-08 -1.57885e-05 0.79601 -8.13884e-07 1.33818e-08 -8.13884e-07 1.03523e-06 
99
0
-2.9188
-0.000232632
0.702849 -1.5943e-05 1.35493e-08 -1.5943e-05 0.804045 -8.14008e-07 1.35493e-08 -8.14008e-07 1.03523e-06 
100
0
-2.95185
0.000295597
0.709869 -1.54024e-05 1.36861e-08 -1.54024e-05 0.81208 -8.14123e-07 1.36861e-08 -8.14123e-07 1.03523e-06 
101
0
-2.98428
-0.000599496
0.716889 -1.62057e-05 1.38611e-08 -1.62057e-05 0.820114 -8.14233e-07 1.38611e-08 -8.14233e-07 1.03523e-06 
102
0
-3.01804
0.000244806
0.723909 -1.47066e-05 1.39666e-08 -1.47066e-05 0.828149 -8.14335e-07 1.39666e-08 -8.14335e-07 1.03523e-06 
103
0
-3.05017
-0.000268624
0.730929 -1.53925e-05 1.41519e-08 -1.53925e-05 0.836184 -8.14427e-07 1.41519e-08 -8.14427e-07 1.03523e-06 
104
0
-3.08354
0.000229278
0.737949 -1.47336e-05 1.42796e-08 -1.47336e-05 0.844218 -8.14514e-07 1.42796e-08 -8.14514e-07 1.03523e-06 
105
0
-3.11648
0.00015244
0.744969 -1.53908e-05 1.44525e-08 -1.53908e-05 0.852253 -8.14595e-07 1.44525e-08 -8.14595e-07 1.03523e-06 
106
0
-3.14918
8.46165e-05
0.751989 -1.58476e-05 1.46062e-08 -1.58476e-05 0.860288 -8.14673e-07 1.46062e-08 -8.14673e-07 1.03523e-06 
107
0
-3.18286
0.00049717
0.759009 -1.61247e-05 1.47549e-08 -1.61247e-05 0.868322 -8.14745e-07 1.47549e-08 -8.14745e-07 1.03523e-06 
108
0
-3.2148
-0.000461521
0.766029 -1.75314e-05 1.49331e-08 -1.75314e-05 0.876357 -8.1481e-07 1.49331e-08 -8.1481e-07 1.03523e-06 
109
0
-3.24805
0.000254583
0.773049 -1.63064e-05 1.5037e-08 -1.63064e-05 0.884392 -8.14873e-07 1.5037e-08 -8.14873e-07 1.03523e-06 
110
0
-3.28026
-1.79025e-05
0.780069 -1.70631e-05 1.52149e-08 -1.70631e-05 0.892426 -8.14933e-07 1.52149e-08 -8.14933e-07 1.03523e-06 
111
0
-3.31372
0.000592729
0.787089 -1.70608e-05 1.53556e-08 -1.70608e-05 0.900461 -8.14989e-07 1.53556e-08 -8.14989e-07 1.03523e-06 
112
0
-3.34577
-0.000392911
0.794109 -1.87888e-05 1.55414e-08 -1.87888e-05 0.908496 -8.15042e-07 1.55414e-08 -8.15042e-07 1.03523e-06 
113
0
-3.37926
0.000672438
0.801129 -1.77133e-05 1.56469e-08 -1.77133e-05 0.91653 -8.15094e-07 1.56469e-08 -8.15094e-07 1.03523e-06 
114
0
-3.41059
-0.000632342
0.808149 -1.97013e-05 1.58471e-08 -1.97013e-05 0.924565 -8.15141e-07 1.58471e-08 -8.15141e-07 1.03523e-06 
115
0
-3.44385
1.71118e-05
0.815169 -1.7909e-05 1.5935e-08 -1.7909e-05 0.9326 -8.15186e-07 1.5935e-08 -8.15186e-07 1.03523e-06 
116
0
-3.47672
0.000110123
0.822189 -1.80073e-05 1.61039e-08 -1.80073e-05 0.940634 -8.15227e-07 1.61039e-08 -8.15227e-07 1.03523e-06 
117
0
-3.50992
0.000515802
0.829209 -1.83815e-05 1.62631e-08 -1.83815e-05 0.948669 -8.15265e-07 1.62631e-08 -8.15265e-07 1.03523e-06 
118
0
-3.54364
0.000764224
0.836229 -1.997e-05 1.64414e-08 -1.997e-05 0.956704 -8.15302e-07 1.64414e-08 -8.15302e-07 1.03523e-06 
119
0
-3.57611
0.000382303
0.843249 -2.23198e-05 1.66221e-08 -2.23198e-05 0.964738 -8.15338e-07 1.66221e-08 -8.15338e-07 1.03523e-06 
120
0
-3.60921
0.000787767
0.850269 -2.3529e-05 1.67652e-08 -2.3529e-05 0.972773 -8.1537e-07 1.67652e-08 -8.1537e-07 1.03523e-06 
121
0
-3.64108
-0.000153338
0.857289 -2.59898e-05 1.69435e-08 -2.59898e-05 0.980808 -8.15402e-07 1.69435e-08 -8.15402e-07 1.03523e-06 
122
0
-3.67438
0.000707718
0.864309 -2.55643e-05 1.70516e-08 -2.55643e-05 0.988842 -8.15432e-07 1.70516e-08 -8.15432e-07 1.03523e-06 
123
0
-3.70705
0.000668438
0.871329 -2.78158e-05 1.72422e-08 -2.78158e-05 0.996877 -8.1546e-07 1.72422e-08 -8.1546e-07 1.03523e-06 
124
0
-3.73854
-0.000705883
0.878349 -2.9962e-05 1.74058e-08 -2.9962e-05 1.00491 -8.15487e-07 1.74058e-08 -8.15487e-07 1.03523e-06 
125
0
-3.77223
0.000207113
0.885369 -2.77767e-05 1.74825e-08 -2.77767e-05 1.01295 -8.15513e-07 1.74825e-08 -8.15513e-07 1.03523e-06 
126
0
-3.8056
0.000226719
0.892389 -2.84854e-05 1.76637e-08 -2.84854e-05 1.02098 -8.15535e-07 1.76637e-08 -8.15535e-07 1.03523e-06 
127
0
-3.83755
2.76441e-05
0.899409 -2.92624e-05 1.78243e-08 -2.92624e-05 1.02902 -8.15556e-07 1.78243e-08 -8.15556e-07 1.03523e-06 
128
0
-3.87093
-0.000183401
0.906429 -2.94002e-05 1.79633e-08 -2.94002e-05 1.03705 -8.15579e-07 1.79633e-08 -8.15579e-07 1.03523e-06 
129
0
-3.90357
-0.000360601
0.913449 -2.88495e-05 1.81008e-08 -2.88495e-05 1.04508 -8.15599e-07 1.81008e-08 -8.15599e-07 1.03523e-06 
130
0
-3.93746
0.000527597
0.920469 -2.77109e-05 1.8234e-08 -2.77109e-05 1.05312 -8.15618e-07 1.8234e-08 -8.15618e-07 1.03523e-06 
131
0
-3.96994
-0.000281108
0.927489 -2.95088e-05 1.84302e-08 -2.95088e-05 1.06115 -8.15636e-07 1.84302e-08 -8.15636e-07 1.03523e-06 
132
0
-4.00383
0.000497992
0.934509 -2.86176e-05 1.85476e-08 -2.86176e-05 1.06919 -8.15656e-07 1.85476e-08 -8.15656e-07 1.03523e-06 
133
0
-4.0357
-0.00048099
0.941529 -3.03426e-05 1.8736e-08 -3.03426e-05 1.07722 -8.15672e-07 1.8736e-08 -8.15672e-07 1.03523e-06 
134
0
-4.06897
-7.46417e-05
0.948549 -2.87591e-05 1.88395e-08 -2.87591e-05 1.08526 -8.15688e-07 1.88395e-08 -8.15688e-07 1.03523e-06 
135
0
-4.10252
0.000395621
0.955569 -2.85523e-05 1.89989e-08 -2.85523e-05 1.09329 -8.15704e-07 1.89989e-08 -8.15704e-07 1.03523e-06 
136
0
-4.13551
0.000721853
0.962589 -2.99627e-05 1.9179e-08 -2.99627e-05 1.10133 -8.15719e-07 1.9179e-08 -8.15719e-07 1.03523e-06 
137
0
-4.16793
0.000654709
0.969609 -3.25146e-05 1.93591e-08 -3.25146e-05 1.10936 -8.15734e-07 1.93591e-08 -8.15734e-07 1.03523e-06 
138
0
-4.1996
-0.000541808
0.976629 -3.48503e-05 1.95191e-08 -3.48503e-05 1.1174 -8.15748e-07 1.95191e-08 -8.15748e-07 1.03523e-06 
139
0
-4.23273
-0.000518894
0.983649 -3.29918e-05 1.96064e-08 -3.29918e-05 1.12543 -8.15762e-07 1.96064e-08 -8.15762e-07 1.03523e-06 
140
0
-4.2662
-1.89199e-05
0.990669 -3.12009e-05 1.97392e-08 -3.12009e-05 1.13347 -8.15776e-07 1.97392e-08 -8.15776e-07 1.03523e-06 
141
0
-4.29865
-0.000326429
0.997689 -3.11816e-05 1.99092e-08 -3.11816e-05 1.1415 -8.15787e-07 1.99092e-08 -8.15787e-07 1.03523e-06 
142
0
-4.33137
-0.000237373
1.00471 -3.00563e-05 2.00431e-08 -3.00563e-05 1.14954 -8.15797e-07 2.00431e-08 -8.15797e-07 1.03523e-06 
143
0
-4.36537
0.000731059
1.01173 -2.92452e-05 2.01901e-08 -2.92452e-05 1.15757 -8.15808e-07 2.01901e-08 -8.15808e-07 1.03523e-06 
144
0
-4.39743
-0.000386131
1.01875 -3.19589e-05 2.03966e-08 -3.19589e-05 1.16561 -8.15818e-07 2.03966e-08 -8.15818e-07 1.03523e-06 
145
0
-4.43032
-0.000525196
1.02577 -3.05896e-05 2.05004e-08 -3.05896e-05 1.17364 -8.1583e-07 2.05004e-08 -8.1583e-07 1.03523e-06 
146
0
-4.46359
-7.90695e-05
1.03279 -2.86964e-05 2.06291e-08 -2.86964e-05 1.18167 -8.1584e-07 2.06291e-08 -8.1584e-07 1.03523e-06 
147
0
-4.49589
-0.000468265
1.03981 -2.84504e-05 2.07955e-08 -2.84504e-05 1.18971 -8.15849e-07 2.07955e-08 -8.15849e-07 1.03523e-06 
148
0
-4.52894
-0.00023132
1.04683 -2.67439e-05 2.09235e-08 -2.67439e-05 1.19774 -8.15857e-07 2.09235e-08 -8.15857e-07 1.03523e-06 
149
0
-4.5621
-0.000128076
1.05385 -2.59195e-05 2.10782e-08 -2.59195e-05 1.20578 -8.15867e-07 2.10782e-08 -8.15867e-07 1.03523e-06 
150
0
-4.59538
-0.000226371
1.06087 -2.54814e-05 2.12342e-08 -2.54814e-05 1.21381 -8.15876e-07 2.12342e-08 -8.15876e-07 1.03523e-06 
151
0
-4.62743
-0.000744358
1.06789 -2.46642e-05 2.1381e-08 -2.46642e-05 1.22185 -8.15884e-07 2.1381e-08 -8.15884e-07 1.03523e-06 
152
0
-4.66134
0.000523804
1.07491 -2.18475e-05 2.14959e-08 -2.18475e-05 1.22988 -8.15892e-07 2.14959e-08 -8.15892e-07 1.03523e-06 
153
0
-4.69406
0.000144553
1.08193 -2.39253e-05 2.17078e-08 -2.39253e-05 1.23792 -8.159e-07 2.17078e-08 -8.159e-07 1.03523e-06 
154
0
-4.72628
-0.000691127
1.08895 -2.45374e-05 2.18562e-08 -2.45374e-05 1.24595 -8.15909e-07 2.18562e-08 -8.15909e-07 1.03523e-06 
155
0
-4.76029
0.000522759
1.09597 -2.1873e-05 2.19597e-08 -2.1873e-05 1.25399 -8.15916e-07 2.19597e-08 -8.15916e-07 1.03523e-06 
156
0
-4.79307
0.000376284
1.10299 -2.39866e-05 2.21677e-08 -2.39866e-05 1.26202 -8.15924e-07 2.21677e-08 -8.15924e-07 1.03523e-06 
157
0
-4.82549
-0.00012109
1.11001 -2.5531e-05 2.23291e-08 -2.5531e-05 1.27006 -8.15934e-07 2.23291e-08 -8.15934e-07 1.03523e-06 
158
0
-4.85834
-0.000215548
1.11703 -2.50949e-05 2.24583e-08 -2.50949e-05 1.27809 -8.15944e-07 2.24583e-08 -8.15944e-07 1.03523e-06 
159
0
-4.89159
0.000206512
1.12405 -2.42754e-05 2.25993e-08 -2.42754e-05 1.28613 -8.15952e-07 2.25993e-08 -8.15952e-07 1.03523e-06 
160
0
-4.92353
-0.00067242
1.13107 -2.51606e-05 2.27722e-08 -2.51606e-05 1.29416 -8.15959e-07 2.27722e-08 -8.15959e-07 1.03523e-06 
161
0
-4.95672
-0.000504351
1.13809 -2.24674e-05 2.28771e-08 -2.24674e-05 1.30219 -8.15967e-07 2.28771e-08 -8.15967e-07 1.03523e-06 
162
0
-4.9901
-0.000165977
1.14511 -2.04466e-05 2.30223e-08 -2.04466e-05 1.31023 -8.15974e-07 2.30223e-08 -8.15974e-07 1.03523e-06 
163
0
-5.02271
-0.000262297
1.15213 -1.98099e-05 2.31878e-08 -1.98099e-05 1.31826 -8.15979e-07 2.31878e-08 -8.15979e-07 1.03523e-06 
164
0
-5.05562
-0.000378917
1.15915 -1.8769e-05 2.33341e-08 -1.8769e-05 1.3263 -8.15985e-07 2.33341e-08 -8.15985e-07 1.03523e-06 
165
0
-5.08789
-0.00106367
1.16617 -1.72341e-05 2.34758e-08 -1.72341e-05 1.33433 -8.15993e-07 2.34758e-08 -8.15993e-07 1.03523e-06 
166
0
-5.12163
0.000102445
1.17319 -1.28107e-05 2.35801e-08 -1.28107e-05 1.34237 -8.15999e-07 2.35801e-08 -8.15999e-07 1.03523e-06 
167
0
-5.15448
-0.000132535
1.18021 -1.32925e-05 2.378e-08 -1.32925e-05 1.3504 -8.16005e-07 2.378e-08 -8.16005e-07 1.03523e-06 
168
0
-5.18832
0.000610405
1.18723 -1.27771e-05 2.39304e-08 -1.27771e-05 1.35844 -8.16012e-07 2.39304e-08 -8.16012e-07 1.03523e-06 
169
0
-5.22141
0.000803554
1.19425 -1.54383e-05 2.41286e-08 -1.54383e-05 1.36647 -8.16019e-07 2.41286e-08 -8.16019e-07 1.03523e-06 
170
0
-5.25404
0.000277824
1.20127 -1.89465e-05 2.43114e-08 -1.89465e-05 1.37451 -8.16027e-07 2.43114e-08 -8.16027e-07 1.03523e-06 
171
0
-5.2861
-0.000571694
1.20829 -2.01982e-05 2.44509e-08 -2.01982e-05 1.38254 -8.16036e-07 2.44509e-08 -8.16036e-07 1.03523e-06 
172
0
-5.31849
-0.00093664
1.21531 -1.77563e-05 2.45538e-08 -1.77563e-05 1.39058 -8.16044e-07 2.45538e-08 -8.16044e-07 1.03523e-06 
173
0
-5.35127
-0.000787423
1.22233 -1.37008e-05 2.46668e-08 -1.37008e-05 1.39861 -8.1605e-07 2.46668e-08 -8.1605e-07 1.03523e-06 
174
0
-5.38435
-0.000575468
1.22935 -1.02791e-05 2.48075e-08 -1.02791e-05 1.40665 -8.16058e-07 2.48075e-08 -8.16058e-07 1.03523e-06 
175
0
-5.41812
0.000262593
1.23637 -7.77702e-06 2.49606e-08 -7.77702e-06 1.41468 -8.16063e-07 2.49606e-08 -8.16063e-07 1.03523e-06 
176
0
-5.4507
-0.000471347
1.24339 -8.99619e-06 2.5158e-08 -8.99619e-06 1.42271 -8.1607e-07 2.5158e-08 -8.1607e-07 1.03523e-06 
177
0
-5.48363
-0.000231994
1.25041 -6.93165e-06 2.52808e-08 -6.93165e-06 1.43075 -8.16078e-07 2.52808e-08 -8.16078e-07 1.03523e-06 
178
0
-5.51701
-8.05539e-05
1.25743 -5.9343e-06 2.54369e-08 -5.9343e-06 1.43878 -8.16087e-07 2.54369e-08 -8.16087e-07 1.03523e-06 
179
0
-5.55023
9.82856e-05
1.26445 -5.61769e-06 2.55992e-08 -5.61769e-06 1.44682 -8.16095e-07 2.55992e-08 -8.16095e-07 1.03523e-06 
180
0
-5.58329
0.000887801
1.27147 -6.11441e-06 2.57659e-08 -6.11441e-06 1.45485 -8.16101e-07 2.57659e-08 -8.16101e-07 1.03523e-06 
181
0
-5.61522
0.000125414
1.27849 -1.02332e-05 2.59702e-08 -1.02332e-05 1.46289 -8.16107e-07 2.59702e-08 -8.16107e-07 1.03523e-06 
182
0
-5.64833
-2.69981e-05
1.28551 -1.086e-05 2.60989e-08 -1.086e-05 1.47092 -8.16114e-07 2.60989e-08 -8.16114e-07 1.03523e-06 
183
0
-5.68134
0.00014773
1.29253 -1.07835e-05 2.62425e-08 -1.07835e-05 1.47896 -8.16122e-07 2.62425e-08 -8.16122e-07 1.03523e-06 
184
0
-5.71407
0.000300228
1.29955 -1.15207e-05 2.64045e-08 -1.15207e-05 1.48699 -8.1613e-07 2.64045e-08 -8.1613e-07 1.03523e-06 
185
0
-5.74695
0.00028192
1.30657 -1.29763e-05 2.65698e-08 -1.29763e-05 1.49503 -8.16137e-07 2.65698e-08 -8.16137e-07 1.03523e-06 
186
0
-5.77967
0.000233842
1.31359 -1.43532e-05 2.67285e-08 -1.43532e-05 1.50306 -8.16146e-07 2.67285e-08 -8.16146e-07 1.03523e-06 
187
0
-5.81244
-2.72605e-05
1.32061 -1.55096e-05 2.68832e-08 -1.55096e-05 1.5111 -8.16155e-07 2.68832e-08 -8.16155e-07 1.03523e-06 
188
0
-5.84553
0.000311891
1.32763 -1.54285e-05 2.70242e-08 -1.54285e-05 1.51913 -8.16162e-07 2.70242e-08 -8.16162e-07 1.03523e-06 
189
0
-5.87871
0.000690732
1.33465 -1.69704e-05 2.71945e-08 -1.69704e-05 1.52717 -8.16169e-07 2.71945e-08 -8.16169e-07 1.03523e-06 
190
0
-5.91062
-0.000633578
1.34167 -2.03436e-05 2.73774e-08 -2.03436e-05 1.5352 -8.16176e-07 2.73774e-08 -8.16176e-07 1.03523e-06 
191
0
-5.94351
0.000150753
1.34869 -1.73269e-05 2.74651e-08 -1.73269e-05 1.54323 -8.16184e-07 2.74651e-08 -8.16184e-07 1.03523e-06 
192
0
-5.97653
0.000589772
1.35571 -1.81089e-05 2.76412e-08 -1.81089e-05 1.55127 -8.16191e-07 2.76412e-08 -8.16191e-07 1.03523e-06 
193
0
-6.00914
0.000637617
1.36273 -2.10411e-05 2.78252e-08 -2.10411e-05 1.5593 -8.16198e-07 2.78252e-08 -8.16198e-07 1.03523e-06 
194
0
-6.04089
-0.000891417
1.36975 -2.42234e-05 2.79928e-08 -2.42234e-05 1.56734 -8.16206e-07 2.79928e-08 -8.16206e-07 1.03523e-06 
195
0
-6.07431
-4.92949e-05
1.37677 -1.98689e-05 2.80641e-08 -1.98689e-05 1.57537 -8.16211e-07 2.80641e-08 -8.16211e-07 1.03523e-06 
196
0
-6.10824
0.00111622
1.38379 -1.9673e-05 2.82385e-08 -1.9673e-05 1.58341 -8.16217e-07 2.82385e-08 -8.16217e-07 1.03523e-06 
197
0
-6.13992
-0.000349815
1.39081 -2.52924e-05 2.84642e-08 -2.52924e-05 1.59144 -8.16223e-07 2.84642e-08 -8.16223e-07 1.03523e-06 
198
0
-6.17343
0.000327401
1.39783 -2.35866e-05 2.85559e-08 -2.35866e-05 1.59948 -8.1623e-07 2.85559e-08 -8.1623e-07 1.03523e-06 
199
0
-6.20621
1.97766e-05
1.40485 -2.5286e-05 2.87326e-08 -2.5286e-05 1.60751 -8.16237e-07 2.87326e-08 -8.16237e-07 1.03523e-06 
200
0
-6.23918
0.000390625
1.41187 -2.54351e-05 2.88747e-08 -2.54351e-05 1.61555 -8.16242e-07 2.88747e-08 -8.16242e-07 1.03523e-06 
201
0
-6.2725
0.00103974
1.41889 -2.74731e-05 2.90458e-08 -2.74731e-05 1.62358 -8.16247e-07 2.90458e-08 -8.16247e-07 1.03523e-06 
202
0
-6.30466
3.67191e-05
1.42591 -3.28427e-05 2.92447e-08 -3.28427e-05 1.63162 -8.16253e-07 2.92447e-08 -8.16253e-07 1.03523e-06 
203
0
-6.33751
-0.000355331
1.43293 -3.30805e-05 2.93582e-08 -3.30805e-05 1.63965 -8.16262e-07 2.93582e-08 -8.16262e-07 1.03523e-06 
204
0
-6.37093
6.93064e-05
1.43995 -3.12931e-05 2.94795e-08 -3.12931e-05 1.64769 -8.1627e-07 2.94795e-08 -8.1627e-07 1.03523e-06 
205
0
-6.40403
0.00017545
1.44697 -3.1702e-05 2.96456e-08 -3.1702e-05 1.65572 -8.16277e-07 2.96456e-08 -8.16277e-07 1.03523e-06 
206
0
-6.43689
0.000160696
1.45399 -3.26667e-05 2.98062e-08 -3.26667e-05 1.66375 -8.16282e-07 2.98062e-08 -8.16282e-07 1.03523e-06 
207
0
-6.47113
0.000933287
1.46101 -3.35584e-05 2.99597e-08 -3.35584e-05 1.67179 -8.16288e-07 2.99597e-08 -8.16288e-07 1.03523e-06 
208
0
-6.50324
-7.87365e-05
1.46803 -3.85254e-05 3.01623e-08 -3.85254e-05 1.67982 -8.16295e-07 3.01623e-08 -8.16295e-07 1.03523e-06 
209
0
-6.53645
-0.00023027
1.47505 -3.81575e-05 3.02737e-08 -3.81575e-05 1.68786 -8.16303e-07 3.02737e-08 -8.16303e-07 1.03523e-06 
210
0
-6.57024
0.00113628
1.48207 -3.69815e-05 3.04079e-08 -3.69815e-05 1.69589 -8.1631e-07 3.04079e-08 -8.1631e-07 1.03523e-06 
211
0
-6.6026
0.000250247
1.48909 -4.31047e-05 3.06332e-08 -4.31047e-05 1.70393 -8.16317e-07 3.06332e-08 -8.16317e-07 1.03523e-06 
212
0
-6.6348
-0.000631355
1.49611 -4.44978e-05 3.07596e-08 -4.44978e-05 1.71196 -8.16324e-07 3.07596e-08 -8.16324e-07 1.03523e-06 
213
0
-6.66759
-0.00103792
1.50313 -4.114e-05 3.08549e-08 -4.114e-05 1.72 -8.16331e-07 3.08549e-08 -8.16331e-07 1.03523e-06 
214
0
-6.70083
-0.000316902
1.51015 -3.55618e-05 3.09614e-08 -3.55618e-05 1.72803 -8.16338e-07 3.09614e-08 -8.16338e-07 1.03523e-06 
215
0
-6.73412
5.05667e-05
1.51717 -3.38848e-05 3.11309e-08 -3.38848e-05 1.73607 -8.16343e-07 3.11309e-08 -8.16343e-07 1.03523e-06 
216
0
-6.76695
0.000407414
1.52419 -3.42107e-05 3.13025e-08 -3.42107e-05 1.7441 -8.16348e-07 3.13025e-08 -8.16348e-07 1.03523e-06 
217
0
-6.79974
1.45834e-05
1.53121 -3.64998e-05 3.14777e-08 -3.64998e-05 1.75214 -8.16354e-07 3.14777e-08 -8.16354e-07 1.03523e-06 
218
0
-6.83255
5.76985e-05
1.53823 -3.66295e-05 3.16157e-08 -3.66295e-05 1.76017 -8.1636e-07 3.16157e-08 -8.1636e-07 1.03523e-06 
219
0
-6.86513
-0.000134754
1.54525 -3.69988e-05 3.17664e-08 -3.69988e-05 1.76821 -8.16367e-07 3.17664e-08 -8.16367e-07 1.03523e-06 
220
0
-6.89813
0.000285576
1.55227 -3.6297e-05 3.19055e-08 -3.6297e-05 1.77624 -8.16374e-07 3.19055e-08 -8.16374e-07 1.03523e-06 
221
0
-6.93019
-0.000609735
1.55929 -3.79452e-05 3.20767e-08 -3.79452e-05 1.78427 -8.16381e-07 3.20767e-08 -8.16381e-07 1.03523e-06 
222
0
-6.96272
-0.000498894
1.56631 -3.45649e-05 3.21805e-08 -3.45649e-05 1.79231 -8.16389e-07 3.21805e-08 -8.16389e-07 1.03523e-06 
223
0
-6.99592
-6.04678e-05
1.57333 -3.17954e-05 3.2319e-08 -3.17954e-05 1.80034 -8.16395e-07 3.2319e-08 -8.16395e-07 1.03523e-06 
224
0
-7.02878
5.23296e-05
1.58035 -3.15015e-05 3.2487e-08 -3.15015e-05 1.80838 -8.16398e-07 3.2487e-08 -8.16398e-07 1.03523e-06 
225
0
-7.06138
0.000306818
1.58737 -3.18491e-05 3.26469e-08 -3.18491e-05 1.81641 -8.16404e-07 3.26469e-08 -8.16404e-07 1.03523e-06 
226
0
-7.09368
-0.000466021
1.59439 -3.36553e-05 3.28143e-08 -3.36553e-05 1.82445 -8.16411e-07 3.28143e-08 -8.16411e-07 1.03523e-06 
227
0
-7.12712
0.000111249
1.60141 -3.10243e-05 3.29266e-08 -3.10243e-05 1.83248 -8.16418e-07 3.29266e-08 -8.16418e-07 1.03523e-06 
228
0
-7.15912
-0.000638772
1.60843 -3.17163e-05 3.30998e-08 -3.17163e-05 1.84052 -8.16422e-07 3.30998e-08 -8.16422e-07 1.03523e-06 
229
0
-7.19262
0.000514427
1.61545 -2.80593e-05 3.32105e-08 -2.80593e-05 1.84855 -8.16427e-07 3.32105e-08 -8.16427e-07 1.03523e-06 
230
0
-7.22546
0.000930328
1.62247 -3.11065e-05 3.34145e-08 -3.11065e-05 1.85659 -8.16431e-07 3.34145e-08 -8.16431e-07 1.03523e-06 
231
0
-7.25859
0.000872803
1.62949 -3.6601e-05 3.3607e-08 -3.6601e-05 1.86462 -8.16437e-07 3.3607e-08 -8.16437e-07 1.03523e-06 
232
0
-7.29146
0.000307821
1.63651 -4.17809e-05 3.37773e-08 -4.17809e-05 1.87266 -8.16443e-07 3.37773e-08 -8.16443e-07 1.03523e-06 
233
0
-7.32442
2.59252e-05
1.64353 -4.36475e-05 3.39121e-08 -4.36475e-05 1.88069 -8.16449e-07 3.39121e-08 -8.16449e-07 1.03523e-06 
234
0
-7.35787
0.0004597
1.65055 -4.38506e-05 3.40487e-08 -4.38506e-05 1.88873 -8.16455e-07 3.40487e-08 -8.16455e-07 1.03523e-06 
235
0
-7.38982
-8.74908e-06
1.65757 -4.66373e-05 3.42241e-08 -4.66373e-05 1.89676 -8.16462e-07 3.42241e-08 -8.16462e-07 1.03523e-06 
236
0
-7.42258
-0.000168171
1.66459 -4.66344e-05 3.43549e-08 -4.66344e-05 1.90479 -8.16469e-07 3.43549e-08 -8.16469e-07 1.03523e-06 
237
0
-7.45519
-9.79041e-05
1.67161 -4.5674e-05 3.44918e-08 -4.5674e-05 1.91283 -8.16477e-07 3.44918e-08 -8.16477e-07 1.03523e-06 
238
0
-7.48835
0.00015613
1.67863 -4.5133e-05 3.46401e-08 -4.5133e-05 1.92086 -8.16484e-07 3.46401e-08 -8.16484e-07 1.03523e-06 
239
0
-7.52035
-0.000109531
1.68565 -4.6128e-05 3.48042e-08 -4.6128e-05 1.9289 -8.16489e-07 3.48042e-08 -8.16489e-07 1.03523e-06 
240
0
-7.55298
-0.000644253
1.69267 -4.55114e-05 3.49405e-08 -4.55114e-05 1.93693 -8.16497e-07 3.49405e-08 -8.16497e-07 1.03523e-06 
241
0
-7.58705
0.000895263
1.69969 -4.16268e-05 3.50551e-08 -4.16268e-05 1.94497 -8.16504e-07 3.50551e-08 -8.16504e-07 1.03523e-06 
242
0
-7.61865
-0.000515637
1.70671 -4.7166e-05 3.5283e-08 -4.7166e-05 1.953 -8.16507e-07 3.5283e-08 -8.16507e-07 1.03523e-06 
243
0
-7.65178
-0.000427915
1.71373 -4.40406e-05 3.53744e-08 -4.40406e-05 1.96104 -8.16514e-07 3.53744e-08 -8.16514e-07 1.03523e-06 
244
0
-7.68572
0.000849984
1.72075 -4.14446e-05 3.55131e-08 -4.14446e-05 1.96907 -8.1652e-07 3.55131e-08 -8.1652e-07 1.03523e-06 
245
0
-7.71694
-0.000944365
1.72777 -4.67709e-05 3.57332e-08 -4.67709e-05 1.97711 -8.16524e-07 3.57332e-08 -8.16524e-07 1.03523e-06 
246
0
-7.75118
0.000202019
1.73479 -4.09339e-05 3.57992e-08 -4.09339e-05 1.98514 -8.16531e-07 3.57992e-08 -8.16531e-07 1.03523e-06 
247
0
-7.78403
0.000264193
1.74181 -4.22479e-05 3.59927e-08 -4.22479e-05 1.99318 -8.16539e-07 3.59927e-08 -8.16539e-07 1.03523e-06 
248
0
-7.81751
0.000502456
1.74883 -4.39577e-05 3.61578e-08 -4.39577e-05 2.00121 -8.16548e-07 3.61578e-08 -8.16548e-07 1.03523e-06 
249
0
-7.85069
0.000361468
1.75585 -4.71776e-05 3.63314e-08 -4.71776e-05 2.00925 -8.16555e-07 3.63314e-08 -8.16555e-07 1.03523e-06 
250
0
-7.88383
0.000187984
1.76287 -4.95171e-05 3.64869e-08 -4.95171e-05 2.01728 -8.16561e-07 3.64869e-08 -8.16561e-07 1.03523e-06 
251
0
-7.91644
0.000102185
1.76989 -5.07624e-05 3.6635e-08 -5.07624e-05 2.02531 -8.16566e-07 3.6635e-08 -8.16566e-07 1.03523e-06 
252
0
-7.94819
-0.000900777
1.77691 -5.14646e-05 3.67818e-08 -5.14646e-05 2.03335 -8.16573e-07 3.67818e-08 -8.16573e-07 1.03523e-06 
253
0
-7.98258
0.000399258
1.78393 -4.57395e-05 3.68711e-08 -4.57395e-05 2.04138 -8.1658e-07 3.68711e-08 -8.1658e-07 1.03523e-06 
254
0
-8.01492
-0.000656767
1.79095 -4.8359e-05 3.70784e-08 -4.8359e-05 2.04942 -8.16585e-07 3.70784e-08 -8.16585e-07 1.03523e-06 
255
0
-8.04749
-0.000326751
1.79797 -4.41649e-05 3.71824e-08 -4.41649e-05 2.05745 -8.16591e-07 3.71824e-08 -8.16591e-07 1.03523e-06 
256
0
-8.08116
-9.53303e-05
1.80499 -4.20951e-05 3.73333e-08 -4.20951e-05 2.06549 -8.16596e-07 3.73333e-08 -8.16596e-07 1.03523e-06 
257
0
-8.11376
-0.000250796
1.81201 -4.1524e-05 3.74964e-08 -4.1524e-05 2.07352 -8.16602e-07 3.74964e-08 -8.16602e-07 1.03523e-06 
258
0
-8.14849
0.00169734
1.81903 -3.99342e-05 3.76386e-08 -3.99342e-05 2.08156 -8.16609e-07 3.76386e-08 -8.16609e-07 1.03523e-06 
259
0
-8.18046
0.000151415
1.82605 -5.11238e-05 3.79044e-08 -5.11238e-05 2.08959 -8.16616e-07 3.79044e-08 -8.16616e-07 1.03523e-06 
260
0
-8.21347
4.03751e-05
1.83307 -5.21712e-05 3.80087e-08 -5.21712e-05 2.09763 -8.16626e-07 3.80087e-08 -8.16626e-07 1.03523e-06 
261
0
-8.24713
0.000592655
1.84009 -5.24881e-05 3.81478e-08 -5.24881e-05 2.10566 -8.16634e-07 3.81478e-08 -8.16634e-07 1.03523e-06 
262
0
-8.27962
3.70795e-05
1.84711 -5.64728e-05 3.83319e-08 -5.64728e-05 2.1137 -8.1664e-07 3.83319e-08 -8.1664e-07 1.03523e-06 
263
0
-8.31343
0.000192064
1.85413 -5.67698e-05 3.84636e-08 -5.67698e-05 2.12173 -8.16648e-07 3.84636e-08 -8.16648e-07 1.03523e-06 
264
0
-8.34626
0.000216386
1.86115 -5.81046e-05 3.86238e-08 -5.81046e-05 2.12977 -8.16656e-07 3.86238e-08 -8.16656e-07 1.03523e-06 
265
0
-8.3792
0.000234306
1.86817 -5.96076e-05 3.87797e-08 -5.96076e-05 2.1378 -8.16664e-07 3.87797e-08 -8.16664e-07 1.03523e-06 
266
0
-8.4113
-0.000917559
1.87519 -6.12369e-05 3.89353e-08 -6.12369e-05 2.14583 -8.1667e-07 3.89353e-08 -8.1667e-07 1.03523e-06 
267
0
-8.44512
-7.10413e-05
1.88221 -5.50786e-05 3.90205e-08 -5.50786e-05 2.15387 -8.16678e-07 3.90205e-08 -8.16678e-07 1.03523e-06 
268
0
-8.47865
0.000464137
1.88923 -5.46462e-05 3.91982e-08 -5.46462e-05 2.1619 -8.16684e-07 3.91982e-08 -8.16684e-07 1.03523e-06 
269
0
-8.51146
-0.000336451
1.89625 -5.78601e-05 3.93858e-08 -5.78601e-05 2.16994 -8.1669e-07 3.93858e-08 -8.1669e-07 1.03523e-06 
270
0
-8.54474
-0.000186646
1.90327 -5.56081e-05 3.95035e-08 -5.56081e-05 2.17797 -8.16697e-07 3.95035e-08 -8.16697e-07 1.03523e-06 
271
0
-8.57807
0.00062716
1.91029 -5.43764e-05 3.96537e-08 -5.43764e-05 2.18601 -8.16703e-07 3.96537e-08 -8.16703e-07 1.03523e-06 
272
0
-8.61042
-0.000401001
1.91731 -5.87494e-05 3.98501e-08 -5.87494e-05 2.19404 -8.16709e-07 3.98501e-08 -8.16709e-07 1.03523e-06 
273
0
-8.64353
-0.000544517
1.92433 -5.60252e-05 3.99571e-08 -5.60252e-05 2.20208 -8.16716e-07 3.99571e-08 -8.16716e-07 1.03523e-06 
274
0
-8.6766
-0.000854589
1.93135 -5.22944e-05 4.0087e-08 -5.22944e-05 2.21011 -8.16723e-07 4.0087e-08 -8.16723e-07 1.03523e-06 
275
0
-8.709
-0.00105671
1.93837 -4.63889e-05 4.02094e-08 -4.63889e-05 2.21815 -8.16729e-07 4.02094e-08 -8.16729e-07 1.03523e-06 
276
0
-8.7422
-0.000859627
1.94539 -3.9048e-05 4.03298e-08 -3.9048e-05 2.22618 -8.16735e-07 4.03298e-08 -8.16735e-07 1.03523e-06 
277
0
-8.77533
-0.000830381
1.95241 -3.30638e-05 4.04737e-08 -3.30638e-05 2.23422 -8.16741e-07 4.04737e-08 -8.16741e-07 1.03523e-06 
278
0
-8.80856
0.000152577
1.95943 -2.72639e-05 4.06153e-08 -2.72639e-05 2.24225 -8.16748e-07 4.06153e-08 -8.16748e-07 1.03523e-06 
279
0
-8.84156
0.000195812
1.96645 -2.83929e-05 4.08126e-08 -2.83929e-05 2.25029 -8.16754e-07 4.08126e-08 -8.16754e-07 1.03523e-06 
280
0
-8.87451
-0.000279633
1.97347 -2.98325e-05 4.09797e-08 -2.98325e-05 2.25832 -8.16761e-07 4.09797e-08 -8.16761e-07 1.03523e-06 
281
0
-8.90802
0.000304726
1.98049 -2.78914e-05 4.11121e-08 -2.78914e-05 2.26636 -8.16768e-07 4.11121e-08 -8.16768e-07 1.03523e-06 
282
0
-8.94013
-0.000865266
1.98751 -3.01193e-05 4.12945e-08 -3.01193e-05 2.27439 -8.16774e-07 4.12945e-08 -8.16774e-07 1.03523e-06 
283
0
-8.97403
0.000522735
1.99453 -2.3964e-05 4.1388e-08 -2.3964e-05 2.28242 -8.16779e-07 4.1388e-08 -8.16779e-07 1.03523e-06 
284
0
-9.00632
-0.000184818
2.00155 -2.77765e-05 4.16025e-08 -2.77765e-05 2.29046 -8.16784e-07 4.16025e-08 -8.16784e-07 1.03523e-06 
285
0
-9.03967
9.10924e-05
2.00857 -2.64919e-05 4.17322e-08 -2.64919e-05 2.29849 -8.16792e-07 4.17322e-08 -8.16792e-07 1.03523e-06 
286
0
-9.07283
-0.000259067
2.01559 -2.72024e-05 4.18971e-08 -2.72024e-05 2.30653 -8.168e-07 4.18971e-08 -8.168e-07 1.03523e-06 
287
0
-9.1061
0.000496022
2.02261 -2.53684e-05 4.20355e-08 -2.53684e-05 2.31456 -8.16807e-07 4.20355e-08 -8.16807e-07 1.03523e-06 
288
0
-9.13849
2.03766e-05
2.02963 -2.90391e-05 4.22279e-08 -2.90391e-05 2.3226 -8.16812e-07 4.22279e-08 -8.16812e-07 1.03523e-06 
289
0
-9.17053
-0.000416514
2.03665 -2.92386e-05 4.23666e-08 -2.92386e-05 2.33063 -8.1682e-07 4.23666e-08 -8.1682e-07 1.03523e-06 
290
0
-9.20394
0.000743527
2.04367 -2.62278e-05 4.24896e-08 -2.62278e-05 2.33867 -8.16825e-07 4.24896e-08 -8.16825e-07 1.03523e-06 
291
0
-9.23651
-0.000388717
2.05069 -3.17616e-05 4.27004e-08 -3.17616e-05 2.3467 -8.16831e-07 4.27004e-08 -8.16831e-07 1.03523e-06 
292
0
-9.27012
-1.02416e-06
2.05771 -2.89354e-05 4.28087e-08 -2.89354e-05 2.35474 -8.16839e-07 4.28087e-08 -8.16839e-07 1.03523e-06 
293
0
-9.30271
0.000176481
2.06473 -2.89782e-05 4.29736e-08 -2.89782e-05 2.36277 -8.16845e-07 4.29736e-08 -8.16845e-07 1.03523e-06 
294
0
-9.3355
-0.000225376
2.07176 -3.03436e-05 4.31378e-08 -3.03436e-05 2.37081 -8.1685e-07 4.31378e-08 -8.1685e-07 1.03523e-06 
295
0
-9.36892
-8.72649e-05
2.07878 -2.87091e-05 4.32722e-08 -2.87091e-05 2.37884 -8.16856e-07 4.32722e-08 -8.16856e-07 1.03523e-06 
296
0
-9.40173
0.000270716
2.0858 -2.81049e-05 4.34288e-08 -2.81049e-05 2.38688 -8.16862e-07 4.34288e-08 -8.16862e-07 1.03523e-06 
297
0
-9.43404
-0.000536074
2.09282 -3.01931e-05 4.36015e-08 -3.01931e-05 2.39491 -8.16867e-07 4.36015e-08 -8.16867e-07 1.03523e-06 
298
0
-9.46685
-0.000802195
2.09984 -2.6195e-05 4.37134e-08 -2.6195e-05 2.40294 -8.16874e-07 4.37134e-08 -8.16874e-07 1.03523e-06 
299
0
-9.50109
0.000465812
2.10686 -2.01667e-05 4.38358e-08 -2.01667e-05 2.41098 -8.16877e-07 4.38358e-08 -8.16877e-07 1.03523e-06 
300
0
-9.53463
0.0013331
2.11388 -2.37589e-05 4.40502e-08 -2.37589e-05 2.41901 -8.16882e-07 4.40502e-08 -8.16882e-07 1.03523e-06 
301
0
-9.56661
7.29672e-05
2.1209 -3.3979e-05 4.42736e-08 -3.3979e-05 2.42705 -8.16889e-07 4.42736e-08 -8.16889e-07 1.03523e-06 
302
0
-9.5997
0.000662241
2.12792 -3.4588e-05 4.43827e-08 -3.4588e-05 2.43508 -8.16899e-07 4.43827e-08 -8.16899e-07 1.03523e-06 
303
0
-9.63215
0.000392716
