0
0
0
-0.000792897
0.00800061 -2.68385e-11 1.2769e-14 -2.68385e-11 0.00900061 -9.84301e-12 1.2769e-14 -9.84301e-12 1.24978e-06 
1
0
0
-0.000362096
0.0150026 1.95405e-08 -1.58766e-11 1.95405e-08 0.0170026 -6.44478e-09 -1.58766e-11 -6.44478e-09 1.03722e-06 
2
0
0
-0.000477467
0.0220062 3.68241e-08 -3.54934e-11 3.68241e-08 0.0250061 -1.73334e-08 -3.54934e-11 -1.73334e-08 1.03685e-06 
3
0
0
-0.000837367
0.0290117 7.08438e-08 -5.47253e-11 7.08438e-08 0.0330113 -3.11464e-08 -5.47253e-11 -3.11464e-08 1.03711e-06 
4
0
0
-0.000320628
0.036019 1.51402e-07 -7.29044e-11 1.51402e-07 0.0410185 -4.77373e-08 -7.29044e-11 -4.77373e-08 1.03672e-06 
5
0
0
7.11669e-05
0.043028 1.86535e-07 -7.49105e-11 1.86535e-07 0.0490275 -6.68853e-08 -7.49105e-11 -6.68853e-08 1.03632e-06 
6
0
0
-0.0012549
0.0500387 1.68817e-07 -6.4754e-11 1.68817e-07 0.0570384 -8.82429e-08 -6.4754e-11 -8.82429e-08 1.03601e-06 
7
0
-0.052266
-0.000853726
0.0570507 3.79051e-07 -7.39074e-11 3.79051e-07 0.0650513 -1.11425e-07 -7.39074e-11 -1.11425e-07 1.03577e-06 
8
0
-0.0669773
-0.00068215
0.0640641 5.37958e-07 -4.74497e-11 5.37958e-07 0.0730661 -1.36048e-07 -4.74497e-11 -1.36048e-07 1.03559e-06 
9
0
-0.08346
0.000383636
0.0710785 6.77061e-07 -6.82007e-12 6.77061e-07 0.0810826 -1.61746e-07 -6.82007e-12 -1.61746e-07 1.03545e-06 
10
0
-0.101263
-7.29486e-05
0.0780938 5.64065e-07 7.21072e-11 5.64065e-07 0.0891008 -1.88183e-07 7.21072e-11 -1.88183e-07 1.03535e-06 
11
0
-0.120389
-0.000774902
0.0851099 5.64534e-07 1.30803e-10 5.64534e-07 0.0971206 -2.15055e-07 1.30803e-10 -2.15055e-07 1.03528e-06 
12
0
-0.140922
-0.000137587
0.0921267 7.7519e-07 1.83573e-10 7.7519e-07 0.105142 -2.42091e-07 1.83573e-10 -2.42091e-07 1.03523e-06 
13
0
-0.162911
-4.93326e-05
0.099144 7.95583e-07 2.83085e-10 7.95583e-07 0.113165 -2.69055e-07 2.83085e-10 -2.69055e-07 1.03519e-06 
14
0
-0.185616
-0.000600472
0.106162 7.86291e-07 3.85633e-10 7.86291e-07 0.121188 -2.95743e-07 3.85633e-10 -2.95743e-07 1.03517e-06 
15
0
-0.209754
-7.89751e-05
0.11318 9.83291e-07 4.71609e-10 9.83291e-07 0.129214 -3.21991e-07 4.71609e-10 -3.21991e-07 1.03515e-06 
16
0
-0.234348
-0.000359299
0.120198 9.84464e-07 5.9899e-10 9.84464e-07 0.13724 -3.47655e-07 5.9899e-10 -3.47655e-07 1.03515e-06 
17
0
-0.260055
-0.000289382
0.127217 1.10536e-06 7.10257e-10 1.10536e-06 0.145267 -3.72623e-07 7.10257e-10 -3.72623e-07 1.03514e-06 
18
0
-0.286172
-0.000901001
0.134236 1.2022e-06 8.36627e-10 1.2022e-06 0.153294 -3.96811e-07 8.36627e-10 -3.96811e-07 1.03514e-06 
19
0
-0.312989
-0.000808169
0.141255 1.59642e-06 9.40475e-10 1.59642e-06 0.161323 -4.20147e-07 9.40475e-10 -4.20147e-07 1.03514e-06 
20
0
-0.340511
-0.00150375
0.148274 1.96559e-06 1.06905e-09 1.96559e-06 0.169352 -4.42588e-07 1.06905e-09 -4.42588e-07 1.03515e-06 
21
0
-0.36923
-0.000402481
0.155293 2.7207e-06 1.17132e-09 2.7207e-06 0.177382 -4.64102e-07 1.17132e-09 -4.64102e-07 1.03515e-06 
22
0
-0.398304
0.000264074
0.162313 2.90459e-06 1.34916e-09 2.90459e-06 0.185412 -4.84672e-07 1.34916e-09 -4.84672e-07 1.03515e-06 
23
0
-0.427174
-0.000229027
0.169332 2.71272e-06 1.53315e-09 2.71272e-06 0.193443 -5.04294e-07 1.53315e-09 -5.04294e-07 1.03516e-06 
24
0
-0.456028
-0.000894309
0.176352 2.81058e-06 1.66993e-09 2.81058e-06 0.201475 -5.22972e-07 1.66993e-09 -5.22972e-07 1.03517e-06 
25
0
-0.485924
-0.00116125
0.183371 3.3314e-06 1.7851e-09 3.3314e-06 0.209506 -5.40714e-07 1.7851e-09 -5.40714e-07 1.03517e-06 
26
0
-0.515668
-0.000952121
0.190391 4.04867e-06 1.91283e-09 4.04867e-06 0.217538 -5.5754e-07 1.91283e-09 -5.5754e-07 1.03518e-06 
27
0
-0.545384
-0.000705904
0.197411 4.65283e-06 2.06266e-09 4.65283e-06 0.22557 -5.73474e-07 2.06266e-09 -5.73474e-07 1.03518e-06 
28
0
-0.57529
-0.000548919
0.20443 5.10725e-06 2.22039e-09 5.10725e-06 0.233603 -5.88543e-07 2.22039e-09 -5.88543e-07 1.03519e-06 
29
0
-0.605863
-0.000691319
0.21145 5.46458e-06 2.37846e-09 5.46458e-06 0.241636 -6.02775e-07 2.37846e-09 -6.02775e-07 1.03519e-06 
30
0
-0.637195
-5.68994e-05
0.21847 5.94287e-06 2.5256e-09 5.94287e-06 0.249669 -6.16201e-07 2.5256e-09 -6.16201e-07 1.03519e-06 
31
0
-0.667744
-0.000491203
0.22549 5.94339e-06 2.7119e-09 5.94339e-06 0.257702 -6.28857e-07 2.7119e-09 -6.28857e-07 1.0352e-06 
32
0
-0.698671
-0.000209614
0.23251 6.29479e-06 2.85374e-09 6.29479e-06 0.265735 -6.40775e-07 2.85374e-09 -6.40775e-07 1.0352e-06 
33
0
-0.728386
-0.00145116
0.23953 6.42438e-06 3.02111e-09 6.42438e-06 0.273769 -6.51985e-07 3.02111e-09 -6.51985e-07 1.0352e-06 
34
0
-0.760569
-0.00015991
0.24655 7.62185e-06 3.11093e-09 7.62185e-06 0.281802 -6.62527e-07 3.11093e-09 -6.62527e-07 1.03521e-06 
35
0
-0.79201
-0.000117343
0.253569 7.71776e-06 3.31556e-09 7.71776e-06 0.289836 -6.7243e-07 3.31556e-09 -6.7243e-07 1.03521e-06 
36
0
-0.823576
-0.000169985
0.260589 7.7789e-06 3.48661e-09 7.7789e-06 0.29787 -6.81728e-07 3.48661e-09 -6.81728e-07 1.03521e-06 
37
0
-0.854977
0.000639797
0.267609 7.89186e-06 3.64731e-09 7.89186e-06 0.305903 -6.90452e-07 3.64731e-09 -6.90452e-07 1.03521e-06 
38
0
-0.886398
0.000375912
0.274629 7.23362e-06 3.85084e-09 7.23362e-06 0.313937 -6.98635e-07 3.85084e-09 -6.98635e-07 1.03521e-06 
39
0
-0.917493
-1.7771e-05
0.281649 6.8183e-06 4.01366e-09 6.8183e-06 0.321971 -7.06305e-07 4.01366e-09 -7.06305e-07 1.03522e-06 
40
0
-0.94877
0.00017406
0.288669 6.79015e-06 4.15681e-09 6.79015e-06 0.330005 -7.13495e-07 4.15681e-09 -7.13495e-07 1.03522e-06 
41
0
-0.979271
-0.000842985
0.295689 6.56403e-06 4.32333e-09 6.56403e-06 0.33804 -7.20229e-07 4.32333e-09 -7.20229e-07 1.03522e-06 
42
0
-1.01196
0.000832401
0.302709 7.41026e-06 4.4265e-09 7.41026e-06 0.346074 -7.26533e-07 4.4265e-09 -7.26533e-07 1.03522e-06 
43
0
-1.04256
-0.000481514
0.309729 6.46131e-06 4.6613e-09 6.46131e-06 0.354108 -7.32434e-07 4.6613e-09 -7.32434e-07 1.03522e-06 
44
0
-1.0746
-4.51958e-05
0.316749 6.94899e-06 4.76792e-09 6.94899e-06 0.362142 -7.37957e-07 4.76792e-09 -7.37957e-07 1.03522e-06 
45
0
-1.10673
-0.000161071
0.323769 6.95361e-06 4.93634e-09 6.95361e-06 0.370177 -7.43122e-07 4.93634e-09 -7.43122e-07 1.03522e-06 
46
0
-1.13831
-6.15778e-05
0.330789 7.09372e-06 5.09079e-09 7.09372e-06 0.378211 -7.47954e-07 5.09079e-09 -7.47954e-07 1.03522e-06 
47
0
-1.16961
-0.000253544
0.337809 7.11989e-06 5.25051e-09 7.11989e-06 0.386245 -7.52471e-07 5.25051e-09 -7.52471e-07 1.03522e-06 
48
0
-1.20106
-0.000791852
0.344829 7.38001e-06 5.39478e-09 7.38001e-06 0.39428 -7.56694e-07 5.39478e-09 -7.56694e-07 1.03522e-06 
49
0
-1.23306
-0.000301151
0.351849 8.31203e-06 5.51458e-09 8.31203e-06 0.402314 -7.60641e-07 5.51458e-09 -7.60641e-07 1.03522e-06 
50
0
-1.26484
-0.000220456
0.358869 8.64496e-06 5.68217e-09 8.64496e-06 0.410349 -7.64327e-07 5.68217e-09 -7.64327e-07 1.03522e-06 
51
0
-1.2967
-0.000479876
0.365889 8.88162e-06 5.84095e-09 8.88162e-06 0.418383 -7.67768e-07 5.84095e-09 -7.67768e-07 1.03522e-06 
52
0
-1.32857
-0.000117769
0.372909 9.4643e-06 5.98031e-09 9.4643e-06 0.426418 -7.70984e-07 5.98031e-09 -7.70984e-07 1.03522e-06 
53
0
-1.36017
-0.000167888
0.379929 9.57468e-06 6.1474e-09 9.57468e-06 0.434452 -7.73987e-07 6.1474e-09 -7.73987e-07 1.03522e-06 
54
0
-1.3915
-0.000955795
0.386949 9.75634e-06 6.29996e-09 9.75634e-06 0.442487 -7.76789e-07 6.29996e-09 -7.76789e-07 1.03522e-06 
55
0
-1.42497
0.000480051
0.393969 1.10362e-05 6.40635e-09 1.10362e-05 0.450521 -7.79406e-07 6.40635e-09 -7.79406e-07 1.03522e-06 
56
0
-1.45619
-0.000439956
0.400989 1.03102e-05 6.6274e-09 1.03102e-05 0.458556 -7.8185e-07 6.6274e-09 -7.8185e-07 1.03522e-06 
57
0
-1.48777
-0.000143089
0.408009 1.08961e-05 6.74665e-09 1.08961e-05 0.46659 -7.8413e-07 6.74665e-09 -7.8413e-07 1.03523e-06 
58
0
-1.51994
0.000583746
0.415029 1.10583e-05 6.90493e-09 1.10583e-05 0.474625 -7.86258e-07 6.90493e-09 -7.86258e-07 1.03523e-06 
59
0
-1.55058
-0.000566326
0.422049 1.01412e-05 7.10076e-09 1.01412e-05 0.482659 -7.88245e-07 7.10076e-09 -7.88245e-07 1.03523e-06 
60
0
-1.58326
0.000370992
0.429069 1.0952e-05 7.20074e-09 1.0952e-05 0.490694 -7.90099e-07 7.20074e-09 -7.90099e-07 1.03523e-06 
61
0
-1.61462
-0.000444312
0.436089 1.0333e-05 7.3936e-09 1.0333e-05 0.498728 -7.9183e-07 7.3936e-09 -7.9183e-07 1.03523e-06 
62
0
-1.64677
-0.000487779
0.443109 1.09814e-05 7.51117e-09 1.09814e-05 0.506763 -7.93445e-07 7.51117e-09 -7.93445e-07 1.03523e-06 
63
0
-1.67937
0.000354125
0.450129 1.17101e-05 7.6506e-09 1.17101e-05 0.514798 -7.94952e-07 7.6506e-09 -7.94952e-07 1.03523e-06 
64
0
-1.711
-7.67339e-05
0.457149 1.10901e-05 7.84523e-09 1.10901e-05 0.522832 -7.96356e-07 7.84523e-09 -7.96356e-07 1.03523e-06 
65
0
-1.74204
-0.000522901
0.464169 1.11686e-05 7.98523e-09 1.11686e-05 0.530867 -7.97664e-07 7.98523e-09 -7.97664e-07 1.03523e-06 
66
0
-1.77405
-0.000115647
0.471189 1.1993e-05 8.10594e-09 1.1993e-05 0.538901 -7.98886e-07 8.10594e-09 -7.98886e-07 1.03523e-06 
67
0
-1.80612
-1.04541e-05
0.478209 1.21412e-05 8.26917e-09 1.21412e-05 0.546936 -8.00025e-07 8.26917e-09 -8.00025e-07 1.03523e-06 
68
0
-1.83728
-0.000898669
0.485229 1.21116e-05 8.42867e-09 1.21116e-05 0.554971 -8.01089e-07 8.42867e-09 -8.01089e-07 1.03523e-06 
69
0
-1.86864
-0.00167501
0.492249 1.36309e-05 8.52868e-09 1.36309e-05 0.563005 -8.0208e-07 8.52868e-09 -8.0208e-07 1.03523e-06 
70
0
-1.90094
-0.00115078
0.499269 1.65463e-05 8.61259e-09 1.65463e-05 0.57104 -8.03004e-07 8.61259e-09 -8.03004e-07 1.03523e-06 
71
0
-1.93372
-0.000100449
0.506289 1.85635e-05 8.76076e-09 1.85635e-05 0.579075 -8.03865e-07 8.76076e-09 -8.03865e-07 1.03523e-06 
72
0
-1.9654
-0.000387699
0.513309 1.86987e-05 8.96036e-09 1.86987e-05 0.587109 -8.04666e-07 8.96036e-09 -8.04666e-07 1.03523e-06 
73
0
-1.99685
-0.000544577
0.520329 1.93664e-05 9.10385e-09 1.93664e-05 0.595144 -8.05416e-07 9.10385e-09 -8.05416e-07 1.03523e-06 
74
0
-2.02927
-7.20288e-05
0.527349 2.03373e-05 9.23988e-09 2.03373e-05 0.603178 -8.06114e-07 9.23988e-09 -8.06114e-07 1.03523e-06 
75
0
-2.06219
0.000612006
0.534369 2.04262e-05 9.41219e-09 2.04262e-05 0.611213 -8.06767e-07 9.41219e-09 -8.06767e-07 1.03523e-06 
76
0
-2.09372
0.000223911
0.541389 1.92028e-05 9.61178e-09 1.92028e-05 0.619248 -8.07375e-07 9.61178e-09 -8.07375e-07 1.03523e-06 
77
0
-2.12645
0.00123135
0.548409 1.87193e-05 9.75901e-09 1.87193e-05 0.627282 -8.07942e-07 9.75901e-09 -8.07942e-07 1.03523e-06 
78
0
-2.15758
-0.000293363
0.555429 1.62436e-05 9.97546e-09 1.62436e-05 0.635317 -8.08472e-07 9.97546e-09 -8.08472e-07 1.03523e-06 
79
0
-2.18959
-0.00037187
0.562449 1.67819e-05 1.00669e-08 1.67819e-05 0.643352 -8.08965e-07 1.00669e-08 -8.08965e-07 1.03523e-06 
80
0
-2.22141
-0.000370079
0.569469 1.74863e-05 1.01999e-08 1.74863e-05 0.651386 -8.09425e-07 1.01999e-08 -8.09425e-07 1.03523e-06 
81
0
-2.25352
-0.000267732
0.576489 1.81965e-05 1.03426e-08 1.81965e-05 0.659421 -8.09854e-07 1.03426e-08 -8.09854e-07 1.03523e-06 
82
0
-2.28599
0.000704693
0.583509 1.87038e-05 1.0494e-08 1.87038e-05 0.667456 -8.10253e-07 1.0494e-08 -8.10253e-07 1.03523e-06 
83
0
-2.31739
-0.000271127
0.590529 1.71771e-05 1.06996e-08 1.71771e-05 0.67549 -8.10625e-07 1.06996e-08 -8.10625e-07 1.03523e-06 
84
0
-2.35022
0.000165039
0.597549 1.77053e-05 1.08129e-08 1.77053e-05 0.683525 -8.10973e-07 1.08129e-08 -8.10973e-07 1.03523e-06 
85
0
-2.38198
4.47919e-06
0.604569 1.73028e-05 1.0982e-08 1.73028e-05 0.69156 -8.11299e-07 1.0982e-08 -8.11299e-07 1.03523e-06 
86
0
-2.41302
-0.00069871
0.611589 1.72453e-05 1.11287e-08 1.72453e-05 0.699594 -8.116e-07 1.11287e-08 -8.116e-07 1.03523e-06 
87
0
-2.44558
0.000530193
0.618609 1.87347e-05 1.12349e-08 1.87347e-05 0.707629 -8.11883e-07 1.12349e-08 -8.11883e-07 1.03523e-06 
88
0
-2.47802
0.000278875
0.625629 1.7507e-05 1.14404e-08 1.7507e-05 0.715664 -8.12146e-07 1.14404e-08 -8.12146e-07 1.03523e-06 
89
0
-2.51017
0.000404404
0.632649 1.68314e-05 1.1596e-08 1.68314e-05 0.723698 -8.12392e-07 1.1596e-08 -8.12392e-07 1.03523e-06 
90
0
-2.5412
-0.000123468
0.639669 1.58631e-05 1.17593e-08 1.58631e-05 0.731733 -8.12623e-07 1.17593e-08 -8.12623e-07 1.03523e-06 
91
0
-2.5728
-0.000131865
0.646689 1.60994e-05 1.18835e-08 1.60994e-05 0.739768 -8.12837e-07 1.18835e-08 -8.12837e-07 1.03523e-06 
92
0
-2.60496
0.000133117
0.653709 1.63584e-05 1.20249e-08 1.63584e-05 0.747802 -8.13038e-07 1.20249e-08 -8.13038e-07 1.03523e-06 
93
0
-2.63658
-0.00012318
0.660729 1.59974e-05 1.21871e-08 1.59974e-05 0.755837 -8.13223e-07 1.21871e-08 -8.13223e-07 1.03523e-06 
94
0
-2.66848
-0.000149665
0.667749 1.62424e-05 1.23245e-08 1.62424e-05 0.763872 -8.13397e-07 1.23245e-08 -8.13397e-07 1.03523e-06 
95
0
-2.70017
0.000114859
0.674769 1.65542e-05 1.24681e-08 1.65542e-05 0.771906 -8.1356e-07 1.24681e-08 -8.1356e-07 1.03523e-06 
96
0
-2.73159
-0.000265931
0.681789 1.62274e-05 1.26282e-08 1.62274e-05 0.779941 -8.13713e-07 1.26282e-08 -8.13713e-07 1.03523e-06 
97
0
-2.76328
0.000157136
0.688809 1.6832e-05 1.2757e-08 1.6832e-05 0.787976 -8.13853e-07 1.2757e-08 -8.13853e-07 1.03523e-06 
98
0
-2.79459
-0.000301537
0.695829 1.63946e-05 1.29218e-08 1.63946e-05 0.79601 -8.13985e-07 1.29218e-08 -8.13985e-07 1.03523e-06 
99
0
-2.8264
-0.000362535
0.702849 1.71019e-05 1.3047e-08 1.71019e-05 0.804045 -8.14108e-07 1.3047e-08 -8.14108e-07 1.03523e-06 
100
0
-2.8592
-0.00020611
0.709869 1.79711e-05 1.31833e-08 1.79711e-05 0.81208 -8.14222e-07 1.31833e-08 -8.14222e-07 1.03523e-06 
101
0
-2.89168
-0.000146155
0.716889 1.84498e-05 1.33373e-08 1.84498e-05 0.820114 -8.14331e-07 1.33373e-08 -8.14331e-07 1.03523e-06 
102
0
-2.92278
-0.000816276
0.723909 1.87791e-05 1.34899e-08 1.87791e-05 0.828149 -8.14433e-07 1.34899e-08 -8.14433e-07 1.03523e-06 
103
0
-2.95571
-0.000101011
0.730929 2.08583e-05 1.35958e-08 2.08583e-05 0.836184 -8.14528e-07 1.35958e-08 -8.14528e-07 1.03523e-06 
104
0
-2.9884
0.000924877
0.737949 2.10762e-05 1.37707e-08 2.10762e-05 0.844218 -8.14618e-07 1.37707e-08 -8.14618e-07 1.03523e-06 
105
0
-3.01912
-0.000489709
0.744969 1.8571e-05 1.39852e-08 1.8571e-05 0.852253 -8.14701e-07 1.39852e-08 -8.14701e-07 1.03523e-06 
106
0
-3.05095
-0.000515722
0.751989 1.98365e-05 1.40739e-08 1.98365e-05 0.860288 -8.14781e-07 1.40739e-08 -8.14781e-07 1.03523e-06 
107
0
-3.08349
0.000295752
0.759009 2.11849e-05 1.42034e-08 2.11849e-05 0.868322 -8.14855e-07 1.42034e-08 -8.14855e-07 1.03523e-06 
108
0
-3.11412
-0.00058458
0.766029 2.03286e-05 1.43908e-08 2.03286e-05 0.876357 -8.14922e-07 1.43908e-08 -8.14922e-07 1.03523e-06 
109
0
-3.14634
-0.000209191
0.773049 2.1893e-05 1.44956e-08 2.1893e-05 0.884392 -8.14987e-07 1.44956e-08 -8.14987e-07 1.03523e-06 
110
0
-3.17832
-0.000397534
0.780069 2.24273e-05 1.46514e-08 2.24273e-05 0.892426 -8.15046e-07 1.46514e-08 -8.15046e-07 1.03523e-06 
111
0
-3.20981
-0.000808699
0.787089 2.34959e-05 1.47885e-08 2.34959e-05 0.900461 -8.15103e-07 1.47885e-08 -8.15103e-07 1.03523e-06 
112
0
-3.24147
-0.00120202
0.794109 2.574e-05 1.4905e-08 2.574e-05 0.908496 -8.15159e-07 1.4905e-08 -8.15159e-07 1.03523e-06 
113
0
-3.27445
-0.000382972
0.801129 2.91294e-05 1.50138e-08 2.91294e-05 0.91653 -8.15209e-07 1.50138e-08 -8.15209e-07 1.03523e-06 
114
0
-3.30637
-0.000435528
0.808149 3.01862e-05 1.51907e-08 3.01862e-05 0.924565 -8.15257e-07 1.51907e-08 -8.15257e-07 1.03523e-06 
115
0
-3.33895
0.000230911
0.815169 3.14058e-05 1.5338e-08 3.14058e-05 0.9326 -8.15303e-07 1.5338e-08 -8.15303e-07 1.03523e-06 
116
0
-3.3703
-0.000503794
0.822189 3.06798e-05 1.55233e-08 3.06798e-05 0.940634 -8.15345e-07 1.55233e-08 -8.15345e-07 1.03523e-06 
117
0
-3.40268
3.45386e-05
0.829209 3.21236e-05 1.56399e-08 3.21236e-05 0.948669 -8.15386e-07 1.56399e-08 -8.15386e-07 1.03523e-06 
118
0
-3.43449
-1.01162e-05
0.836229 3.19724e-05 1.58107e-08 3.19724e-05 0.956704 -8.15424e-07 1.58107e-08 -8.15424e-07 1.03523e-06 
119
0
-3.46674
0.000820549
0.843249 3.19548e-05 1.59633e-08 3.19548e-05 0.964738 -8.15458e-07 1.59633e-08 -8.15458e-07 1.03523e-06 
120
0
-3.49858
0.000399976
0.850269 2.94145e-05 1.61638e-08 2.94145e-05 0.972773 -8.15492e-07 1.61638e-08 -8.15492e-07 1.03523e-06 
121
0
-3.52979
6.58965e-06
0.857289 2.81415e-05 1.63112e-08 2.81415e-05 0.980808 -8.15526e-07 1.63112e-08 -8.15526e-07 1.03523e-06 
122
0
-3.56172
-0.000100578
0.864309 2.80731e-05 1.64417e-08 2.80731e-05 0.988842 -8.15554e-07 1.64417e-08 -8.15554e-07 1.03523e-06 
123
0
-3.59425
0.000250566
0.871329 2.83381e-05 1.65823e-08 2.83381e-05 0.996877 -8.15582e-07 1.65823e-08 -8.15582e-07 1.03523e-06 
124
0
-3.62612
-1.99051e-05
0.878349 2.75035e-05 1.67518e-08 2.75035e-05 1.00491 -8.15608e-07 1.67518e-08 -8.15608e-07 1.03523e-06 
125
0
-3.65841
0.000731349
0.885369 2.75184e-05 1.68929e-08 2.75184e-05 1.01295 -8.15634e-07 1.68929e-08 -8.15634e-07 1.03523e-06 
126
0
-3.6898
0.000355685
0.892389 2.51377e-05 1.70852e-08 2.51377e-05 1.02098 -8.15658e-07 1.70852e-08 -8.15658e-07 1.03523e-06 
127
0
-3.72139
-0.000164919
0.899409 2.39461e-05 1.7229e-08 2.39461e-05 1.02902 -8.15682e-07 1.7229e-08 -8.15682e-07 1.03523e-06 
128
0
-3.75245
-0.00106516
0.906429 2.44323e-05 1.73509e-08 2.44323e-05 1.03705 -8.15705e-07 1.73509e-08 -8.15705e-07 1.03523e-06 
129
0
-3.78463
-0.000984911
0.913449 2.78625e-05 1.74371e-08 2.78625e-05 1.04508 -8.15727e-07 1.74371e-08 -8.15727e-07 1.03523e-06 
130
0
-3.81765
-0.000165129
0.920469 3.10555e-05 1.75647e-08 3.10555e-05 1.05312 -8.15747e-07 1.75647e-08 -8.15747e-07 1.03523e-06 
131
0
-3.84913
-0.000672812
0.927489 3.15549e-05 1.77471e-08 3.15549e-05 1.06115 -8.15766e-07 1.77471e-08 -8.15766e-07 1.03523e-06 
132
0
-3.88166
-0.000298746
0.934509 3.3755e-05 1.78692e-08 3.3755e-05 1.06919 -8.15784e-07 1.78692e-08 -8.15784e-07 1.03523e-06 
133
0
-3.91297
-0.00115213
0.941529 3.47127e-05 1.80283e-08 3.47127e-05 1.07722 -8.15802e-07 1.80283e-08 -8.15802e-07 1.03523e-06 
134
0
-3.94515
-0.000506295
0.948549 3.85729e-05 1.81244e-08 3.85729e-05 1.08526 -8.15821e-07 1.81244e-08 -8.15821e-07 1.03523e-06 
135
0
-3.97686
-0.0013881
0.955569 4.02551e-05 1.82867e-08 4.02551e-05 1.09329 -8.15837e-07 1.82867e-08 -8.15837e-07 1.03523e-06 
136
0
-4.00997
-8.63213e-05
0.962589 4.49862e-05 1.83811e-08 4.49862e-05 1.10133 -8.15854e-07 1.83811e-08 -8.15854e-07 1.03523e-06 
137
0
-4.04183
0.000267107
0.969609 4.52374e-05 1.85819e-08 4.52374e-05 1.10936 -8.1587e-07 1.85819e-08 -8.1587e-07 1.03523e-06 
138
0
-4.07347
-7.1327e-05
0.976629 4.42559e-05 1.87615e-08 4.42559e-05 1.1174 -8.15885e-07 1.87615e-08 -8.15885e-07 1.03523e-06 
139
0
-4.10542
0.00012008
0.983649 4.44587e-05 1.89021e-08 4.44587e-05 1.12543 -8.15897e-07 1.89021e-08 -8.15897e-07 1.03523e-06 
140
0
-4.13738
-2.43775e-05
0.990669 4.39848e-05 1.90623e-08 4.39848e-05 1.13347 -8.1591e-07 1.90623e-08 -8.1591e-07 1.03523e-06 
141
0
-4.1693
0.000560612
0.997689 4.40235e-05 1.92093e-08 4.40235e-05 1.1415 -8.15922e-07 1.92093e-08 -8.15922e-07 1.03523e-06 
142
0
-4.20095
0.000197982
1.00471 4.19597e-05 1.93934e-08 4.19597e-05 1.14954 -8.15935e-07 1.93934e-08 -8.15935e-07 1.03523e-06 
143
0
-4.23266
0.000877111
1.01173 4.11946e-05 1.95369e-08 4.11946e-05 1.15757 -8.15948e-07 1.95369e-08 -8.15948e-07 1.03523e-06 
144
0
-4.26417
0.000393665
1.01875 3.79483e-05 1.97274e-08 3.79483e-05 1.16561 -8.1596e-07 1.97274e-08 -8.1596e-07 1.03523e-06 
145
0
-4.29618
0.000613426
1.02577 3.64547e-05 1.98683e-08 3.64547e-05 1.17364 -8.15972e-07 1.98683e-08 -8.15972e-07 1.03523e-06 
146
0
-4.32842
0.000805214
1.03279 3.41387e-05 2.00351e-08 3.41387e-05 1.18167 -8.15985e-07 2.00351e-08 -8.15985e-07 1.03523e-06 
147
0
-4.36066
0.0012611
1.03981 3.10933e-05 2.02086e-08 3.10933e-05 1.18971 -8.15997e-07 2.02086e-08 -8.15997e-07 1.03523e-06 
148
0
-4.3919
0.000409245
1.04683 2.63189e-05 2.04006e-08 2.63189e-05 1.19774 -8.1601e-07 2.04006e-08 -8.1601e-07 1.03523e-06 
149
0
-4.42309
-0.000983514
1.05385 2.47265e-05 2.05228e-08 2.47265e-05 1.20578 -8.16023e-07 2.05228e-08 -8.16023e-07 1.03523e-06 
150
0
-4.45618
0.00010199
1.06087 2.84138e-05 2.05885e-08 2.84138e-05 1.21381 -8.16035e-07 2.05885e-08 -8.16035e-07 1.03523e-06 
151
0
-4.48889
0.000788851
1.06789 2.79754e-05 2.07733e-08 2.79754e-05 1.22185 -8.16045e-07 2.07733e-08 -8.16045e-07 1.03523e-06 
152
0
-4.51998
-0.000658631
1.07491 2.48907e-05 2.09708e-08 2.48907e-05 1.22988 -8.16056e-07 2.09708e-08 -8.16056e-07 1.03523e-06 
153
0
-4.55242
-0.000210137
1.08193 2.7394e-05 2.10516e-08 2.7394e-05 1.23792 -8.16067e-07 2.10516e-08 -8.16067e-07 1.03523e-06 
154
0
-4.58472
0.000468631
1.08895 2.8165e-05 2.12047e-08 2.8165e-05 1.24595 -8.16079e-07 2.12047e-08 -8.16079e-07 1.03523e-06 
155
0
-4.61599
-0.000491424
1.09597 2.62771e-05 2.13898e-08 2.62771e-05 1.25399 -8.16087e-07 2.13898e-08 -8.16087e-07 1.03523e-06 
156
0
-4.64831
-0.000345009
1.10299 2.817e-05 2.14925e-08 2.817e-05 1.26202 -8.16093e-07 2.14925e-08 -8.16093e-07 1.03523e-06 
157
0
-4.68069
-0.000686993
1.11001 2.94931e-05 2.16342e-08 2.94931e-05 1.27006 -8.16102e-07 2.16342e-08 -8.16102e-07 1.03523e-06 
158
0
-4.71264
-0.000505459
1.11703 3.21934e-05 2.17574e-08 3.21934e-05 1.27809 -8.16108e-07 2.17574e-08 -8.16108e-07 1.03523e-06 
159
0
-4.74463
-2.06737e-05
1.12405 3.41801e-05 2.19009e-08 3.41801e-05 1.28613 -8.16117e-07 2.19009e-08 -8.16117e-07 1.03523e-06 
160
0
-4.7765
-0.000189208
1.13107 3.42153e-05 2.20687e-08 3.42153e-05 1.29416 -8.16124e-07 2.20687e-08 -8.16124e-07 1.03523e-06 
161
0
-4.80841
-0.000577867
1.13809 3.49382e-05 2.221e-08 3.49382e-05 1.30219 -8.16133e-07 2.221e-08 -8.16133e-07 1.03523e-06 
162
0
-4.84086
0.000157033
1.14511 3.72605e-05 2.2332e-08 3.72605e-05 1.31023 -8.16141e-07 2.2332e-08 -8.16141e-07 1.03523e-06 
163
0
-4.87234
-0.000436604
1.15213 3.65637e-05 2.25116e-08 3.65637e-05 1.31826 -8.16148e-07 2.25116e-08 -8.16148e-07 1.03523e-06 
164
0
-4.90471
0.000103884
1.15915 3.83285e-05 2.26322e-08 3.83285e-05 1.3263 -8.16158e-07 2.26322e-08 -8.16158e-07 1.03523e-06 
165
0
-4.93699
-6.86931e-05
1.16617 3.78458e-05 2.28024e-08 3.78458e-05 1.33433 -8.16165e-07 2.28024e-08 -8.16165e-07 1.03523e-06 
166
0
-4.96853
-0.000385024
1.17319 3.8086e-05 2.29481e-08 3.8086e-05 1.34237 -8.16173e-07 2.29481e-08 -8.16173e-07 1.03523e-06 
167
0
-5.00092
-0.00013831
1.18021 3.96659e-05 2.30758e-08 3.96659e-05 1.3504 -8.16181e-07 2.30758e-08 -8.16181e-07 1.03523e-06 
168
0
-5.03275
9.96986e-06
1.18723 4.02057e-05 2.32314e-08 4.02057e-05 1.35844 -8.16187e-07 2.32314e-08 -8.16187e-07 1.03523e-06 
169
0
-5.06445
0.000100803
1.19425 4.01144e-05 2.33878e-08 4.01144e-05 1.36647 -8.16194e-07 2.33878e-08 -8.16194e-07 1.03523e-06 
170
0
-5.0959
-2.01421e-05
1.20127 3.96318e-05 2.35426e-08 3.96318e-05 1.37451 -8.162e-07 2.35426e-08 -8.162e-07 1.03523e-06 
171
0
-5.12715
-0.00107273
1.20829 3.96704e-05 2.36854e-08 3.96704e-05 1.38254 -8.1621e-07 2.36854e-08 -8.1621e-07 1.03523e-06 
172
0
-5.15908
-0.000833109
1.21531 4.42949e-05 2.377e-08 4.42949e-05 1.39058 -8.16218e-07 2.377e-08 -8.16218e-07 1.03523e-06 
173
0
-5.19187
-9.90348e-05
1.22233 4.78966e-05 2.39059e-08 4.78966e-05 1.39861 -8.16224e-07 2.39059e-08 -8.16224e-07 1.03523e-06 
174
0
-5.22433
0.000537254
1.22935 4.82844e-05 2.40867e-08 4.82844e-05 1.40665 -8.16231e-07 2.40867e-08 -8.16231e-07 1.03523e-06 
175
0
-5.25601
0.000556108
1.23637 4.58543e-05 2.42794e-08 4.58543e-05 1.41468 -8.1624e-07 2.42794e-08 -8.1624e-07 1.03523e-06 
176
0
-5.28738
-0.000268593
1.24339 4.33267e-05 2.44451e-08 4.33267e-05 1.42271 -8.16247e-07 2.44451e-08 -8.16247e-07 1.03523e-06 
177
0
-5.31878
-0.00045742
1.25041 4.44821e-05 2.45563e-08 4.44821e-05 1.43075 -8.16254e-07 2.45563e-08 -8.16254e-07 1.03523e-06 
