0
0
0
-0.00136483
0.00632102 -7.44339e-05 -4.31087e-09 -7.44339e-05 0.0065425 -1.42373e-07 -4.31087e-09 -1.42373e-07 1.21851e-06 
1
0
0
-8.24438e-05
0.0093053 -0.000180882 -4.20552e-09 -0.000180882 0.00905162 -1.84358e-07 -4.20552e-09 -1.84358e-07 1.03651e-06 
2
0
0
0.000612027
0.0107701 -0.000255988 -3.73329e-09 -0.000255988 0.00996569 -2.08415e-07 -3.73329e-09 -2.08415e-07 1.03685e-06 
3
0
0
0.000981488
0.0114639 -0.000297124 -3.30355e-09 -0.000297124 0.010272 -2.19331e-07 -3.30355e-09 -2.19331e-07 1.0371e-06 
4
0
0
0.000147092
0.0117902 -0.000317543 -3.00341e-09 -0.000317543 0.0103719 -2.24992e-07 -3.00341e-09 -2.24992e-07 1.03671e-06 
5
0
0
-6.81087e-05
0.0119437 -0.000327272 -2.80299e-09 -0.000327272 0.0104043 -2.28785e-07 -2.80299e-09 -2.28785e-07 1.03631e-06 
6
0
0
-0.000170715
0.0120159 -0.000331818 -2.65284e-09 -0.000331818 0.0104149 -2.31871e-07 -2.65284e-09 -2.31871e-07 1.036e-06 
7
0
0
-0.00152496
0.01205 -0.000333925 -2.52755e-09 -0.000333925 0.0104185 -2.34619e-07 -2.52755e-09 -2.34619e-07 1.03576e-06 
8
0
0
0.000414689
0.0120662 -0.000334922 -2.42462e-09 -0.000334922 0.0104197 -2.37138e-07 -2.42462e-09 -2.37138e-07 1.03558e-06 
9
0
0
0.000124345
0.0120739 -0.000335353 -2.31165e-09 -0.000335353 0.0104202 -2.39462e-07 -2.31165e-09 -2.39462e-07 1.03545e-06 
10
0
0
-6.25177e-05
0.0120777 -0.000335562 -2.21496e-09 -0.000335562 0.0104205 -2.41602e-07 -2.21496e-09 -2.41602e-07 1.03535e-06 
11
0
0
-0.000498895
0.0120795 -0.000335666 -2.12742e-09 -0.000335666 0.0104206 -2.43563e-07 -2.12742e-09 -2.43563e-07 1.03528e-06 
12
0
0
-0.000476706
0.0120804 -0.000335724 -2.04865e-09 -0.000335724 0.0104207 -2.45351e-07 -2.04865e-09 -2.45351e-07 1.03523e-06 
13
0
0
0.000172137
0.0120809 -0.000335753 -1.97379e-09 -0.000335753 0.0104208 -2.46973e-07 -1.97379e-09 -2.46973e-07 1.03519e-06 
14
0
0
0.000206833
0.0120812 -0.000335758 -1.90064e-09 -0.000335758 0.0104209 -2.48439e-07 -1.90064e-09 -2.48439e-07 1.03517e-06 
15
0
0
0.00141096
0.0120814 -0.000335763 -1.83682e-09 -0.000335763 0.010421 -2.49757e-07 -1.83682e-09 -2.49757e-07 1.03515e-06 
16
0
0
0.000135018
0.0120815 -0.000335748 -1.76992e-09 -0.000335748 0.010421 -2.50941e-07 -1.76992e-09 -2.50941e-07 1.03514e-06 
17
0
0
-0.000465867
0.0120815 -0.000335765 -1.72548e-09 -0.000335765 0.0104211 -2.51998e-07 -1.72548e-09 -2.51998e-07 1.03514e-06 
18
0
0
0.000866331
0.0120816 -0.000335783 -1.68843e-09 -0.000335783 0.0104211 -2.52947e-07 -1.68843e-09 -2.52947e-07 1.03514e-06 
19
0
0
-0.000205061
0.0120816 -0.000335769 -1.63998e-09 -0.000335769 0.0104212 -2.5379e-07 -1.63998e-09 -2.5379e-07 1.03514e-06 
20
0
0
0.000144167
0.0120817 -0.000335782 -1.61083e-09 -0.000335782 0.0104212 -2.54536e-07 -1.61083e-09 -2.54536e-07 1.03514e-06 
21
0
0
-0.000464866
0.0120817 -0.000335783 -1.57872e-09 -0.000335783 0.0104212 -2.55196e-07 -1.57872e-09 -2.55196e-07 1.03515e-06 
22
0
0
-5.20807e-05
0.0120817 -0.000335794 -1.55563e-09 -0.000335794 0.0104213 -2.5578e-07 -1.55563e-09 -2.5578e-07 1.03515e-06 
23
0
0
0.00116973
0.0120817 -0.000335792 -1.52888e-09 -0.000335792 0.0104213 -2.56296e-07 -1.52888e-09 -2.56296e-07 1.03516e-06 
24
0
0
4.15358e-05
0.0120817 -0.000335772 -1.4966e-09 -0.000335772 0.0104213 -2.56751e-07 -1.4966e-09 -2.56751e-07 1.03516e-06 
25
0
0
-0.000669409
0.0120817 -0.000335783 -1.48369e-09 -0.000335783 0.0104213 -2.57151e-07 -1.48369e-09 -2.57151e-07 1.03517e-06 
26
0
0
-1.66166e-05
0.0120817 -0.000335799 -1.47128e-09 -0.000335799 0.0104213 -2.57501e-07 -1.47128e-09 -2.57501e-07 1.03517e-06 
27
0
0
-0.000262768
0.0120817 -0.000335795 -1.45096e-09 -0.000335795 0.0104214 -2.57809e-07 -1.45096e-09 -2.57809e-07 1.03518e-06 
28
0
0
0.000669929
0.0120817 -0.000335798 -1.43764e-09 -0.000335798 0.0104214 -2.58079e-07 -1.43764e-09 -2.58079e-07 1.03518e-06 
29
0
0
0.00140253
0.0120817 -0.000335784 -1.41763e-09 -0.000335784 0.0104214 -2.58317e-07 -1.41763e-09 -2.58317e-07 1.03519e-06 
30
0
0
-0.000226342
0.0120817 -0.000335768 -1.39849e-09 -0.000335768 0.0104214 -2.58525e-07 -1.39849e-09 -2.58525e-07 1.03519e-06 
31
0
0
-0.000321492
0.0120817 -0.000335787 -1.39992e-09 -0.000335787 0.0104214 -2.58708e-07 -1.39992e-09 -2.58708e-07 1.03519e-06 
32
0
0
-0.000411749
0.0120817 -0.000335797 -1.39599e-09 -0.000335797 0.0104214 -2.58867e-07 -1.39599e-09 -2.58867e-07 1.0352e-06 
33
0
0
0.000178919
0.0120817 -0.000335802 -1.39081e-09 -0.000335802 0.0104214 -2.59006e-07 -1.39081e-09 -2.59006e-07 1.0352e-06 
34
0
0
0.00033134
0.0120817 -0.000335794 -1.38181e-09 -0.000335794 0.0104214 -2.59129e-07 -1.38181e-09 -2.59129e-07 1.0352e-06 
35
0
0
0.000199461
0.0120817 -0.000335789 -1.37508e-09 -0.000335789 0.0104214 -2.59236e-07 -1.37508e-09 -2.59236e-07 1.0352e-06 
36
0
0
0.000564769
0.0120817 -0.000335789 -1.37187e-09 -0.000335789 0.0104214 -2.59329e-07 -1.37187e-09 -2.59329e-07 1.03521e-06 
37
0
0
-0.000166312
0.0120817 -0.000335784 -1.36581e-09 -0.000335784 0.0104214 -2.5941e-07 -1.36581e-09 -2.5941e-07 1.03521e-06 
38
0
0
0.000316102
0.0120817 -0.000335793 -1.36825e-09 -0.000335793 0.0104214 -2.59481e-07 -1.36825e-09 -2.59481e-07 1.03521e-06 
39
0
0
-0.000344006
0.0120817 -0.000335789 -1.363e-09 -0.000335789 0.0104214 -2.59543e-07 -1.363e-09 -2.59543e-07 1.03521e-06 
40
0
0
0.000668465
0.0120817 -0.000335798 -1.36591e-09 -0.000335798 0.0104214 -2.59596e-07 -1.36591e-09 -2.59596e-07 1.03521e-06 
41
0
0
-5.85162e-05
0.0120817 -0.000335786 -1.35662e-09 -0.000335786 0.0104214 -2.59643e-07 -1.35662e-09 -2.59643e-07 1.03521e-06 
42
0
0
-6.91068e-05
0.0120817 -0.000335793 -1.35885e-09 -0.000335793 0.0104214 -2.59684e-07 -1.35885e-09 -2.59684e-07 1.03521e-06 
43
0
0
0.000557876
0.0120817 -0.000335795 -1.35513e-09 -0.000335795 0.0104214 -2.59716e-07 -1.35513e-09 -2.59716e-07 1.03522e-06 
44
0
0
-0.000116262
0.0120817 -0.000335787 -1.34561e-09 -0.000335787 0.0104214 -2.59744e-07 -1.34561e-09 -2.59744e-07 1.03522e-06 
45
0
0
0.000563391
0.0120817 -0.000335794 -1.34696e-09 -0.000335794 0.0104214 -2.5977e-07 -1.34696e-09 -2.5977e-07 1.03522e-06 
46
0
0
0.00052666
0.0120817 -0.000335786 -1.34005e-09 -0.000335786 0.0104214 -2.59793e-07 -1.34005e-09 -2.59793e-07 1.03522e-06 
47
0
0
-0.000469488
0.0120817 -0.000335783 -1.33722e-09 -0.000335783 0.0104214 -2.59813e-07 -1.33722e-09 -2.59813e-07 1.03522e-06 
48
0
0
0.000217389
0.0120817 -0.000335798 -1.34413e-09 -0.000335798 0.0104214 -2.59831e-07 -1.34413e-09 -2.59831e-07 1.03522e-06 
49
0
0
0.000508368
0.0120817 -0.000335793 -1.34043e-09 -0.000335793 0.0104214 -2.59846e-07 -1.34043e-09 -2.59846e-07 1.03522e-06 
50
0
0
-6.95273e-05
0.0120817 -0.000335787 -1.33154e-09 -0.000335787 0.0104214 -2.59852e-07 -1.33154e-09 -2.59852e-07 1.03522e-06 
51
0
0
-6.5522e-05
0.0120817 -0.000335793 -1.33062e-09 -0.000335793 0.0104214 -2.59859e-07 -1.33062e-09 -2.59859e-07 1.03522e-06 
52
0
0
0.00028167
0.0120817 -0.000335796 -1.32866e-09 -0.000335796 0.0104214 -2.59866e-07 -1.32866e-09 -2.59866e-07 1.03522e-06 
53
0
0
0.000330386
0.0120817 -0.000335791 -1.32474e-09 -0.000335791 0.0104214 -2.59873e-07 -1.32474e-09 -2.59873e-07 1.03522e-06 
54
0
0
-0.00101524
0.0120817 -0.000335789 -1.32263e-09 -0.000335789 0.0104214 -2.5988e-07 -1.32263e-09 -2.5988e-07 1.03522e-06 
55
0
0
-0.000462858
0.0120817 -0.000335809 -1.33316e-09 -0.000335809 0.0104214 -2.59886e-07 -1.33316e-09 -2.59886e-07 1.03522e-06 
56
0
0
4.30311e-05
0.0120817 -0.000335808 -1.33122e-09 -0.000335808 0.0104214 -2.59892e-07 -1.33122e-09 -2.59892e-07 1.03522e-06 
57
0
0
0.000291229
0.0120817 -0.0003358 -1.32599e-09 -0.0003358 0.0104214 -2.59897e-07 -1.32599e-09 -2.59897e-07 1.03522e-06 
58
0
0
-0.000396431
0.0120817 -0.000335793 -1.32208e-09 -0.000335793 0.0104214 -2.59901e-07 -1.32208e-09 -2.59901e-07 1.03522e-06 
59
0
0
-0.000785717
0.0120817 -0.000335801 -1.31391e-09 -0.000335801 0.0104214 -2.59909e-07 -1.31391e-09 -2.59909e-07 1.03522e-06 
60
0
0
-0.000937217
0.0120817 -0.00033581 -1.30966e-09 -0.00033581 0.0104214 -2.59914e-07 -1.30966e-09 -2.59914e-07 1.03522e-06 
61
0
0
0.000417277
0.0120817 -0.000335816 -1.30725e-09 -0.000335816 0.0104214 -2.59917e-07 -1.30725e-09 -2.59917e-07 1.03522e-06 
62
0
0
0.000509782
0.0120817 -0.000335797 -1.29337e-09 -0.000335797 0.0104214 -2.5992e-07 -1.29337e-09 -2.5992e-07 1.03522e-06 
63
0
0
6.14886e-05
0.0120817 -0.000335788 -1.28742e-09 -0.000335788 0.0104214 -2.59922e-07 -1.28742e-09 -2.59922e-07 1.03522e-06 
64
0
0
-3.3124e-05
0.0120817 -0.000335792 -1.28892e-09 -0.000335792 0.0104214 -2.59924e-07 -1.28892e-09 -2.59924e-07 1.03522e-06 
65
0
0
0.000404035
0.0120817 -0.000335795 -1.28913e-09 -0.000335795 0.0104214 -2.59926e-07 -1.28913e-09 -2.59926e-07 1.03522e-06 
66
0
0
-0.000261854
0.0120817 -0.000335789 -1.27903e-09 -0.000335789 0.0104214 -2.59928e-07 -1.27903e-09 -2.59928e-07 1.03522e-06 
67
0
0
0.000122884
0.0120817 -0.000335797 -1.27902e-09 -0.000335797 0.0104214 -2.5993e-07 -1.27902e-09 -2.5993e-07 1.03522e-06 
68
0
0
0.000258682
0.0120817 -0.000335794 -1.27514e-09 -0.000335794 0.0104214 -2.59931e-07 -1.27514e-09 -2.59931e-07 1.03522e-06 
69
0
0
-0.000474397
0.0120817 -0.000335791 -1.2717e-09 -0.000335791 0.0104214 -2.59932e-07 -1.2717e-09 -2.59932e-07 1.03522e-06 
70
0
0
-0.000662167
0.0120817 -0.000335801 -1.2763e-09 -0.000335801 0.0104214 -2.59933e-07 -1.2763e-09 -2.59933e-07 1.03522e-06 
71
0
0
-0.000173951
0.0120817 -0.000335808 -1.27882e-09 -0.000335808 0.0104214 -2.59933e-07 -1.27882e-09 -2.59933e-07 1.03522e-06 
72
0
0
-0.000475092
0.0120817 -0.000335803 -1.2757e-09 -0.000335803 0.0104214 -2.59934e-07 -1.2757e-09 -2.59934e-07 1.03522e-06 
73
0
0
0.000147804
0.0120817 -0.000335806 -1.27802e-09 -0.000335806 0.0104214 -2.59934e-07 -1.27802e-09 -2.59934e-07 1.03522e-06 
74
0
0
-0.000175985
0.0120817 -0.000335797 -1.27931e-09 -0.000335797 0.0104214 -2.5994e-07 -1.27931e-09 -2.5994e-07 1.03522e-06 
75
0
0
-0.000560224
0.0120817 -0.000335799 -1.28398e-09 -0.000335799 0.0104214 -2.59944e-07 -1.28398e-09 -2.59944e-07 1.03522e-06 
76
0
0
0.000323476
0.0120817 -0.000335806 -1.28957e-09 -0.000335806 0.0104214 -2.59946e-07 -1.28957e-09 -2.59946e-07 1.03522e-06 
77
0
0
-0.000465225
0.0120817 -0.000335794 -1.28468e-09 -0.000335794 0.0104214 -2.59947e-07 -1.28468e-09 -2.59947e-07 1.03522e-06 
78
0
0
0.000793005
0.0120817 -0.000335803 -1.29078e-09 -0.000335803 0.0104214 -2.59947e-07 -1.29078e-09 -2.59947e-07 1.03522e-06 
79
0
0
-5.23144e-05
0.0120817 -0.000335786 -1.28256e-09 -0.000335786 0.0104214 -2.59947e-07 -1.28256e-09 -2.59947e-07 1.03522e-06 
80
0
0
-0.000770214
0.0120817 -0.000335793 -1.28739e-09 -0.000335793 0.0104214 -2.59947e-07 -1.28739e-09 -2.59947e-07 1.03522e-06 
81
0
0
-2.83027e-05
0.0120817 -0.000335807 -1.29473e-09 -0.000335807 0.0104214 -2.59947e-07 -1.29473e-09 -2.59947e-07 1.03522e-06 
82
0
0
-0.000425294
0.0120817 -0.0003358 -1.29034e-09 -0.0003358 0.0104214 -2.59947e-07 -1.29034e-09 -2.59947e-07 1.03522e-06 
83
0
0
0.000172983
0.0120817 -0.000335804 -1.28605e-09 -0.000335804 0.0104214 -2.59944e-07 -1.28605e-09 -2.59944e-07 1.03522e-06 
84
0
0
-0.000276317
0.0120817 -0.000335796 -1.27694e-09 -0.000335796 0.0104214 -2.59942e-07 -1.27694e-09 -2.59942e-07 1.03522e-06 
85
0
0
0.000425272
0.0120817 -0.0003358 -1.27721e-09 -0.0003358 0.0104214 -2.5994e-07 -1.27721e-09 -2.5994e-07 1.03522e-06 
86
0
0
8.84092e-05
0.0120817 -0.000335791 -1.27051e-09 -0.000335791 0.0104214 -2.5994e-07 -1.27051e-09 -2.5994e-07 1.03522e-06 
87
0
0
0.000219955
0.0120817 -0.000335792 -1.26965e-09 -0.000335792 0.0104214 -2.5994e-07 -1.26965e-09 -2.5994e-07 1.03522e-06 
88
0
0
0.00043408
0.0120817 -0.000335791 -1.26776e-09 -0.000335791 0.0104214 -2.5994e-07 -1.26776e-09 -2.5994e-07 1.03522e-06 
89
0
0
0.000868845
0.0120817 -0.000335787 -1.26595e-09 -0.000335787 0.0104214 -2.59939e-07 -1.26595e-09 -2.59939e-07 1.03522e-06 
90
0
0
0.000714433
0.0120817 -0.000335779 -1.26529e-09 -0.000335779 0.0104214 -2.59942e-07 -1.26529e-09 -2.59942e-07 1.03522e-06 
91
0
0
0.000167137
0.0120817 -0.000335778 -1.26713e-09 -0.000335778 0.0104214 -2.59944e-07 -1.26713e-09 -2.59944e-07 1.03522e-06 
92
0
0
-0.000617418
0.0120817 -0.000335786 -1.27354e-09 -0.000335786 0.0104214 -2.59945e-07 -1.27354e-09 -2.59945e-07 1.03522e-06 
93
0
0
-0.000234579
0.0120817 -0.000335802 -1.28219e-09 -0.000335802 0.0104214 -2.59946e-07 -1.28219e-09 -2.59946e-07 1.03522e-06 
94
0
0
0.000255779
0.0120817 -0.000335802 -1.28118e-09 -0.000335802 0.0104214 -2.59947e-07 -1.28118e-09 -2.59947e-07 1.03522e-06 
95
0
0
3.64689e-05
0.0120817 -0.000335794 -1.27603e-09 -0.000335794 0.0104214 -2.59947e-07 -1.27603e-09 -2.59947e-07 1.03522e-06 
96
0
0
-0.000196412
0.0120817 -0.000335794 -1.27636e-09 -0.000335794 0.0104214 -2.59947e-07 -1.27636e-09 -2.59947e-07 1.03522e-06 
97
0
0
0.000171481
0.0120817 -0.000335798 -1.27909e-09 -0.000335798 0.0104214 -2.59947e-07 -1.27909e-09 -2.59947e-07 1.03522e-06 
98
0
0
0.000748188
0.0120817 -0.000335794 -1.27289e-09 -0.000335794 0.0104214 -2.59943e-07 -1.27289e-09 -2.59943e-07 1.03522e-06 
99
0
0
0.000822914
0.0120817 -0.000335783 -1.26385e-09 -0.000335783 0.0104214 -2.59941e-07 -1.26385e-09 -2.59941e-07 1.03522e-06 
100
0
0
-0.000355112
0.0120817 -0.000335778 -1.2582e-09 -0.000335778 0.0104214 -2.59939e-07 -1.2582e-09 -2.59939e-07 1.03522e-06 
101
0
0
0.000322511
0.0120817 -0.000335795 -1.26429e-09 -0.000335795 0.0104214 -2.59937e-07 -1.26429e-09 -2.59937e-07 1.03522e-06 
102
0
0
0.000575235
0.0120817 -0.00033579 -1.25993e-09 -0.00033579 0.0104214 -2.59936e-07 -1.25993e-09 -2.59936e-07 1.03522e-06 
103
0
0
-0.000203043
0.0120817 -0.000335784 -1.25747e-09 -0.000335784 0.0104214 -2.59936e-07 -1.25747e-09 -2.59936e-07 1.03522e-06 
104
0
0
-0.000955411
0.0120817 -0.000335795 -1.26401e-09 -0.000335795 0.0104214 -2.59936e-07 -1.26401e-09 -2.59936e-07 1.03522e-06 
105
0
0
0.000634125
0.0120817 -0.00033581 -1.2718e-09 -0.00033581 0.0104214 -2.59937e-07 -1.2718e-09 -2.59937e-07 1.03522e-06 
106
0
0
-0.000224166
0.0120817 -0.000335791 -1.27072e-09 -0.000335791 0.0104214 -2.59939e-07 -1.27072e-09 -2.59939e-07 1.03522e-06 
107
0
0
-0.000943739
0.0120817 -0.000335798 -1.28208e-09 -0.000335798 0.0104214 -2.5994e-07 -1.28208e-09 -2.5994e-07 1.03522e-06 
108
0
0
0.00066782
0.0120817 -0.000335811 -1.29467e-09 -0.000335811 0.0104214 -2.5994e-07 -1.29467e-09 -2.5994e-07 1.03522e-06 
109
0
0
-3.81118e-05
0.0120817 -0.000335791 -1.28636e-09 -0.000335791 0.0104214 -2.59941e-07 -1.28636e-09 -2.59941e-07 1.03522e-06 
110
0
0
-7.71938e-05
0.0120817 -0.000335795 -1.28927e-09 -0.000335795 0.0104214 -2.59941e-07 -1.28927e-09 -2.59941e-07 1.03522e-06 
111
0
0
-0.000198718
0.0120817 -0.000335796 -1.29037e-09 -0.000335796 0.0104214 -2.59942e-07 -1.29037e-09 -2.59942e-07 1.03522e-06 
112
0
0
-0.000590274
0.0120817 -0.000335799 -1.2924e-09 -0.000335799 0.0104214 -2.59941e-07 -1.2924e-09 -2.59941e-07 1.03522e-06 
113
0
0
-0.000423431
0.0120817 -0.000335806 -1.2969e-09 -0.000335806 0.0104214 -2.59941e-07 -1.2969e-09 -2.59941e-07 1.03522e-06 
114
0
0
-4.38876e-05
0.0120817 -0.000335806 -1.30096e-09 -0.000335806 0.0104214 -2.59943e-07 -1.30096e-09 -2.59943e-07 1.03522e-06 
115
0
0
3.29776e-05
0.0120817 -0.0003358 -1.29989e-09 -0.0003358 0.0104214 -2.59945e-07 -1.29989e-09 -2.59945e-07 1.03522e-06 
116
0
0
-0.000472899
0.0120817 -0.000335797 -1.29949e-09 -0.000335797 0.0104214 -2.59946e-07 -1.29949e-09 -2.59946e-07 1.03522e-06 
117
0
0
-0.000514494
0.0120817 -0.000335804 -1.30475e-09 -0.000335804 0.0104214 -2.59946e-07 -1.30475e-09 -2.59946e-07 1.03522e-06 
118
0
0
-6.13915e-05
0.0120817 -0.000335807 -1.30779e-09 -0.000335807 0.0104214 -2.59946e-07 -1.30779e-09 -2.59946e-07 1.03522e-06 
119
0
0
-0.000989989
0.0120817 -0.000335801 -1.30422e-09 -0.000335801 0.0104214 -2.59946e-07 -1.30422e-09 -2.59946e-07 1.03522e-06 
120
0
0
-0.000246287
0.0120817 -0.000335813 -1.30951e-09 -0.000335813 0.0104214 -2.59946e-07 -1.30951e-09 -2.59946e-07 1.03522e-06 
121
0
0
-0.000403428
0.0120817 -0.000335806 -1.30456e-09 -0.000335806 0.0104214 -2.59946e-07 -1.30456e-09 -2.59946e-07 1.03522e-06 
122
0
0
-0.000385969
0.0120817 -0.000335806 -1.30723e-09 -0.000335806 0.0104214 -2.59942e-07 -1.30723e-09 -2.59942e-07 1.03522e-06 
123
0
0
0.000786487
0.0120817 -0.000335806 -1.30903e-09 -0.000335806 0.0104214 -2.5994e-07 -1.30903e-09 -2.5994e-07 1.03522e-06 
124
0
0
0.000273999
0.0120817 -0.000335787 -1.29922e-09 -0.000335787 0.0104214 -2.59939e-07 -1.29922e-09 -2.59939e-07 1.03522e-06 
125
0
0
0.000153471
0.0120817 -0.000335788 -1.30013e-09 -0.000335788 0.0104214 -2.59938e-07 -1.30013e-09 -2.59938e-07 1.03522e-06 
126
0
0
0.000627746
0.0120817 -0.00033579 -1.30187e-09 -0.00033579 0.0104214 -2.59938e-07 -1.30187e-09 -2.59938e-07 1.03522e-06 
127
0
0
2.47763e-05
0.0120817 -0.000335784 -1.29841e-09 -0.000335784 0.0104214 -2.59939e-07 -1.29841e-09 -2.59939e-07 1.03522e-06 
128
0
0
3.51562e-05
0.0120817 -0.000335791 -1.30174e-09 -0.000335791 0.0104214 -2.59938e-07 -1.30174e-09 -2.59938e-07 1.03522e-06 
129
0
0
0.000222034
0.0120817 -0.000335793 -1.30266e-09 -0.000335793 0.0104214 -2.59938e-07 -1.30266e-09 -2.59938e-07 1.03522e-06 
130
0
0
8.04254e-05
0.0120817 -0.000335791 -1.3032e-09 -0.000335791 0.0104214 -2.59935e-07 -1.3032e-09 -2.59935e-07 1.03522e-06 
131
0
0
3.95442e-05
0.0120817 -0.000335793 -1.30545e-09 -0.000335793 0.0104214 -2.59933e-07 -1.30545e-09 -2.59933e-07 1.03522e-06 
132
0
0
0.000408919
0.0120817 -0.000335794 -1.30755e-09 -0.000335794 0.0104214 -2.59932e-07 -1.30755e-09 -2.59932e-07 1.03522e-06 
133
0
0
-0.000673691
0.0120817 -0.000335789 -1.30573e-09 -0.000335789 0.0104214 -2.59932e-07 -1.30573e-09 -2.59932e-07 1.03522e-06 
134
0
0
-0.000725579
0.0120817 -0.000335804 -1.31488e-09 -0.000335804 0.0104214 -2.59932e-07 -1.31488e-09 -2.59932e-07 1.03522e-06 
135
0
0
0.000317231
0.0120817 -0.00033581 -1.31788e-09 -0.00033581 0.0104214 -2.59933e-07 -1.31788e-09 -2.59933e-07 1.03522e-06 
136
0
0
0.000161322
0.0120817 -0.000335796 -1.30903e-09 -0.000335796 0.0104214 -2.59933e-07 -1.30903e-09 -2.59933e-07 1.03522e-06 
137
0
0
-5.73401e-05
0.0120817 -0.000335793 -1.30735e-09 -0.000335793 0.0104214 -2.59933e-07 -1.30735e-09 -2.59933e-07 1.03522e-06 
138
0
0
-0.000530422
0.0120817 -0.000335796 -1.30896e-09 -0.000335796 0.0104214 -2.59929e-07 -1.30896e-09 -2.59929e-07 1.03522e-06 
139
0
0
-0.000668065
0.0120817 -0.000335804 -1.31371e-09 -0.000335804 0.0104214 -2.59926e-07 -1.31371e-09 -2.59926e-07 1.03522e-06 
140
0
0
-0.000434098
0.0120817 -0.000335809 -1.31783e-09 -0.000335809 0.0104214 -2.59924e-07 -1.31783e-09 -2.59924e-07 1.03522e-06 
141
0
0
-0.000799422
0.0120817 -0.000335808 -1.31728e-09 -0.000335808 0.0104214 -2.59923e-07 -1.31728e-09 -2.59923e-07 1.03522e-06 
142
0
0
0.000566019
0.0120817 -0.000335813 -1.31979e-09 -0.000335813 0.0104214 -2.59922e-07 -1.31979e-09 -2.59922e-07 1.03522e-06 
143
0
0
0.00019447
0.0120817 -0.000335793 -1.30816e-09 -0.000335793 0.0104214 -2.59923e-07 -1.30816e-09 -2.59923e-07 1.03522e-06 
144
0
0
0.000516066
0.0120817 -0.000335792 -1.30829e-09 -0.000335792 0.0104214 -2.59923e-07 -1.30829e-09 -2.59923e-07 1.03522e-06 
145
0
0
0.000368922
0.0120817 -0.000335786 -1.3001e-09 -0.000335786 0.0104214 -2.59927e-07 -1.3001e-09 -2.59927e-07 1.03522e-06 
146
0
0
0.000200727
0.0120817 -0.000335786 -1.30073e-09 -0.000335786 0.0104214 -2.5992e-07 -1.30073e-09 -2.5992e-07 1.03522e-06 
147
0
0
-0.00100207
0.0120817 -0.000335789 -1.30592e-09 -0.000335789 0.0104214 -2.59917e-07 -1.30592e-09 -2.59917e-07 1.03522e-06 
148
0
0
-0.00113029
0.0120817 -0.000335809 -1.31888e-09 -0.000335809 0.0104214 -2.59916e-07 -1.31888e-09 -2.59916e-07 1.03522e-06 
149
0
0
-0.000877392
0.0120817 -0.000335819 -1.31912e-09 -0.000335819 0.0104214 -2.59918e-07 -1.31912e-09 -2.59918e-07 1.03522e-06 
150
0
0
-0.000103893
0.0120817 -0.000335818 -1.31526e-09 -0.000335818 0.0104214 -2.59917e-07 -1.31526e-09 -2.59917e-07 1.03522e-06 
151
0
0
-0.000560537
0.0120817 -0.000335806 -1.30868e-09 -0.000335806 0.0104214 -2.59916e-07 -1.30868e-09 -2.59916e-07 1.03522e-06 
152
0
0
-0.000452611
0.0120817 -0.000335808 -1.31411e-09 -0.000335808 0.0104214 -2.59916e-07 -1.31411e-09 -2.59916e-07 1.03522e-06 
153
0
0
0.000266748
0.0120817 -0.000335808 -1.31538e-09 -0.000335808 0.0104214 -2.59916e-07 -1.31538e-09 -2.59916e-07 1.03522e-06 
154
0
0
-0.000578236
0.0120817 -0.000335796 -1.31934e-09 -0.000335796 0.0104214 -2.59913e-07 -1.31934e-09 -2.59913e-07 1.03522e-06 
155
0
0
0.000666831
0.0120817 -0.000335805 -1.33132e-09 -0.000335805 0.0104214 -2.59911e-07 -1.33132e-09 -2.59911e-07 1.03522e-06 
156
0
0
-0.000781369
0.0120817 -0.000335789 -1.32806e-09 -0.000335789 0.0104214 -2.5991e-07 -1.32806e-09 -2.5991e-07 1.03522e-06 
157
0
0
-5.78272e-05
0.0120817 -0.000335805 -1.34185e-09 -0.000335805 0.0104214 -2.59909e-07 -1.34185e-09 -2.59909e-07 1.03522e-06 
158
0
0
-0.000215124
0.0120817 -0.0003358 -1.34029e-09 -0.0003358 0.0104214 -2.59909e-07 -1.34029e-09 -2.59909e-07 1.03522e-06 
159
0
0
0.000532121
0.0120817 -0.000335801 -1.33921e-09 -0.000335801 0.0104214 -2.59909e-07 -1.33921e-09 -2.59909e-07 1.03522e-06 
160
0
0
-0.000989225
0.0120817 -0.000335789 -1.33217e-09 -0.000335789 0.0104214 -2.59907e-07 -1.33217e-09 -2.59907e-07 1.03522e-06 
161
0
0
-0.000703669
0.0120817 -0.000335809 -1.34422e-09 -0.000335809 0.0104214 -2.59906e-07 -1.34422e-09 -2.59906e-07 1.03522e-06 
162
0
0
0.000782757
0.0120817 -0.000335812 -1.34624e-09 -0.000335812 0.0104214 -2.59906e-07 -1.34624e-09 -2.59906e-07 1.03522e-06 
163
0
0
0.000598403
0.0120817 -0.000335789 -1.33493e-09 -0.000335789 0.0104214 -2.59905e-07 -1.33493e-09 -2.59905e-07 1.03522e-06 
164
0
0
-0.000525556
0.0120817 -0.000335784 -1.33219e-09 -0.000335784 0.0104214 -2.59904e-07 -1.33219e-09 -2.59904e-07 1.03522e-06 
165
0
0
-8.36587e-05
0.0120817 -0.000335799 -1.33994e-09 -0.000335799 0.0104214 -2.59903e-07 -1.33994e-09 -2.59903e-07 1.03522e-06 
166
0
0
-0.00072251
0.0120817 -0.000335798 -1.33915e-09 -0.000335798 0.0104214 -2.59902e-07 -1.33915e-09 -2.59902e-07 1.03522e-06 
167
0
0
-0.000863681
0.0120817 -0.000335808 -1.34513e-09 -0.000335808 0.0104214 -2.59902e-07 -1.34513e-09 -2.59902e-07 1.03522e-06 
168
0
0
-0.000625725
0.0120817 -0.000335814 -1.34902e-09 -0.000335814 0.0104214 -2.59902e-07 -1.34902e-09 -2.59902e-07 1.03522e-06 
169
0
0
-0.000361041
0.0120817 -0.000335813 -1.34873e-09 -0.000335813 0.0104214 -2.59901e-07 -1.34873e-09 -2.59901e-07 1.03522e-06 
170
0
0
-0.000298579
0.0120817 -0.000335808 -1.34469e-09 -0.000335808 0.0104214 -2.59899e-07 -1.34469e-09 -2.59899e-07 1.03522e-06 
171
0
0
-0.00035459
0.0120817 -0.000335805 -1.3421e-09 -0.000335805 0.0104214 -2.59897e-07 -1.3421e-09 -2.59897e-07 1.03522e-06 
172
0
0
-0.00011613
0.0120817 -0.000335805 -1.34031e-09 -0.000335805 0.0104214 -2.59896e-07 -1.34031e-09 -2.59896e-07 1.03522e-06 
173
0
0
0.000446185
0.0120817 -0.000335801 -1.33621e-09 -0.000335801 0.0104214 -2.59897e-07 -1.33621e-09 -2.59897e-07 1.03522e-06 
174
0
0
0.000511718
0.0120817 -0.000335791 -1.33017e-09 -0.000335791 0.0104214 -2.59896e-07 -1.33017e-09 -2.59896e-07 1.03522e-06 
175
0
0
0.000551365
0.0120817 -0.000335786 -1.32942e-09 -0.000335786 0.0104214 -2.59895e-07 -1.32942e-09 -2.59895e-07 1.03522e-06 
176
0
0
-0.000119463
0.0120817 -0.000335783 -1.32983e-09 -0.000335783 0.0104214 -2.59896e-07 -1.32983e-09 -2.59896e-07 1.03522e-06 
177
0
0
0.000656923
0.0120817 -0.000335793 -1.33562e-09 -0.000335793 0.0104214 -2.59896e-07 -1.33562e-09 -2.59896e-07 1.03522e-06 
178
0
0
0.000407348
0.0120817 -0.000335784 -1.33336e-09 -0.000335784 0.0104214 -2.59901e-07 -1.33336e-09 -2.59901e-07 1.03522e-06 
179
0
0
0.000440518
0.0120817 -0.000335785 -1.33608e-09 -0.000335785 0.0104214 -2.59903e-07 -1.33608e-09 -2.59903e-07 1.03522e-06 
180
0
0
-0.000842945
0.0120817 -0.000335785 -1.33721e-09 -0.000335785 0.0104214 -2.59905e-07 -1.33721e-09 -2.59905e-07 1.03522e-06 
181
0
0
0.000764758
0.0120817 -0.000335805 -1.34798e-09 -0.000335805 0.0104214 -2.59906e-07 -1.34798e-09 -2.59906e-07 1.03522e-06 
182
0
0
0.000732328
0.0120817 -0.000335787 -1.33724e-09 -0.000335787 0.0104214 -2.59906e-07 -1.33724e-09 -2.59906e-07 1.03522e-06 
183
0
0
0.000866105
0.0120817 -0.000335781 -1.33478e-09 -0.000335781 0.0104214 -2.59906e-07 -1.33478e-09 -2.59906e-07 1.03522e-06 
184
0
0
-0.00093237
0.0120817 -0.000335776 -1.33204e-09 -0.000335776 0.0104214 -2.59906e-07 -1.33204e-09 -2.59906e-07 1.03522e-06 
185
0
0
0.000201034
0.0120817 -0.000335803 -1.34607e-09 -0.000335803 0.0104214 -2.59906e-07 -1.34607e-09 -2.59906e-07 1.03522e-06 
186
0
0
-0.000392641
0.0120817 -0.000335795 -1.34219e-09 -0.000335795 0.0104214 -2.59906e-07 -1.34219e-09 -2.59906e-07 1.03522e-06 
187
0
0
-0.000610599
0.0120817 -0.000335802 -1.34582e-09 -0.000335802 0.0104214 -2.59894e-07 -1.34582e-09 -2.59894e-07 1.03522e-06 
188
0
0
-0.000563007
0.0120817 -0.000335808 -1.34859e-09 -0.000335808 0.0104214 -2.59887e-07 -1.34859e-09 -2.59887e-07 1.03522e-06 
189
0
0
-0.000206574
0.0120817 -0.000335809 -1.34821e-09 -0.000335809 0.0104214 -2.59884e-07 -1.34821e-09 -2.59884e-07 1.03522e-06 
190
0
0
0.000907251
0.0120817 -0.000335804 -1.34402e-09 -0.000335804 0.0104214 -2.59882e-07 -1.34402e-09 -2.59882e-07 1.03522e-06 
191
0
0
0.000250383
0.0120817 -0.000335784 -1.333e-09 -0.000335784 0.0104214 -2.5988e-07 -1.333e-09 -2.5988e-07 1.03522e-06 
192
0
0
-0.000241898
0.0120817 -0.000335787 -1.33615e-09 -0.000335787 0.0104214 -2.5988e-07 -1.33615e-09 -2.5988e-07 1.03522e-06 
193
0
0
0.000687879
0.0120817 -0.000335796 -1.3415e-09 -0.000335796 0.0104214 -2.59879e-07 -1.3415e-09 -2.59879e-07 1.03522e-06 
194
0
0
-0.000130032
0.0120817 -0.000335785 -1.34138e-09 -0.000335785 0.0104214 -2.59884e-07 -1.34138e-09 -2.59884e-07 1.03522e-06 
195
0
0
-0.000308131
0.0120817 -0.000335794 -1.35305e-09 -0.000335794 0.0104214 -2.59884e-07 -1.35305e-09 -2.59884e-07 1.03522e-06 
196
0
0
0.000392864
0.0120817 -0.0003358 -1.36135e-09 -0.0003358 0.0104214 -2.59885e-07 -1.36135e-09 -2.59885e-07 1.03522e-06 
197
0
0
0.00031004
0.0120817 -0.000335791 -1.35744e-09 -0.000335791 0.0104214 -2.59888e-07 -1.35744e-09 -2.59888e-07 1.03522e-06 
198
0
0
0.000227492
0.0120817 -0.000335789 -1.35767e-09 -0.000335789 0.0104214 -2.5989e-07 -1.35767e-09 -2.5989e-07 1.03522e-06 
199
0
0
0.000462668
0.0120817 -0.000335789 -1.3646e-09 -0.000335789 0.0104214 -2.59892e-07 -1.3646e-09 -2.59892e-07 1.03522e-06 
200
0
0
0.000805866
0.0120817 -0.000335786 -1.36544e-09 -0.000335786 0.0104214 -2.59895e-07 -1.36544e-09 -2.59895e-07 1.03522e-06 
201
0
0
0.000216046
0.0120817 -0.000335779 -1.35648e-09 -0.000335779 0.0104214 -2.59896e-07 -1.35648e-09 -2.59896e-07 1.03522e-06 
202
0
0
-0.000249225
0.0120817 -0.000335786 -1.35781e-09 -0.000335786 0.0104214 -2.599e-07 -1.35781e-09 -2.599e-07 1.03522e-06 
203
0
0
0.000667655
0.0120817 -0.000335796 -1.36564e-09 -0.000335796 0.0104214 -2.59899e-07 -1.36564e-09 -2.59899e-07 1.03522e-06 
204
0
0
0.000135391
0.0120817 -0.000335785 -1.36707e-09 -0.000335785 0.0104214 -2.59898e-07 -1.36707e-09 -2.59898e-07 1.03522e-06 
205
0
0
-0.00105712
0.0120817 -0.000335789 -1.37382e-09 -0.000335789 0.0104214 -2.599e-07 -1.37382e-09 -2.599e-07 1.03522e-06 
206
0
0
0.000314043
0.0120817 -0.00033581 -1.38331e-09 -0.00033581 0.0104214 -2.59902e-07 -1.38331e-09 -2.59902e-07 1.03522e-06 
207
0
0
0.00110008
0.0120817 -0.000335796 -1.37631e-09 -0.000335796 0.0104214 -2.59904e-07 -1.37631e-09 -2.59904e-07 1.03522e-06 
208
0
0
0.000393785
0.0120817 -0.000335778 -1.37173e-09 -0.000335778 0.0104214 -2.59907e-07 -1.37173e-09 -2.59907e-07 1.03522e-06 
209
0
0
-0.00169322
0.0120817 -0.000335783 -1.37671e-09 -0.000335783 0.0104214 -2.5991e-07 -1.37671e-09 -2.5991e-07 1.03522e-06 
210
0
0
0.00196734
0.0120817 -0.000335818 -1.38111e-09 -0.000335818 0.0104214 -2.59906e-07 -1.38111e-09 -2.59906e-07 1.03522e-06 
211
0
0
0.000915193
0.0120817 -0.000335773 -1.34345e-09 -0.000335773 0.0104214 -2.59901e-07 -1.34345e-09 -2.59901e-07 1.03522e-06 
212
0
0
-0.000240044
0.0120818 -0.000335772 -1.34221e-09 -0.000335772 0.0104214 -2.59895e-07 -1.34221e-09 -2.59895e-07 1.03522e-06 
213
0
0
-0.000221299
0.0120817 -0.000335791 -1.35553e-09 -0.000335791 0.0104214 -2.59894e-07 -1.35553e-09 -2.59894e-07 1.03522e-06 
214
0
0
0.000304651
0.0120817 -0.000335797 -1.35926e-09 -0.000335797 0.0104214 -2.59896e-07 -1.35926e-09 -2.59896e-07 1.03522e-06 
215
0
0
-0.000388306
0.0120817 -0.000335791 -1.3512e-09 -0.000335791 0.0104214 -2.599e-07 -1.3512e-09 -2.599e-07 1.03522e-06 
216
0
0
0.000722273
0.0120817 -0.0003358 -1.35124e-09 -0.0003358 0.0104214 -2.59899e-07 -1.35124e-09 -2.59899e-07 1.03522e-06 
217
0
0
0.00119879
0.0120817 -0.000335786 -1.34438e-09 -0.000335786 0.0104214 -2.59897e-07 -1.34438e-09 -2.59897e-07 1.03522e-06 
218
0
0
0.000231901
0.0120818 -0.000335773 -1.34398e-09 -0.000335773 0.0104214 -2.59895e-07 -1.34398e-09 -2.59895e-07 1.03522e-06 
219
0
0
-0.000346143
0.0120817 -0.000335783 -1.35275e-09 -0.000335783 0.0104214 -2.59895e-07 -1.35275e-09 -2.59895e-07 1.03522e-06 
220
0
0
-0.000949741
0.0120817 -0.000335796 -1.35697e-09 -0.000335796 0.0104214 -2.59897e-07 -1.35697e-09 -2.59897e-07 1.03522e-06 
221
0
0
0.000178799
0.0120817 -0.000335811 -1.3623e-09 -0.000335811 0.0104214 -2.59898e-07 -1.3623e-09 -2.59898e-07 1.03522e-06 
222
0
0
0.000523588
0.0120817 -0.000335799 -1.35641e-09 -0.000335799 0.0104214 -2.59898e-07 -1.35641e-09 -2.59898e-07 1.03522e-06 
223
0
0
0.000211243
0.0120817 -0.000335788 -1.35402e-09 -0.000335788 0.0104214 -2.59898e-07 -1.35402e-09 -2.59898e-07 1.03522e-06 
224
0
0
-0.00036771
0.0120817 -0.00033579 -1.3553e-09 -0.00033579 0.0104214 -2.59898e-07 -1.3553e-09 -2.59898e-07 1.03522e-06 
225
0
0
8.22097e-05
0.0120817 -0.000335799 -1.35837e-09 -0.000335799 0.0104214 -2.59898e-07 -1.35837e-09 -2.59898e-07 1.03522e-06 
226
0
0
0.000160018
0.0120817 -0.000335796 -1.33153e-09 -0.000335796 0.0104214 -2.59907e-07 -1.33153e-09 -2.59907e-07 1.03522e-06 
227
0
0
2.26425e-05
0.0120817 -0.000335793 -1.31494e-09 -0.000335793 0.0104214 -2.59913e-07 -1.31494e-09 -2.59913e-07 1.03522e-06 
228
0
0
-0.0019689
0.0120817 -0.000335794 -1.30665e-09 -0.000335794 0.0104214 -2.59917e-07 -1.30665e-09 -2.59917e-07 1.03522e-06 
229
0
0
-0.000353818
0.0120817 -0.000335826 -1.31633e-09 -0.000335826 0.0104214 -2.59921e-07 -1.31633e-09 -2.59921e-07 1.03522e-06 
230
0
0
0.000132979
0.0120817 -0.000335813 -1.30288e-09 -0.000335813 0.0104214 -2.59922e-07 -1.30288e-09 -2.59922e-07 1.03522e-06 
231
0
0
-0.000176539
0.0120817 -0.0003358 -1.29454e-09 -0.0003358 0.0104214 -2.59921e-07 -1.29454e-09 -2.59921e-07 1.03522e-06 
232
0
0
-0.000615314
0.0120817 -0.0003358 -1.29572e-09 -0.0003358 0.0104214 -2.59921e-07 -1.29572e-09 -2.59921e-07 1.03522e-06 
233
0
0
-7.32635e-05
0.0120817 -0.000335807 -1.29869e-09 -0.000335807 0.0104214 -2.5992e-07 -1.29869e-09 -2.5992e-07 1.03522e-06 
234
0
0
1.65216e-05
0.0120817 -0.000335801 -1.30575e-09 -0.000335801 0.0104214 -2.59931e-07 -1.30575e-09 -2.59931e-07 1.03522e-06 
235
0
0
-0.000806462
0.0120817 -0.000335798 -1.3122e-09 -0.000335798 0.0104214 -2.59939e-07 -1.3122e-09 -2.59939e-07 1.03522e-06 
236
0
0
-0.000413134
0.0120817 -0.000335809 -1.32482e-09 -0.000335809 0.0104214 -2.59943e-07 -1.32482e-09 -2.59943e-07 1.03522e-06 
237
0
0
-0.000198565
0.0120817 -0.000335807 -1.32772e-09 -0.000335807 0.0104214 -2.59945e-07 -1.32772e-09 -2.59945e-07 1.03522e-06 
238
0
0
0.000423486
0.0120817 -0.000335803 -1.32763e-09 -0.000335803 0.0104214 -2.59948e-07 -1.32763e-09 -2.59948e-07 1.03522e-06 
239
0
0
-0.000700578
0.0120817 -0.000335792 -1.32159e-09 -0.000335792 0.0104214 -2.5995e-07 -1.32159e-09 -2.5995e-07 1.03522e-06 
240
0
0
-2.45148e-05
0.0120817 -0.000335805 -1.33045e-09 -0.000335805 0.0104214 -2.59948e-07 -1.33045e-09 -2.59948e-07 1.03522e-06 
241
0
0
0.00063199
0.0120817 -0.0003358 -1.32759e-09 -0.0003358 0.0104214 -2.59947e-07 -1.32759e-09 -2.59947e-07 1.03522e-06 
242
0
0
0.000121776
0.0120817 -0.000335787 -1.32141e-09 -0.000335787 0.0104214 -2.59948e-07 -1.32141e-09 -2.59948e-07 1.03522e-06 
243
0
0
-0.000640147
0.0120817 -0.00033579 -1.32145e-09 -0.00033579 0.0104214 -2.5995e-07 -1.32145e-09 -2.5995e-07 1.03522e-06 
244
0
0
0.000748118
0.0120817 -0.000335804 -1.32669e-09 -0.000335804 0.0104214 -2.5995e-07 -1.32669e-09 -2.5995e-07 1.03522e-06 
245
0
0
0.00143172
0.0120817 -0.000335787 -1.31984e-09 -0.000335787 0.0104214 -2.59948e-07 -1.31984e-09 -2.59948e-07 1.03522e-06 
246
0
0
0.00041984
0.0120818 -0.00033577 -1.31582e-09 -0.00033577 0.0104214 -2.59947e-07 -1.31582e-09 -2.59947e-07 1.03522e-06 
247
0
0
-0.00106808
0.0120817 -0.000335779 -1.32144e-09 -0.000335779 0.0104214 -2.59948e-07 -1.32144e-09 -2.59948e-07 1.03522e-06 
248
0
0
-0.000262805
0.0120817 -0.000335806 -1.33045e-09 -0.000335806 0.0104214 -2.59948e-07 -1.33045e-09 -2.59948e-07 1.03522e-06 
249
0
0
-0.000755461
0.0120817 -0.000335804 -1.32538e-09 -0.000335804 0.0104214 -2.59946e-07 -1.32538e-09 -2.59946e-07 1.03522e-06 
250
0
0
-0.00061172
0.0120817 -0.000335811 -1.334e-09 -0.000335811 0.0104214 -2.59947e-07 -1.334e-09 -2.59947e-07 1.03522e-06 
251
0
0
-0.00157909
0.0120817 -0.000335811 -1.33818e-09 -0.000335811 0.0104214 -2.59948e-07 -1.33818e-09 -2.59948e-07 1.03522e-06 
252
0
0
0.000464098
0.0120817 -0.000335827 -1.34483e-09 -0.000335827 0.0104214 -2.59948e-07 -1.34483e-09 -2.59948e-07 1.03522e-06 
253
0
0
0.000425598
0.0120817 -0.0003358 -1.3243e-09 -0.0003358 0.0104214 -2.59948e-07 -1.3243e-09 -2.59948e-07 1.03522e-06 
254
0
0
0.000665699
0.0120817 -0.000335791 -1.31769e-09 -0.000335791 0.0104214 -2.59946e-07 -1.31769e-09 -2.59946e-07 1.03522e-06 
255
0
0
-0.000810816
0.0120817 -0.000335783 -1.31828e-09 -0.000335783 0.0104214 -2.59944e-07 -1.31828e-09 -2.59944e-07 1.03522e-06 
256
0
0
0.00111994
0.0120817 -0.000335804 -1.3332e-09 -0.000335804 0.0104214 -2.59943e-07 -1.3332e-09 -2.59943e-07 1.03522e-06 
257
0
0
0.00177052
0.0120817 -0.000335781 -1.31922e-09 -0.000335781 0.0104214 -2.59944e-07 -1.31922e-09 -2.59944e-07 1.03522e-06 
258
0
0
0.00111159
0.0120818 -0.000335762 -1.30537e-09 -0.000335762 0.0104214 -2.59946e-07 -1.30537e-09 -2.59946e-07 1.03522e-06 
259
0
0
0.000453335
0.0120818 -0.000335765 -1.30846e-09 -0.000335765 0.0104214 -2.59947e-07 -1.30846e-09 -2.59947e-07 1.03522e-06 
260
0
0
-0.000121543
0.0120817 -0.000335777 -1.31955e-09 -0.000335777 0.0104214 -2.5995e-07 -1.31955e-09 -2.5995e-07 1.03522e-06 
261
0
0
-0.000513276
0.0120817 -0.00033579 -1.32792e-09 -0.00033579 0.0104214 -2.59954e-07 -1.32792e-09 -2.59954e-07 1.03522e-06 
262
0
0
0.000233039
0.0120817 -0.000335802 -1.332e-09 -0.000335802 0.0104214 -2.59956e-07 -1.332e-09 -2.59956e-07 1.03522e-06 
263
0
0
0.00025201
0.0120817 -0.000335794 -1.32616e-09 -0.000335794 0.0104214 -2.59957e-07 -1.32616e-09 -2.59957e-07 1.03522e-06 
264
0
0
0.00047391
0.0120817 -0.000335791 -1.32654e-09 -0.000335791 0.0104214 -2.59955e-07 -1.32654e-09 -2.59955e-07 1.03522e-06 
265
0
0
-0.000527657
0.0120817 -0.000335786 -1.32724e-09 -0.000335786 0.0104214 -2.59955e-07 -1.32724e-09 -2.59955e-07 1.03522e-06 
266
0
0
-0.000517979
0.0120817 -0.000335801 -1.33698e-09 -0.000335801 0.0104214 -2.59952e-07 -1.33698e-09 -2.59952e-07 1.03522e-06 
267
0
0
0.00111832
0.0120817 -0.000335806 -1.33632e-09 -0.000335806 0.0104214 -2.59949e-07 -1.33632e-09 -2.59949e-07 1.03522e-06 
268
0
0
0.000487723
0.0120817 -0.000335782 -1.32223e-09 -0.000335782 0.0104214 -2.59946e-07 -1.32223e-09 -2.59946e-07 1.03522e-06 
269
0
0
-0.000116063
0.0120817 -0.000335783 -1.32696e-09 -0.000335783 0.0104214 -2.59944e-07 -1.32696e-09 -2.59944e-07 1.03522e-06 
270
0
0
-0.000424946
0.0120817 -0.000335793 -1.33595e-09 -0.000335793 0.0104214 -2.59945e-07 -1.33595e-09 -2.59945e-07 1.03522e-06 
271
0
0
0.000998772
0.0120817 -0.000335801 -1.33967e-09 -0.000335801 0.0104214 -2.59946e-07 -1.33967e-09 -2.59946e-07 1.03522e-06 
272
0
0
0.000946351
0.0120817 -0.000335782 -1.32525e-09 -0.000335782 0.0104214 -2.59947e-07 -1.32525e-09 -2.59947e-07 1.03522e-06 
273
0
0
-0.00019739
0.0120817 -0.000335775 -1.3217e-09 -0.000335775 0.0104214 -2.59945e-07 -1.3217e-09 -2.59945e-07 1.03522e-06 
274
0
0
0.000209669
0.0120817 -0.000335791 -1.33622e-09 -0.000335791 0.0104214 -2.59947e-07 -1.33622e-09 -2.59947e-07 1.03522e-06 
275
0
0
4.96457e-05
0.0120817 -0.000335791 -1.33949e-09 -0.000335791 0.0104214 -2.59951e-07 -1.33949e-09 -2.59951e-07 1.03522e-06 
276
0
0
0.0001145
0.0120817 -0.000335793 -1.33931e-09 -0.000335793 0.0104214 -2.59955e-07 -1.33931e-09 -2.59955e-07 1.03522e-06 
277
0
0
0.000311565
0.0120817 -0.000335793 -1.33636e-09 -0.000335793 0.0104214 -2.59956e-07 -1.33636e-09 -2.59956e-07 1.03522e-06 
278
0
0
-0.000170393
0.0120817 -0.00033579 -1.33521e-09 -0.00033579 0.0104214 -2.59954e-07 -1.33521e-09 -2.59954e-07 1.03522e-06 
279
0
0
0.000259182
0.0120817 -0.000335796 -1.34192e-09 -0.000335796 0.0104214 -2.59953e-07 -1.34192e-09 -2.59953e-07 1.03522e-06 
280
0
0
0.000587459
0.0120817 -0.000335792 -1.34016e-09 -0.000335792 0.0104214 -2.59952e-07 -1.34016e-09 -2.59952e-07 1.03522e-06 
281
0
0
0.000302236
0.0120817 -0.000335785 -1.33394e-09 -0.000335785 0.0104214 -2.59952e-07 -1.33394e-09 -2.59952e-07 1.03522e-06 
282
0
0
5.1902e-05
0.0120817 -0.000335787 -1.3344e-09 -0.000335787 0.0104214 -2.59952e-07 -1.3344e-09 -2.59952e-07 1.03522e-06 
283
0
0
-0.00051499
0.0120817 -0.000335791 -1.33887e-09 -0.000335791 0.0104214 -2.59952e-07 -1.33887e-09 -2.59952e-07 1.03522e-06 
284
0
0
8.08819e-06
0.0120817 -0.000335802 -1.34539e-09 -0.000335802 0.0104214 -2.59952e-07 -1.34539e-09 -2.59952e-07 1.03522e-06 
285
0
0
0.000508753
0.0120817 -0.000335798 -1.34232e-09 -0.000335798 0.0104214 -2.59952e-07 -1.34232e-09 -2.59952e-07 1.03522e-06 
286
0
0
-3.67265e-05
0.0120817 -0.000335788 -1.33503e-09 -0.000335788 0.0104214 -2.59952e-07 -1.33503e-09 -2.59952e-07 1.03522e-06 
287
0
0
-0.000486832
0.0120817 -0.000335794 -1.33714e-09 -0.000335794 0.0104214 -2.59951e-07 -1.33714e-09 -2.59951e-07 1.03522e-06 
288
0
0
0.000310265
0.0120817 -0.000335803 -1.34297e-09 -0.000335803 0.0104214 -2.59951e-07 -1.34297e-09 -2.59951e-07 1.03522e-06 
289
0
0
0.000183235
0.0120817 -0.000335793 -1.34e-09 -0.000335793 0.0104214 -2.59952e-07 -1.34e-09 -2.59952e-07 1.03522e-06 
290
0
0
0.000995438
0.0120817 -0.000335792 -1.34229e-09 -0.000335792 0.0104214 -2.59952e-07 -1.34229e-09 -2.59952e-07 1.03522e-06 
291
0
0
0.00165779
0.0120817 -0.000335778 -1.3359e-09 -0.000335778 0.0104214 -2.5995e-07 -1.3359e-09 -2.5995e-07 1.03522e-06 
292
0
0
0.000422294
0.0120818 -0.000335763 -1.32934e-09 -0.000335763 0.0104214 -2.59949e-07 -1.32934e-09 -2.59949e-07 1.03522e-06 
293
0
0
-0.0007937
0.0120817 -0.000335776 -1.34054e-09 -0.000335776 0.0104214 -2.59948e-07 -1.34054e-09 -2.59948e-07 1.03522e-06 
294
0
0
0.000315149
0.0120817 -0.000335801 -1.35529e-09 -0.000335801 0.0104214 -2.59949e-07 -1.35529e-09 -2.59949e-07 1.03522e-06 
295
0
0
0.000123014
0.0120817 -0.000335793 -1.34904e-09 -0.000335793 0.0104214 -2.5995e-07 -1.34904e-09 -2.5995e-07 1.03522e-06 
296
0
0
0.0001628
0.0120817 -0.000335793 -1.34715e-09 -0.000335793 0.0104214 -2.5995e-07 -1.34715e-09 -2.5995e-07 1.03522e-06 
297
0
0
-0.00064767
0.0120817 -0.000335792 -1.34778e-09 -0.000335792 0.0104214 -2.59949e-07 -1.34778e-09 -2.59949e-07 1.03522e-06 
298
0
0
-0.000610927
0.0120817 -0.000335804 -1.34776e-09 -0.000335804 0.0104214 -2.59949e-07 -1.34776e-09 -2.59949e-07 1.03522e-06 
299
0
0
0.000104646
0.0120817 -0.000335809 -1.34385e-09 -0.000335809 0.0104214 -2.5995e-07 -1.34385e-09 -2.5995e-07 1.03522e-06 
300
0
0
0.00071257
0.0120817 -0.000335799 -1.33302e-09 -0.000335799 0.0104214 -2.59951e-07 -1.33302e-09 -2.59951e-07 1.03522e-06 
301
0
0
-0.000320872
0.0120817 -0.000335786 -1.32295e-09 -0.000335786 0.0104214 -2.59952e-07 -1.32295e-09 -2.59952e-07 1.03522e-06 
302
0
0
0.000347405
0.0120817 -0.000335797 -1.32905e-09 -0.000335797 0.0104214 -2.59951e-07 -1.32905e-09 -2.59951e-07 1.03522e-06 
303
0
0
-3.66084e-05
0.0120817 -0.000335791 -1.3271e-09 -0.000335791 0.0104214 -2.59952e-07 -1.3271e-09 -2.59952e-07 1.03522e-06 
304
0
0
0.00102996
0.0120817 -0.000335794 -1.32972e-09 -0.000335794 0.0104214 -2.59952e-07 -1.32972e-09 -2.59952e-07 1.03522e-06 
305
0
0
0.000776956
0.0120817 -0.000335779 -1.31962e-09 -0.000335779 0.0104214 -2.59954e-07 -1.31962e-09 -2.59954e-07 1.03522e-06 
306
0
0
0.000310773
0.0120817 -0.000335777 -1.30753e-09 -0.000335777 0.0104214 -2.5995e-07 -1.30753e-09 -2.5995e-07 1.03522e-06 
307
0
0
