0
0
0
-0.000706333
0.00800061 -2.68385e-11 1.2769e-14 -2.68385e-11 0.00900061 -9.84301e-12 1.2769e-14 -9.84301e-12 1.24978e-06 
1
0
0
0.000265454
0.0150026 1.73764e-08 -1.56067e-11 1.73764e-08 0.0170026 -6.44479e-09 -1.56067e-11 -6.44479e-09 1.03722e-06 
2
0
0
0.000458655
0.0220062 3.28221e-09 -3.20084e-11 3.28221e-09 0.0250061 -1.73336e-08 -3.20084e-11 -1.73336e-08 1.03685e-06 
3
0
0
0.000176763
0.0290117 -3.29069e-08 -4.58939e-11 -3.29069e-08 0.0330113 -3.11466e-08 -4.58939e-11 -3.11466e-08 1.03711e-06 
4
0
0
-1.0679e-05
0.036019 -5.3764e-08 -5.88874e-11 -5.3764e-08 0.0410185 -4.77371e-08 -5.88874e-11 -4.77371e-08 1.03672e-06 
5
0
0
-0.00124332
0.043028 -5.73926e-08 -6.57519e-11 -5.73926e-08 0.0490275 -6.68848e-08 -6.57519e-11 -6.68848e-08 1.03632e-06 
6
0
0
0.000433024
0.0500387 1.22035e-07 -8.16898e-11 1.22035e-07 0.0570384 -8.82426e-08 -8.16898e-11 -8.82426e-08 1.03601e-06 
7
0
-0.0534637
0.000810445
0.0570507 3.68391e-08 -4.18414e-11 3.68391e-08 0.0650513 -1.11424e-07 -4.18414e-11 -1.11424e-07 1.03577e-06 
8
0
-0.0684604
0.000889867
0.0640641 -1.37228e-07 1.86698e-12 -1.37228e-07 0.0730661 -1.36046e-07 1.86698e-12 -1.36046e-07 1.03559e-06 
9
0
-0.0848056
-0.000402523
0.0710785 -3.52108e-07 5.23799e-11 -3.52108e-07 0.0810826 -1.61743e-07 5.23799e-11 -1.61743e-07 1.03545e-06 
10
0
-0.10329
0.000557815
0.0780938 -2.68646e-07 7.73783e-11 -2.68646e-07 0.0891008 -1.8818e-07 7.73783e-11 -1.8818e-07 1.03535e-06 
11
0
-0.122778
-0.000313897
0.0851099 -4.41969e-07 1.65668e-10 -4.41969e-07 0.0971206 -2.1505e-07 1.65668e-10 -2.1505e-07 1.03528e-06 
12
0
-0.143959
-9.33668e-05
0.0921267 -3.69989e-07 2.23529e-10 -3.69989e-07 0.105142 -2.42086e-07 2.23529e-10 -2.42086e-07 1.03523e-06 
13
0
-0.16633
0.000499961
0.099144 -3.64232e-07 3.15286e-10 -3.64232e-07 0.113165 -2.69051e-07 3.15286e-10 -2.69051e-07 1.03519e-06 
14
0
-0.189484
2.83441e-05
0.106162 -5.66355e-07 4.3575e-10 -5.66355e-07 0.121188 -2.95742e-07 4.3575e-10 -2.95742e-07 1.03517e-06 
15
0
-0.214007
0.000143611
0.11318 -6.05923e-07 5.33082e-10 -6.05923e-07 0.129214 -3.21989e-07 5.33082e-10 -3.21989e-07 1.03515e-06 
16
0
-0.239217
-0.000457152
0.120198 -6.9431e-07 6.52566e-10 -6.9431e-07 0.13724 -3.47653e-07 6.52566e-10 -3.47653e-07 1.03515e-06 
17
0
-0.26542
-0.000251566
0.127217 -5.3203e-07 7.53323e-10 -5.3203e-07 0.145267 -3.72622e-07 7.53323e-10 -3.72622e-07 1.03514e-06 
18
0
-0.29243
-0.000104455
0.134236 -4.52541e-07 8.84101e-10 -4.52541e-07 0.153294 -3.96808e-07 8.84101e-10 -3.96808e-07 1.03514e-06 
19
0
-0.320512
0.00134
0.141255 -4.38208e-07 1.02412e-09 -4.38208e-07 0.161323 -4.20145e-07 1.02412e-09 -4.20145e-07 1.03514e-06 
20
0
-0.347781
-0.000977
0.148274 -1.14738e-06 1.22888e-09 -1.14738e-06 0.169352 -4.42585e-07 1.22888e-09 -4.42585e-07 1.03515e-06 
21
0
-0.376897
-6.57779e-05
0.155293 -6.70405e-07 1.28929e-09 -6.70405e-07 0.177382 -4.641e-07 1.28929e-09 -4.641e-07 1.03515e-06 
22
0
-0.406224
0.000126012
0.162313 -6.73004e-07 1.4562e-09 -6.73004e-07 0.185412 -4.84671e-07 1.4562e-09 -4.84671e-07 1.03515e-06 
23
0
-0.435901
-0.000274867
0.169332 -7.85629e-07 1.61889e-09 -7.85629e-07 0.193443 -5.0429e-07 1.61889e-09 -5.0429e-07 1.03516e-06 
24
0
-0.465755
1.81044e-05
0.176352 -6.60577e-07 1.75652e-09 -6.60577e-07 0.201475 -5.22967e-07 1.75652e-09 -5.22967e-07 1.03517e-06 
25
0
-0.496353
0.000661521
0.183371 -7.13327e-07 1.91967e-09 -7.13327e-07 0.209506 -5.40708e-07 1.91967e-09 -5.40708e-07 1.03517e-06 
26
0
-0.526636
-0.000298752
0.190391 -1.18766e-06 2.11049e-09 -1.18766e-06 0.217538 -5.57534e-07 2.11049e-09 -5.57534e-07 1.03518e-06 
27
0
-0.55766
0.000146772
0.197411 -1.02753e-06 2.23278e-09 -1.02753e-06 0.22557 -5.73468e-07 2.23278e-09 -5.73468e-07 1.03518e-06 
28
0
-0.588226
-0.000233478
0.20443 -1.17404e-06 2.40524e-09 -1.17404e-06 0.233603 -5.88534e-07 2.40524e-09 -5.88534e-07 1.03519e-06 
29
0
-0.61961
-0.000181134
0.21145 -1.04736e-06 2.54779e-09 -1.04736e-06 0.241636 -6.02767e-07 2.54779e-09 -6.02767e-07 1.03519e-06 
30
0
-0.650918
-0.00086539
0.21847 -9.54674e-07 2.7057e-09 -9.54674e-07 0.249669 -6.16192e-07 2.7057e-09 -6.16192e-07 1.03519e-06 
31
0
-0.683458
0.00127093
0.22549 -3.23984e-07 2.82836e-09 -3.23984e-07 0.257702 -6.28846e-07 2.82836e-09 -6.28846e-07 1.0352e-06 
32
0
-0.714486
-4.66171e-06
0.23251 -1.39224e-06 3.08771e-09 -1.39224e-06 0.265735 -6.40762e-07 3.08771e-09 -6.40762e-07 1.0352e-06 
33
0
-0.745613
-0.0010197
0.23953 -1.43337e-06 3.21194e-09 -1.43337e-06 0.273769 -6.51976e-07 3.21194e-09 -6.51976e-07 1.0352e-06 
34
0
-0.777833
-0.000503904
0.24655 -6.05709e-07 3.3105e-09 -6.05709e-07 0.281802 -6.62519e-07 3.3105e-09 -6.62519e-07 1.03521e-06 
35
0
-0.810011
-0.000580515
0.253569 -2.07028e-07 3.47704e-09 -2.07028e-07 0.289836 -6.72422e-07 3.47704e-09 -6.72422e-07 1.03521e-06 
36
0
-0.842461
-8.74354e-05
0.260589 2.73714e-07 3.62991e-09 2.73714e-07 0.29787 -6.81721e-07 3.62991e-09 -6.81721e-07 1.03521e-06 
37
0
-0.874382
0.000387372
0.267609 3.09413e-07 3.81082e-09 3.09413e-07 0.305903 -6.90446e-07 3.81082e-09 -6.90446e-07 1.03521e-06 
38
0
-0.906154
1.18072e-05
0.274629 -1.0743e-07 3.99955e-09 -1.0743e-07 0.313937 -6.98629e-07 3.99955e-09 -6.98629e-07 1.03521e-06 
39
0
-0.938982
0.00108892
0.281649 -1.6516e-07 4.14871e-09 -1.6516e-07 0.321971 -7.06301e-07 4.14871e-09 -7.06301e-07 1.03522e-06 
40
0
-0.970506
1.47119e-05
0.288669 -1.30922e-06 4.36875e-09 -1.30922e-06 0.330005 -7.1349e-07 4.36875e-09 -7.1349e-07 1.03522e-06 
41
0
-1.00322
0.00143955
0.295689 -1.37085e-06 4.49204e-09 -1.37085e-06 0.33804 -7.20223e-07 4.49204e-09 -7.20223e-07 1.03522e-06 
42
0
-1.03453
0.000145533
0.302709 -2.94166e-06 4.72517e-09 -2.94166e-06 0.346074 -7.26528e-07 4.72517e-09 -7.26528e-07 1.03522e-06 
43
0
-1.06631
-0.000519446
0.309729 -3.14614e-06 4.84069e-09 -3.14614e-06 0.354108 -7.3243e-07 4.84069e-09 -7.3243e-07 1.03522e-06 
44
0
-1.09906
-2.86919e-05
0.316749 -2.6166e-06 4.95406e-09 -2.6166e-06 0.362142 -7.37949e-07 4.95406e-09 -7.37949e-07 1.03522e-06 
45
0
-1.13234
0.000268169
0.323769 -2.63092e-06 5.12537e-09 -2.63092e-06 0.370177 -7.43111e-07 5.12537e-09 -7.43111e-07 1.03522e-06 
46
0
-1.16445
-0.000436304
0.330789 -2.98901e-06 5.30457e-09 -2.98901e-06 0.378211 -7.4794e-07 5.30457e-09 -7.4794e-07 1.03522e-06 
47
0
-1.19802
0.000540536
0.337809 -2.51874e-06 5.42849e-09 -2.51874e-06 0.386245 -7.52455e-07 5.42849e-09 -7.52455e-07 1.03522e-06 
48
0
-1.23044
0.000435365
0.344829 -3.22038e-06 5.63227e-09 -3.22038e-06 0.39428 -7.56676e-07 5.63227e-09 -7.56676e-07 1.03522e-06 
49
0
-1.26236
-0.000499293
0.351849 -3.80576e-06 5.79818e-09 -3.80576e-06 0.402314 -7.60619e-07 5.79818e-09 -7.60619e-07 1.03522e-06 
50
0
-1.29473
8.90481e-05
0.358869 -3.22299e-06 5.90711e-09 -3.22299e-06 0.410349 -7.64304e-07 5.90711e-09 -7.64304e-07 1.03522e-06 
51
0
-1.32692
0.000259364
0.365889 -3.38483e-06 6.07981e-09 -3.38483e-06 0.418383 -7.67746e-07 6.07981e-09 -7.67746e-07 1.03522e-06 
52
0
-1.35992
0.000471794
0.372909 -3.77249e-06 6.24753e-09 -3.77249e-06 0.426418 -7.70962e-07 6.24753e-09 -7.70962e-07 1.03522e-06 
53
0
-1.39196
8.84356e-07
0.379929 -4.45094e-06 6.42212e-09 -4.45094e-06 0.434452 -7.73966e-07 6.42212e-09 -7.73966e-07 1.03522e-06 
54
0
-1.42512
0.000591899
0.386949 -4.49949e-06 6.55814e-09 -4.49949e-06 0.442487 -7.7677e-07 6.55814e-09 -7.7677e-07 1.03522e-06 
55
0
-1.45735
-0.000114167
0.393969 -5.36873e-06 6.74474e-09 -5.36873e-06 0.450521 -7.79388e-07 6.74474e-09 -7.79388e-07 1.03522e-06 
56
0
-1.48947
-0.000832975
0.400989 -5.25473e-06 6.87124e-09 -5.25473e-06 0.458556 -7.8183e-07 6.87124e-09 -7.8183e-07 1.03522e-06 
57
0
-1.52238
-5.34129e-05
0.408009 -4.10335e-06 6.97573e-09 -4.10335e-06 0.46659 -7.84111e-07 6.97573e-09 -7.84111e-07 1.03523e-06 
58
0
-1.55509
0.000380362
0.415029 -4.0726e-06 7.15401e-09 -4.0726e-06 0.474625 -7.86239e-07 7.15401e-09 -7.86239e-07 1.03523e-06 
59
0
-1.58752
0.000310754
0.422049 -4.68681e-06 7.33605e-09 -4.68681e-06 0.482659 -7.88224e-07 7.33605e-09 -7.88224e-07 1.03523e-06 
60
0
-1.62015
0.000687472
0.429069 -5.20521e-06 7.49512e-09 -5.20521e-06 0.490694 -7.90077e-07 7.49512e-09 -7.90077e-07 1.03523e-06 
61
0
-1.65204
-0.000512455
0.436089 -6.3119e-06 7.67502e-09 -6.3119e-06 0.498728 -7.91809e-07 7.67502e-09 -7.91809e-07 1.03523e-06 
62
0
-1.68533
8.49705e-06
0.443109 -5.55693e-06 7.77113e-09 -5.55693e-06 0.506763 -7.93422e-07 7.77113e-09 -7.93422e-07 1.03523e-06 
63
0
-1.71883
0.000949739
0.450129 -5.61805e-06 7.93841e-09 -5.61805e-06 0.514798 -7.94926e-07 7.93841e-09 -7.94926e-07 1.03523e-06 
64
0
-1.75077
0.000131406
0.457149 -7.20115e-06 8.15033e-09 -7.20115e-06 0.522832 -7.96329e-07 8.15033e-09 -7.96329e-07 1.03523e-06 
65
0
-1.78314
-0.000422291
0.464169 -7.46454e-06 8.27705e-09 -7.46454e-06 0.530867 -7.97638e-07 8.27705e-09 -7.97638e-07 1.03523e-06 
66
0
-1.81629
3.99626e-06
0.471189 -6.80801e-06 8.39347e-09 -6.80801e-06 0.538901 -7.98862e-07 8.39347e-09 -7.98862e-07 1.03523e-06 
67
0
-1.84891
-1.7979e-05
0.478209 -6.86244e-06 8.55883e-09 -6.86244e-06 0.546936 -8e-07 8.55883e-09 -8e-07 1.03523e-06 
68
0
-1.88091
-0.000422593
0.485229 -6.87921e-06 8.71136e-09 -6.87921e-06 0.554971 -8.01063e-07 8.71136e-09 -8.01063e-07 1.03523e-06 
69
0
-1.91463
0.000873642
0.492249 -6.19007e-06 8.83698e-09 -6.19007e-06 0.563005 -8.02054e-07 8.83698e-09 -8.02054e-07 1.03523e-06 
70
0
-1.94724
0.000529291
0.499269 -7.7832e-06 9.05594e-09 -7.7832e-06 0.57104 -8.02977e-07 9.05594e-09 -8.02977e-07 1.03523e-06 
71
0
-1.97957
5.67726e-06
0.506289 -8.7806e-06 9.21193e-09 -8.7806e-06 0.579075 -8.03837e-07 9.21193e-09 -8.03837e-07 1.03523e-06 
72
0
-2.01219
7.75545e-05
0.513309 -8.83864e-06 9.34018e-09 -8.83864e-06 0.587109 -8.04639e-07 9.34018e-09 -8.04639e-07 1.03523e-06 
73
0
-2.04489
-2.12444e-05
0.520329 -9.02946e-06 9.49081e-09 -9.02946e-06 0.595144 -8.05389e-07 9.49081e-09 -8.05389e-07 1.03523e-06 
74
0
-2.07746
-0.000197261
0.527349 -9.03747e-06 9.63686e-09 -9.03747e-06 0.603178 -8.06088e-07 9.63686e-09 -8.06088e-07 1.03523e-06 
75
0
-2.10961
-0.000697784
0.534369 -8.71127e-06 9.77574e-09 -8.71127e-06 0.611213 -8.06738e-07 9.77574e-09 -8.06738e-07 1.03523e-06 
76
0
-2.14325
0.00063386
0.541389 -7.41849e-06 9.89058e-09 -7.41849e-06 0.619248 -8.07343e-07 9.89058e-09 -8.07343e-07 1.03523e-06 
77
0
-2.17571
0.000303585
0.548409 -8.7001e-06 1.01048e-08 -8.7001e-06 0.627282 -8.07908e-07 1.01048e-08 -8.07908e-07 1.03523e-06 
78
0
-2.20841
0.00019871
0.555429 -9.3465e-06 1.02562e-08 -9.3465e-06 0.635317 -8.08436e-07 1.02562e-08 -8.08436e-07 1.03523e-06 
79
0
-2.24109
-2.30647e-05
0.562449 -9.79116e-06 1.04055e-08 -9.79116e-06 0.643352 -8.0893e-07 1.04055e-08 -8.0893e-07 1.03523e-06 
80
0
-2.27416
0.00061815
0.569469 -9.7923e-06 1.05458e-08 -9.7923e-06 0.651386 -8.09389e-07 1.05458e-08 -8.09389e-07 1.03523e-06 
81
0
-2.30651
0.000151742
0.576489 -1.11061e-05 1.07322e-08 -1.11061e-05 0.659421 -8.09819e-07 1.07322e-08 -8.09819e-07 1.03523e-06 
82
0
-2.34026
0.000894343
0.583509 -1.14685e-05 1.08697e-08 -1.14685e-05 0.667456 -8.10217e-07 1.08697e-08 -8.10217e-07 1.03523e-06 
83
0
-2.37247
0.000684222
0.590529 -1.33933e-05 1.10663e-08 -1.33933e-05 0.67549 -8.10589e-07 1.10663e-08 -8.10589e-07 1.03523e-06 
84
0
-2.40502
0.00051981
0.597549 -1.48944e-05 1.12232e-08 -1.48944e-05 0.683525 -8.10936e-07 1.12232e-08 -8.10936e-07 1.03523e-06 
85
0
-2.43776
0.000706197
0.604569 -1.60596e-05 1.13735e-08 -1.60596e-05 0.69156 -8.11256e-07 1.13735e-08 -8.11256e-07 1.03523e-06 
86
0
-2.46966
4.33043e-05
0.611589 -1.76433e-05 1.15407e-08 -1.76433e-05 0.699594 -8.1156e-07 1.15407e-08 -8.1156e-07 1.03523e-06 
87
0
-2.50237
0.000533636
0.618609 -1.77864e-05 1.16613e-08 -1.77864e-05 0.707629 -8.11842e-07 1.16613e-08 -8.11842e-07 1.03523e-06 
88
0
-2.53474
-0.000250286
0.625629 -1.90219e-05 1.1833e-08 -1.90219e-05 0.715664 -8.12103e-07 1.1833e-08 -8.12103e-07 1.03523e-06 
89
0
-2.5676
-0.000279222
0.632649 -1.85065e-05 1.19465e-08 -1.85065e-05 0.723698 -8.12348e-07 1.19465e-08 -8.12348e-07 1.03523e-06 
90
0
-2.60003
-4.2797e-05
0.639669 -1.79188e-05 1.20834e-08 -1.79188e-05 0.731733 -8.12576e-07 1.20834e-08 -8.12576e-07 1.03523e-06 
91
0
-2.63305
0.000417668
0.646689 -1.78682e-05 1.22375e-08 -1.78682e-05 0.739768 -8.1279e-07 1.22375e-08 -8.1279e-07 1.03523e-06 
92
0
-2.66557
0.000213657
0.653709 -1.88881e-05 1.24137e-08 -1.88881e-05 0.747802 -8.12991e-07 1.24137e-08 -8.12991e-07 1.03523e-06 
93
0
-2.69741
-0.00076468
0.660729 -1.94386e-05 1.25604e-08 -1.94386e-05 0.755837 -8.13176e-07 1.25604e-08 -8.13176e-07 1.03523e-06 
94
0
-2.73053
-0.000853321
0.667749 -1.76683e-05 1.26518e-08 -1.76683e-05 0.763872 -8.13352e-07 1.26518e-08 -8.13352e-07 1.03523e-06 
95
0
-2.76359
3.65797e-05
0.674769 -1.56657e-05 1.27755e-08 -1.56657e-05 0.771906 -8.13516e-07 1.27755e-08 -8.13516e-07 1.03523e-06 
96
0
-2.79626
-0.000131816
0.681789 -1.58025e-05 1.29599e-08 -1.58025e-05 0.779941 -8.13668e-07 1.29599e-08 -8.13668e-07 1.03523e-06 
97
0
-2.8289
-0.000121794
0.688809 -1.5527e-05 1.31061e-08 -1.5527e-05 0.787976 -8.1381e-07 1.31061e-08 -8.1381e-07 1.03523e-06 
98
0
-2.86174
0.000347234
0.695829 -1.5273e-05 1.32536e-08 -1.5273e-05 0.79601 -8.13943e-07 1.32536e-08 -8.13943e-07 1.03523e-06 
99
0
-2.89375
0.000241312
0.702849 -1.61907e-05 1.34287e-08 -1.61907e-05 0.804045 -8.14066e-07 1.34287e-08 -8.14066e-07 1.03523e-06 
100
0
-2.92617
-4.57781e-05
0.709869 -1.68491e-05 1.35793e-08 -1.68491e-05 0.81208 -8.14181e-07 1.35793e-08 -8.14181e-07 1.03523e-06 
101
0
-2.95841
-0.000674274
0.716889 -1.67801e-05 1.37152e-08 -1.67801e-05 0.820114 -8.14289e-07 1.37152e-08 -8.14289e-07 1.03523e-06 
102
0
-2.99189
0.000520572
0.723909 -1.50881e-05 1.3824e-08 -1.50881e-05 0.828149 -8.1439e-07 1.3824e-08 -8.1439e-07 1.03523e-06 
103
0
-3.02397
3.93364e-05
0.730929 -1.64927e-05 1.40285e-08 -1.64927e-05 0.836184 -8.14485e-07 1.40285e-08 -8.14485e-07 1.03523e-06 
104
0
-3.05621
-0.000826249
0.737949 -1.66442e-05 1.41658e-08 -1.66442e-05 0.844218 -8.14572e-07 1.41658e-08 -8.14572e-07 1.03523e-06 
105
0
-3.08874
-0.000497888
0.744969 -1.4497e-05 1.42628e-08 -1.4497e-05 0.852253 -8.14656e-07 1.42628e-08 -8.14656e-07 1.03523e-06 
106
0
-3.12215
3.4168e-05
0.751989 -1.32097e-05 1.44099e-08 -1.32097e-05 0.860288 -8.14733e-07 1.44099e-08 -8.14733e-07 1.03523e-06 
107
0
-3.15425
3.11466e-05
0.759009 -1.33502e-05 1.45861e-08 -1.33502e-05 0.868322 -8.14807e-07 1.45861e-08 -8.14807e-07 1.03523e-06 
108
0
-3.18692
7.27188e-05
0.766029 -1.34833e-05 1.47396e-08 -1.34833e-05 0.876357 -8.14875e-07 1.47396e-08 -8.14875e-07 1.03523e-06 
109
0
-3.21956
0.000464469
0.773049 -1.37319e-05 1.4894e-08 -1.37319e-05 0.884392 -8.1494e-07 1.4894e-08 -8.1494e-07 1.03523e-06 
110
0
-3.25187
0.000738863
0.780069 -1.50728e-05 1.50692e-08 -1.50728e-05 0.892426 -8.15e-07 1.50692e-08 -8.15e-07 1.03523e-06 
111
0
-3.28458
0.000936417
0.787089 -1.71963e-05 1.52455e-08 -1.71963e-05 0.900461 -8.15057e-07 1.52455e-08 -8.15057e-07 1.03523e-06 
112
0
-3.31619
-0.000331405
0.794109 -1.98984e-05 1.5423e-08 -1.98984e-05 0.908496 -8.15109e-07 1.5423e-08 -8.15109e-07 1.03523e-06 
113
0
-3.34969
0.000223333
0.801129 -1.89987e-05 1.55147e-08 -1.89987e-05 0.91653 -8.15162e-07 1.55147e-08 -8.15162e-07 1.03523e-06 
114
0
-3.38261
0.000264456
0.808149 -1.96911e-05 1.56844e-08 -1.96911e-05 0.924565 -8.15209e-07 1.56844e-08 -8.15209e-07 1.03523e-06 
115
0
-3.41542
0.000437278
0.815169 -2.05089e-05 1.58442e-08 -2.05089e-05 0.9326 -8.15254e-07 1.58442e-08 -8.15254e-07 1.03523e-06 
116
0
-3.44811
0.000798678
0.822189 -2.18407e-05 1.60099e-08 -2.18407e-05 0.940634 -8.15296e-07 1.60099e-08 -8.15296e-07 1.03523e-06 
117
0
-3.48003
-2.70185e-05
0.829209 -2.42538e-05 1.61893e-08 -2.42538e-05 0.948669 -8.15336e-07 1.61893e-08 -8.15336e-07 1.03523e-06 
118
0
-3.51344
0.000702886
0.836229 -2.42212e-05 1.6305e-08 -2.42212e-05 0.956704 -8.15374e-07 1.6305e-08 -8.15374e-07 1.03523e-06 
119
0
-3.54581
-1.18451e-05
0.843249 -2.63864e-05 1.64922e-08 -2.63864e-05 0.964738 -8.1541e-07 1.64922e-08 -8.1541e-07 1.03523e-06 
120
0
-3.57929
0.00050927
0.850269 -2.63985e-05 1.66156e-08 -2.63985e-05 0.972773 -8.15443e-07 1.66156e-08 -8.15443e-07 1.03523e-06 
121
0
-3.61215
0.000755409
0.857289 -2.80064e-05 1.67924e-08 -2.80064e-05 0.980808 -8.15475e-07 1.67924e-08 -8.15475e-07 1.03523e-06 
122
0
-3.64483
0.00137032
0.864309 -3.03872e-05 1.69678e-08 -3.03872e-05 0.988842 -8.15505e-07 1.69678e-08 -8.15505e-07 1.03523e-06 
123
0
-3.67682
0.00114994
0.871329 -3.47016e-05 1.71667e-08 -3.47016e-05 0.996877 -8.15531e-07 1.71667e-08 -8.15531e-07 1.03523e-06 
124
0
-3.70953
0.000753115
0.878349 -3.83591e-05 1.73276e-08 -3.83591e-05 1.00491 -8.15558e-07 1.73276e-08 -8.15558e-07 1.03523e-06 
125
0
-3.74233
0.000588197
0.885369 -4.07902e-05 1.74707e-08 -4.07902e-05 1.01295 -8.15584e-07 1.74707e-08 -8.15584e-07 1.03523e-06 
126
0
-3.77501
0.00108319
0.892389 -4.27144e-05 1.76179e-08 -4.27144e-05 1.02098 -8.15609e-07 1.76179e-08 -8.15609e-07 1.03523e-06 
127
0
-3.80743
0.00033648
0.899409 -4.62449e-05 1.78003e-08 -4.62449e-05 1.02902 -8.15633e-07 1.78003e-08 -8.15633e-07 1.03523e-06 
128
0
-3.83989
0.000100592
0.906429 -4.73834e-05 1.79236e-08 -4.73834e-05 1.03705 -8.15652e-07 1.79236e-08 -8.15652e-07 1.03523e-06 
129
0
-3.8724
0.000338384
0.913449 -4.77601e-05 1.80546e-08 -4.77601e-05 1.04508 -8.15674e-07 1.80546e-08 -8.15674e-07 1.03523e-06 
130
0
-3.90511
4.20541e-05
0.920469 -4.8922e-05 1.82109e-08 -4.8922e-05 1.05312 -8.15693e-07 1.82109e-08 -8.15693e-07 1.03523e-06 
131
0
-3.93768
-6.10819e-05
0.927489 -4.91097e-05 1.83453e-08 -4.91097e-05 1.06115 -8.15711e-07 1.83453e-08 -8.15711e-07 1.03523e-06 
132
0
-3.97144
0.00138305
0.934509 -4.89539e-05 1.8482e-08 -4.89539e-05 1.06919 -8.15729e-07 1.8482e-08 -8.15729e-07 1.03523e-06 
133
0
-4.00343
0.000472979
0.941529 -5.3659e-05 1.87113e-08 -5.3659e-05 1.07722 -8.15747e-07 1.87113e-08 -8.15747e-07 1.03523e-06 
134
0
-4.036
-3.23564e-05
0.948549 -5.53118e-05 1.88359e-08 -5.53118e-05 1.08526 -8.15764e-07 1.88359e-08 -8.15764e-07 1.03523e-06 
135
0
-4.06901
0.000225432
0.955569 -5.52495e-05 1.8954e-08 -5.52495e-05 1.09329 -8.1578e-07 1.8954e-08 -8.1578e-07 1.03523e-06 
136
0
-4.1022
0.000972213
0.962589 -5.60741e-05 1.9109e-08 -5.60741e-05 1.10133 -8.15795e-07 1.9109e-08 -8.15795e-07 1.03523e-06 
137
0
-4.13456
0.000409794
0.969609 -5.94945e-05 1.93032e-08 -5.94945e-05 1.10936 -8.15812e-07 1.93032e-08 -8.15812e-07 1.03523e-06 
138
0
-4.16653
-0.000390987
0.976629 -6.09747e-05 1.94367e-08 -6.09747e-05 1.1174 -8.15826e-07 1.94367e-08 -8.15826e-07 1.03523e-06 
139
0
-4.20006
0.000509556
0.983649 -5.96471e-05 1.95359e-08 -5.96471e-05 1.12543 -8.15841e-07 1.95359e-08 -8.15841e-07 1.03523e-06 
140
0
-4.23152
-0.000425654
0.990669 -6.15016e-05 1.97213e-08 -6.15016e-05 1.13347 -8.15853e-07 1.97213e-08 -8.15853e-07 1.03523e-06 
141
0
-4.26408
-0.000160028
0.997689 -6.00304e-05 1.98216e-08 -6.00304e-05 1.1415 -8.15865e-07 1.98216e-08 -8.15865e-07 1.03523e-06 
142
0
-4.29738
0.000765993
1.00471 -5.95035e-05 1.99668e-08 -5.95035e-05 1.14954 -8.15876e-07 1.99668e-08 -8.15876e-07 1.03523e-06 
143
0
-4.32916
-0.00014118
1.01173 -6.23254e-05 2.01649e-08 -6.23254e-05 1.15757 -8.1589e-07 2.01649e-08 -8.1589e-07 1.03523e-06 
144
0
-4.36265
0.00118288
1.01875 -6.1859e-05 2.02749e-08 -6.1859e-05 1.16561 -8.15903e-07 2.02749e-08 -8.15903e-07 1.03523e-06 
145
0
-4.39485
0.000595768
1.02577 -6.62503e-05 2.0491e-08 -6.62503e-05 1.17364 -8.15915e-07 2.0491e-08 -8.15915e-07 1.03523e-06 
146
0
-4.42726
0.000670802
1.03279 -6.85011e-05 2.06303e-08 -6.85011e-05 1.18167 -8.15929e-07 2.06303e-08 -8.15929e-07 1.03523e-06 
147
0
-4.45905
8.2771e-05
1.03981 -7.10464e-05 2.0786e-08 -7.10464e-05 1.18971 -8.1594e-07 2.0786e-08 -8.1594e-07 1.03523e-06 
148
0
-4.49059
-0.000827734
1.04683 -7.1405e-05 2.0905e-08 -7.1405e-05 1.19774 -8.1595e-07 2.0905e-08 -8.1595e-07 1.03523e-06 
149
0
-4.5239
-0.000344904
1.05385 -6.83306e-05 2.09893e-08 -6.83306e-05 1.20578 -8.15959e-07 2.09893e-08 -8.15959e-07 1.03523e-06 
150
0
-4.55741
0.00100916
1.06087 -6.70691e-05 2.11415e-08 -6.70691e-05 1.21381 -8.15968e-07 2.11415e-08 -8.15968e-07 1.03523e-06 
151
0
-4.58869
-0.000694404
1.06789 -7.09762e-05 2.1364e-08 -7.09762e-05 1.22185 -8.15978e-07 2.1364e-08 -8.15978e-07 1.03523e-06 
152
0
-4.62188
-0.000383213
1.07491 -6.8352e-05 2.14347e-08 -6.8352e-05 1.22988 -8.1599e-07 2.14347e-08 -8.1599e-07 1.03523e-06 
153
0
-4.65534
0.00085496
1.08193 -6.69158e-05 2.1577e-08 -6.69158e-05 1.23792 -8.15997e-07 2.1577e-08 -8.15997e-07 1.03523e-06 
154
0
-4.68722
-0.000379501
1.08895 -7.02984e-05 2.17912e-08 -7.02984e-05 1.24595 -8.16005e-07 2.17912e-08 -8.16005e-07 1.03523e-06 
155
0
-4.71999
-0.00057558
1.09597 -6.88573e-05 2.18882e-08 -6.88573e-05 1.25399 -8.16015e-07 2.18882e-08 -8.16015e-07 1.03523e-06 
156
0
-4.75329
0.000376492
1.10299 -6.66321e-05 2.20097e-08 -6.66321e-05 1.26202 -8.16025e-07 2.20097e-08 -8.16025e-07 1.03523e-06 
157
0
-4.78542
-0.000324485
1.11001 -6.81775e-05 2.22009e-08 -6.81775e-05 1.27006 -8.16032e-07 2.22009e-08 -8.16032e-07 1.03523e-06 
158
0
-4.81877
0.000116684
1.11703 -6.69277e-05 2.23192e-08 -6.69277e-05 1.27809 -8.16039e-07 2.23192e-08 -8.16039e-07 1.03523e-06 
159
0
-4.85165
0.00077044
1.12405 -6.74461e-05 2.24851e-08 -6.74461e-05 1.28613 -8.16048e-07 2.24851e-08 -8.16048e-07 1.03523e-06 
160
0
-4.88443
0.000361935
1.13107 -7.06164e-05 2.26761e-08 -7.06164e-05 1.29416 -8.16055e-07 2.26761e-08 -8.16055e-07 1.03523e-06 
161
0
-4.91672
3.78909e-05
1.13809 -7.21407e-05 2.282e-08 -7.21407e-05 1.30219 -8.16065e-07 2.282e-08 -8.16065e-07 1.03523e-06 
162
0
-4.94882
-0.000114245
1.14511 -7.23447e-05 2.29522e-08 -7.23447e-05 1.31023 -8.16076e-07 2.29522e-08 -8.16076e-07 1.03523e-06 
163
0
-4.98182
0.000717086
1.15213 -7.19217e-05 2.30866e-08 -7.19217e-05 1.31826 -8.16084e-07 2.30866e-08 -8.16084e-07 1.03523e-06 
164
0
-5.01418
0.00035989
1.15915 -7.49486e-05 2.32793e-08 -7.49486e-05 1.3263 -8.16091e-07 2.32793e-08 -8.16091e-07 1.03523e-06 
165
0
-5.04591
-0.000529156
1.16617 -7.65011e-05 2.34237e-08 -7.65011e-05 1.33433 -8.161e-07 2.34237e-08 -8.161e-07 1.03523e-06 
166
0
-5.07946
0.000649692
1.17319 -7.43251e-05 2.35212e-08 -7.43251e-05 1.34237 -8.1611e-07 2.35212e-08 -8.1611e-07 1.03523e-06 
167
0
-5.11177
0.000216493
1.18021 -7.71216e-05 2.37234e-08 -7.71216e-05 1.3504 -8.16118e-07 2.37234e-08 -8.16118e-07 1.03523e-06 
168
0
-5.14507
0.000711325
1.18723 -7.80914e-05 2.38639e-08 -7.80914e-05 1.35844 -8.16128e-07 2.38639e-08 -8.16128e-07 1.03523e-06 
169
0
-5.17656
-0.000671934
1.19425 -8.11847e-05 2.40443e-08 -8.11847e-05 1.36647 -8.16136e-07 2.40443e-08 -8.16136e-07 1.03523e-06 
170
0
-5.20958
-9.22496e-05
1.20127 -7.83403e-05 2.4124e-08 -7.83403e-05 1.37451 -8.16146e-07 2.4124e-08 -8.16146e-07 1.03523e-06 
171
0
-5.24294
0.000795202
1.20829 -7.79894e-05 2.42842e-08 -7.79894e-05 1.38254 -8.16155e-07 2.42842e-08 -8.16155e-07 1.03523e-06 
172
0
-5.27509
1.42029e-05
1.21531 -8.15023e-05 2.44866e-08 -8.15023e-05 1.39058 -8.16162e-07 2.44866e-08 -8.16162e-07 1.03523e-06 
173
0
-5.30831
0.000481789
1.22233 -8.16132e-05 2.46088e-08 -8.16132e-05 1.39861 -8.1617e-07 2.46088e-08 -8.1617e-07 1.03523e-06 
174
0
-5.34116
0.000485648
1.22935 -8.37852e-05 2.47812e-08 -8.37852e-05 1.40665 -8.16179e-07 2.47812e-08 -8.16179e-07 1.03523e-06 
175
0
-5.37267
-0.000258204
1.23637 -8.59865e-05 2.49412e-08 -8.59865e-05 1.41468 -8.16187e-07 2.49412e-08 -8.16187e-07 1.03523e-06 
176
0
-5.40652
0.00125344
1.24339 -8.48842e-05 2.50507e-08 -8.48842e-05 1.42271 -8.16194e-07 2.50507e-08 -8.16194e-07 1.03523e-06 
177
0
-5.43953
0.00124811
1.25041 -9.05524e-05 2.5279e-08 -9.05524e-05 1.43075 -8.16198e-07 2.5279e-08 -8.16198e-07 1.03523e-06 
178
0
-5.47078
-0.000242252
1.25743 -9.62282e-05 2.54599e-08 -9.62282e-05 1.43878 -8.16205e-07 2.54599e-08 -8.16205e-07 1.03523e-06 
179
0
-5.504
0.000254839
1.26445 -9.51787e-05 2.55397e-08 -9.51787e-05 1.44682 -8.16212e-07 2.55397e-08 -8.16212e-07 1.03523e-06 
180
0
-5.53596
-0.000110586
1.27147 -9.63893e-05 2.57013e-08 -9.63893e-05 1.45485 -8.1622e-07 2.57013e-08 -8.1622e-07 1.03523e-06 
181
0
-5.56824
-0.000238625
1.27849 -9.59312e-05 2.58302e-08 -9.59312e-05 1.46289 -8.16229e-07 2.58302e-08 -8.16229e-07 1.03523e-06 
182
0
-5.60114
-7.73949e-05
1.28551 -9.48799e-05 2.59629e-08 -9.48799e-05 1.47092 -8.16237e-07 2.59629e-08 -8.16237e-07 1.03523e-06 
183
0
-5.63357
-0.000350174
1.29253 -9.45701e-05 2.61137e-08 -9.45701e-05 1.47896 -8.16245e-07 2.61137e-08 -8.16245e-07 1.03523e-06 
184
0
-5.66668
0.000314972
1.29955 -9.29869e-05 2.62435e-08 -9.29869e-05 1.48699 -8.16252e-07 2.62435e-08 -8.16252e-07 1.03523e-06 
185
0
-5.69955
0.000202619
1.30657 -9.45117e-05 2.64225e-08 -9.45117e-05 1.49503 -8.1626e-07 2.64225e-08 -8.1626e-07 1.03523e-06 
186
0
-5.73174
0.000234792
1.31359 -9.55152e-05 2.65745e-08 -9.55152e-05 1.50306 -8.16268e-07 2.65745e-08 -8.16268e-07 1.03523e-06 
187
0
-5.76355
-0.000470706
1.32061 -9.66763e-05 2.67257e-08 -9.66763e-05 1.5111 -8.16276e-07 2.67257e-08 -8.16276e-07 1.03523e-06 
188
0
-5.79567
-0.00056083
1.32763 -9.44836e-05 2.68335e-08 -9.44836e-05 1.51913 -8.16282e-07 2.68335e-08 -8.16282e-07 1.03523e-06 
189
0
-5.82849
-0.000129515
1.33465 -9.18476e-05 2.69599e-08 -9.18476e-05 1.52717 -8.16288e-07 2.69599e-08 -8.16288e-07 1.03523e-06 
190
0
-5.86124
4.32804e-05
1.34167 -9.12732e-05 2.71214e-08 -9.12732e-05 1.5352 -8.16292e-07 2.71214e-08 -8.16292e-07 1.03523e-06 
191
0
-5.89397
0.000284191
1.34869 -9.15315e-05 2.72807e-08 -9.15315e-05 1.54323 -8.16299e-07 2.72807e-08 -8.16299e-07 1.03523e-06 
192
0
-5.92671
0.000971138
1.35571 -9.29627e-05 2.74461e-08 -9.29627e-05 1.55127 -8.16303e-07 2.74461e-08 -8.16303e-07 1.03523e-06 
193
0
-5.95897
-0.000234853
1.36273 -9.77595e-05 2.76418e-08 -9.77595e-05 1.5593 -8.16312e-07 2.76418e-08 -8.16312e-07 1.03523e-06 
194
0
-5.99176
-0.000272217
1.36975 -9.66543e-05 2.77423e-08 -9.66543e-05 1.56734 -8.1632e-07 2.77423e-08 -8.1632e-07 1.03523e-06 
195
0
-6.02449
0.00021304
1.37677 -9.53586e-05 2.78773e-08 -9.53586e-05 1.57537 -8.16328e-07 2.78773e-08 -8.16328e-07 1.03523e-06 
196
0
-6.05706
-0.000343079
1.38379 -9.64654e-05 2.80476e-08 -9.64654e-05 1.58341 -8.16335e-07 2.80476e-08 -8.16335e-07 1.03523e-06 
197
0
-6.0904
0.000150771
1.39081 -9.48023e-05 2.81712e-08 -9.48023e-05 1.59144 -8.16341e-07 2.81712e-08 -8.16341e-07 1.03523e-06 
198
0
-6.12407
0.0016152
1.39783 -9.56075e-05 2.83417e-08 -9.56075e-05 1.59948 -8.16349e-07 2.83417e-08 -8.16349e-07 1.03523e-06 
199
0
-6.15683
0.00138802
1.40485 -0.000103799 2.85847e-08 -0.000103799 1.60751 -8.16356e-07 2.85847e-08 -8.16356e-07 1.03523e-06 
200
0
-6.18816
2.22184e-05
1.41187 -0.000110881 2.87611e-08 -0.000110881 1.61555 -8.16366e-07 2.87611e-08 -8.16366e-07 1.03523e-06 
201
0
-6.22089
0.000208356
1.41889 -0.000111043 2.88508e-08 -0.000111043 1.62358 -8.16374e-07 2.88508e-08 -8.16374e-07 1.03523e-06 
202
0
-6.25418
0.00136828
1.42591 -0.000112158 2.89991e-08 -0.000112158 1.63162 -8.16383e-07 2.89991e-08 -8.16383e-07 1.03523e-06 
203
0
-6.28555
-0.000114959
1.43293 -0.000119244 2.92184e-08 -0.000119244 1.63965 -8.16391e-07 2.92184e-08 -8.16391e-07 1.03523e-06 
204
0
-6.31821
-0.00044269
1.43995 -0.000118699 2.93077e-08 -0.000118699 1.64769 -8.16401e-07 2.93077e-08 -8.16401e-07 1.03523e-06 
205
0
-6.35179
0.000773798
1.44697 -0.000116449 2.94236e-08 -0.000116449 1.65572 -8.16408e-07 2.94236e-08 -8.16408e-07 1.03523e-06 
206
0
-6.38481
0.000996825
1.45399 -0.000120536 2.96316e-08 -0.000120536 1.66375 -8.16414e-07 2.96316e-08 -8.16414e-07 1.03523e-06 
207
0
-6.41727
0.000189222
1.46101 -0.000125813 2.98145e-08 -0.000125813 1.67179 -8.16422e-07 2.98145e-08 -8.16422e-07 1.03523e-06 
208
0
-6.45018
-4.88771e-05
1.46803 -0.000126859 2.99346e-08 -0.000126859 1.67982 -8.1643e-07 2.99346e-08 -8.1643e-07 1.03523e-06 
209
0
-6.48343
0.000361473
1.47505 -0.00012665 3.00661e-08 -0.00012665 1.68786 -8.16436e-07 3.00661e-08 -8.16436e-07 1.03523e-06 
210
0
-6.51522
0.000106764
1.48207 -0.000128622 3.02345e-08 -0.000128622 1.69589 -8.16442e-07 3.02345e-08 -8.16442e-07 1.03523e-06 
211
0
-6.54727
-0.00030973
1.48909 -0.000129242 3.03716e-08 -0.000129242 1.70393 -8.1645e-07 3.03716e-08 -8.1645e-07 1.03523e-06 
212
0
-6.58011
0.000802626
1.49611 -0.000127628 3.04912e-08 -0.000127628 1.71196 -8.16457e-07 3.04912e-08 -8.16457e-07 1.03523e-06 
213
0
-6.61201
-0.000544523
1.50313 -0.000132008 3.06926e-08 -0.000132008 1.72 -8.16464e-07 3.06926e-08 -8.16464e-07 1.03523e-06 
214
0
-6.64583
-0.000101713
1.51015 -0.000129105 3.07801e-08 -0.000129105 1.72803 -8.16474e-07 3.07801e-08 -8.16474e-07 1.03523e-06 
215
0
-6.67998
0.000920043
1.51717 -0.000128601 3.09381e-08 -0.000128601 1.73607 -8.1648e-07 3.09381e-08 -8.1648e-07 1.03523e-06 
216
0
-6.71262
0.000761819
1.52419 -0.000133685 3.11499e-08 -0.000133685 1.7441 -8.16487e-07 3.11499e-08 -8.16487e-07 1.03523e-06 
217
0
-6.74534
0.00036906
1.53121 -0.000137922 3.13123e-08 -0.000137922 1.75214 -8.16494e-07 3.13123e-08 -8.16494e-07 1.03523e-06 
218
0
-6.77812
0.000615519
1.53823 -0.00014001 3.14504e-08 -0.00014001 1.76017 -8.165e-07 3.14504e-08 -8.165e-07 1.03523e-06 
219
0
-6.81037
0.000111446
1.54525 -0.000143475 3.1615e-08 -0.000143475 1.76821 -8.16508e-07 3.1615e-08 -8.16508e-07 1.03523e-06 
220
0
-6.84349
0.000515899
1.55227 -0.000144145 3.17427e-08 -0.000144145 1.77624 -8.16516e-07 3.17427e-08 -8.16516e-07 1.03523e-06 
221
0
-6.87494
-0.000643804
1.55929 -0.000147083 3.19119e-08 -0.000147083 1.78427 -8.16525e-07 3.19119e-08 -8.16525e-07 1.03523e-06 
222
0
-6.90821
0.000193339
1.56631 -0.000143512 3.19979e-08 -0.000143512 1.79231 -8.16534e-07 3.19979e-08 -8.16534e-07 1.03523e-06 
223
0
-6.94097
0.000880527
1.57333 -0.000144654 3.21742e-08 -0.000144654 1.80034 -8.1654e-07 3.21742e-08 -8.1654e-07 1.03523e-06 
224
0
-6.97245
-0.000286965
1.58035 -0.0001497 3.23682e-08 -0.0001497 1.80838 -8.16547e-07 3.23682e-08 -8.16547e-07 1.03523e-06 
225
0
-7.00522
0.00014848
1.58737 -0.000148114 3.24641e-08 -0.000148114 1.81641 -8.16555e-07 3.24641e-08 -8.16555e-07 1.03523e-06 
226
0
-7.03782
1.44431e-05
1.59439 -0.000149014 3.26225e-08 -0.000149014 1.82445 -8.16562e-07 3.26225e-08 -8.16562e-07 1.03523e-06 
227
0
-7.0697
-0.00061549
1.60141 -0.000149146 3.27652e-08 -0.000149146 1.83248 -8.16568e-07 3.27652e-08 -8.16568e-07 1.03523e-06 
228
0
-7.10327
9.3742e-05
1.60843 -0.00014564 3.28719e-08 -0.00014564 1.84052 -8.16575e-07 3.28719e-08 -8.16575e-07 1.03523e-06 
229
0
-7.13694
0.000401844
1.61545 -0.000146234 3.3047e-08 -0.000146234 1.84855 -8.1658e-07 3.3047e-08 -8.1658e-07 1.03523e-06 
230
0
-7.17011
0.00102304
1.62247 -0.000148625 3.32222e-08 -0.000148625 1.85659 -8.16587e-07 3.32222e-08 -8.16587e-07 1.03523e-06 
231
0
-7.20282
0.000517268
1.62949 -0.000154662 3.3418e-08 -0.000154662 1.86462 -8.16594e-07 3.3418e-08 -8.16594e-07 1.03523e-06 
232
0
-7.23482
-0.000303114
1.63651 -0.000157753 3.35598e-08 -0.000157753 1.87266 -8.16603e-07 3.35598e-08 -8.16603e-07 1.03523e-06 
233
0
-7.26801
0.000448836
1.64353 -0.000156013 3.36636e-08 -0.000156013 1.88069 -8.16611e-07 3.36636e-08 -8.16611e-07 1.03523e-06 
234
0
-7.29992
-0.000521373
1.65055 -0.000158723 3.38435e-08 -0.000158723 1.88873 -8.16618e-07 3.38435e-08 -8.16618e-07 1.03523e-06 
235
0
-7.33294
-0.000313083
1.65757 -0.000155669 3.3944e-08 -0.000155669 1.89676 -8.16625e-07 3.3944e-08 -8.16625e-07 1.03523e-06 
236
0
-7.3654
-0.000172674
1.66459 -0.000153846 3.40885e-08 -0.000153846 1.90479 -8.16633e-07 3.40885e-08 -8.16633e-07 1.03523e-06 
237
0
-7.39812
-0.000411884
1.67161 -0.000152859 3.4238e-08 -0.000152859 1.91283 -8.1664e-07 3.4238e-08 -8.1664e-07 1.03523e-06 
238
0
-7.43119
0.000222997
1.67863 -0.000150425 3.43701e-08 -0.000150425 1.92086 -8.16647e-07 3.43701e-08 -8.16647e-07 1.03523e-06 
239
0
-7.46303
-0.000773467
1.68565 -0.000151825 3.45475e-08 -0.000151825 1.9289 -8.16654e-07 3.45475e-08 -8.16654e-07 1.03523e-06 
240
0
-7.49647
0.000180447
1.69267 -0.000147171 3.46439e-08 -0.000147171 1.93693 -8.16661e-07 3.46439e-08 -8.16661e-07 1.03523e-06 
241
0
-7.52963
0.00092976
1.69969 -0.000148323 3.48299e-08 -0.000148323 1.94497 -8.16668e-07 3.48299e-08 -8.16668e-07 1.03523e-06 
242
0
-7.56181
4.97581e-05
1.70671 -0.000154074 3.50332e-08 -0.000154074 1.953 -8.16675e-07 3.50332e-08 -8.16675e-07 1.03523e-06 
243
0
-7.59543
0.00101018
1.71373 -0.00015443 3.51531e-08 -0.00015443 1.96104 -8.16685e-07 3.51531e-08 -8.16685e-07 1.03523e-06 
244
0
-7.62727
0.000698459
1.72075 -0.000160725 3.53564e-08 -0.000160725 1.96907 -8.16694e-07 3.53564e-08 -8.16694e-07 1.03523e-06 
245
0
-7.66047
0.000363065
1.72777 -0.000165111 3.55082e-08 -0.000165111 1.97711 -8.16701e-07 3.55082e-08 -8.16701e-07 1.03523e-06 
246
0
-7.6932
0.000126554
1.73479 -0.000167424 3.56501e-08 -0.000167424 1.98514 -8.16708e-07 3.56501e-08 -8.16708e-07 1.03523e-06 
247
0
-7.72558
-0.000150641
1.74181 -0.000168266 3.57887e-08 -0.000168266 1.99318 -8.16716e-07 3.57887e-08 -8.16716e-07 1.03523e-06 
248
0
-7.75772
-0.000438017
1.74883 -0.000167369 3.59195e-08 -0.000167369 2.00121 -8.16722e-07 3.59195e-08 -8.16722e-07 1.03523e-06 
249
0
-7.79055
0.000167905
1.75585 -0.000164655 3.60433e-08 -0.000164655 2.00925 -8.16729e-07 3.60433e-08 -8.16729e-07 1.03523e-06 
250
0
-7.82313
0.000184829
1.76287 -0.000165769 3.62159e-08 -0.000165769 2.01728 -8.16735e-07 3.62159e-08 -8.16735e-07 1.03523e-06 
251
0
-7.85655
0.00077684
1.76989 -0.000166994 3.63713e-08 -0.000166994 2.02531 -8.1674e-07 3.63713e-08 -8.1674e-07 1.03523e-06 
252
0
-7.8893
0.000620037
1.77691 -0.000172005 3.65605e-08 -0.000172005 2.03335 -8.16748e-07 3.65605e-08 -8.16748e-07 1.03523e-06 
253
0
-7.92204
0.000227012
1.78393 -0.00017603 3.67185e-08 -0.00017603 2.04138 -8.16756e-07 3.67185e-08 -8.16756e-07 1.03523e-06 
254
0
-7.95434
0.000327652
1.79095 -0.000177541 3.68548e-08 -0.000177541 2.04942 -8.16765e-07 3.68548e-08 -8.16765e-07 1.03523e-06 
255
0
-7.98683
0.000191859
1.79797 -0.000179708 3.70079e-08 -0.000179708 2.05745 -8.16773e-07 3.70079e-08 -8.16773e-07 1.03523e-06 
256
0
-8.01942
0.000109457
1.80499 -0.000181003 3.71525e-08 -0.000181003 2.06549 -8.1678e-07 3.71525e-08 -8.1678e-07 1.03523e-06 
257
0
-8.0531
0.000844751
1.81201 -0.000181766 3.7297e-08 -0.000181766 2.07352 -8.16784e-07 3.7297e-08 -8.16784e-07 1.03523e-06 
258
0
-8.08504
0.00078475
1.81903 -0.000187338 3.74915e-08 -0.000187338 2.08156 -8.16791e-07 3.74915e-08 -8.16791e-07 1.03523e-06 
259
0
-8.11654
0.000100131
1.82605 -0.000192539 3.76529e-08 -0.000192539 2.08959 -8.16799e-07 3.76529e-08 -8.16799e-07 1.03523e-06 
260
0
-8.14944
-1.32669e-05
1.83307 -0.000193249 3.77696e-08 -0.000193249 2.09763 -8.16807e-07 3.77696e-08 -8.16807e-07 1.03523e-06 
261
0
-8.18178
-0.000223502
1.84009 -0.000193211 3.79067e-08 -0.000193211 2.10566 -8.16815e-07 3.79067e-08 -8.16815e-07 1.03523e-06 
262
0
-8.21441
-0.000507998
1.84711 -0.000191777 3.80379e-08 -0.000191777 2.1137 -8.16822e-07 3.80379e-08 -8.16822e-07 1.03523e-06 
263
0
-8.2475
-0.000222743
1.85413 -0.000188442 3.8162e-08 -0.000188442 2.12173 -8.16828e-07 3.8162e-08 -8.16828e-07 1.03523e-06 
264
0
-8.28059
-0.000221766
1.86115 -0.000187002 3.83155e-08 -0.000187002 2.12977 -8.16833e-07 3.83155e-08 -8.16833e-07 1.03523e-06 
265
0
-8.31375
-0.000364786
1.86817 -0.000185563 3.84626e-08 -0.000185563 2.1378 -8.16839e-07 3.84626e-08 -8.16839e-07 1.03523e-06 
266
0
-8.34681
0.000575822
1.87519 -0.000183154 3.86008e-08 -0.000183154 2.14583 -8.16846e-07 3.86008e-08 -8.16846e-07 1.03523e-06 
267
0
-8.37907
0.000164135
1.88221 -0.0001871 3.87975e-08 -0.0001871 2.15387 -8.16854e-07 3.87975e-08 -8.16854e-07 1.03523e-06 
268
0
-8.41127
-0.000368726
1.88923 -0.000188265 3.89376e-08 -0.000188265 2.1619 -8.16863e-07 3.89376e-08 -8.16863e-07 1.03523e-06 
269
0
-8.44469
0.000363505
1.89625 -0.000185802 3.90545e-08 -0.000185802 2.16994 -8.1687e-07 3.90545e-08 -8.1687e-07 1.03523e-06 
270
0
-8.47683
-0.000630294
1.90327 -0.00018834 3.9237e-08 -0.00018834 2.17797 -8.16877e-07 3.9237e-08 -8.16877e-07 1.03523e-06 
271
0
-8.50974
0.00030385
1.91029 -0.000184061 3.93379e-08 -0.000184061 2.18601 -8.16885e-07 3.93379e-08 -8.16885e-07 1.03523e-06 
272
0
-8.54237
0.00042666
1.91731 -0.000186206 3.95236e-08 -0.000186206 2.19404 -8.1689e-07 3.95236e-08 -8.1689e-07 1.03523e-06 
273
0
-8.5755
0.000849125
1.92433 -0.000189208 3.96904e-08 -0.000189208 2.20208 -8.16896e-07 3.96904e-08 -8.16896e-07 1.03523e-06 
274
0
-8.60755
-0.00013647
1.93135 -0.000195155 3.9875e-08 -0.000195155 2.21011 -8.16905e-07 3.9875e-08 -8.16905e-07 1.03523e-06 
275
0
-8.64087
0.000655223
1.93837 -0.000194254 3.99835e-08 -0.000194254 2.21815 -8.16912e-07 3.99835e-08 -8.16912e-07 1.03523e-06 
276
0
-8.6729
0.000655264
1.94539 -0.000198887 4.01709e-08 -0.000198887 2.22618 -8.1692e-07 4.01709e-08 -8.1692e-07 1.03523e-06 
277
0
-8.70567
0.000473914
1.95241 -0.000203537 4.03331e-08 -0.000203537 2.23422 -8.16926e-07 4.03331e-08 -8.16926e-07 1.03523e-06 
278
0
-8.73876
0.000634477
1.95943 -0.000206926 4.04833e-08 -0.000206926 2.24225 -8.16932e-07 4.04833e-08 -8.16932e-07 1.03523e-06 
279
0
-8.77116
0.000335275
1.96645 -0.000211463 4.06492e-08 -0.000211463 2.25029 -8.1694e-07 4.06492e-08 -8.1694e-07 1.03523e-06 
280
0
-8.80399
0.000259137
1.97347 -0.000213892 4.07909e-08 -0.000213892 2.25832 -8.16948e-07 4.07909e-08 -8.16948e-07 1.03523e-06 
281
0
-8.83688
0.000624168
1.98049 -0.000215788 4.09382e-08 -0.000215788 2.26635 -8.16956e-07 4.09382e-08 -8.16956e-07 1.03523e-06 
282
0
-8.86937
-0.000237363
1.98751 -0.000220299 4.11107e-08 -0.000220299 2.27439 -8.16961e-07 4.11107e-08 -8.16961e-07 1.03523e-06 
283
0
-8.90232
0.000312303
1.99453 -0.000218648 4.1221e-08 -0.000218648 2.28242 -8.16967e-07 4.1221e-08 -8.16967e-07 1.03523e-06 
284
0
-8.93513
4.60422e-05
2.00155 -0.000220946 4.13904e-08 -0.000220946 2.29046 -8.16973e-07 4.13904e-08 -8.16973e-07 1.03523e-06 
285
0
-8.9679
0.000268228
2.00857 -0.000221329 4.1531e-08 -0.000221329 2.29849 -8.1698e-07 4.1531e-08 -8.1698e-07 1.03523e-06 
286
0
-9.00039
-0.000405702
2.01559 -0.000223324 4.16905e-08 -0.000223324 2.30653 -8.16986e-07 4.16905e-08 -8.16986e-07 1.03523e-06 
287
0
-9.03275
-0.000701511
2.02261 -0.000220424 4.18042e-08 -0.000220424 2.31456 -8.16994e-07 4.18042e-08 -8.16994e-07 1.03523e-06 
288
0
-9.06643
0.000241593
2.02963 -0.000215354 4.19212e-08 -0.000215354 2.3226 -8.17002e-07 4.19212e-08 -8.17002e-07 1.03523e-06 
289
0
-9.09808
-0.000757167
2.03665 -0.000217174 4.21111e-08 -0.000217174 2.33063 -8.17007e-07 4.21111e-08 -8.17007e-07 1.03523e-06 
290
0
-9.13085
-0.000188532
2.04367 -0.00021166 4.22087e-08 -0.00021166 2.33867 -8.17014e-07 4.22087e-08 -8.17014e-07 1.03523e-06 
291
0
-9.16264
-0.00070083
2.05069 -0.000210321 4.23699e-08 -0.000210321 2.3467 -8.1702e-07 4.23699e-08 -8.1702e-07 1.03523e-06 
292
0
-9.19554
-0.00026749
2.05771 -0.000205185 4.24853e-08 -0.000205185 2.35474 -8.17027e-07 4.24853e-08 -8.17027e-07 1.03523e-06 
293
0
-9.22867
0.000693654
2.06474 -0.00020325 4.26441e-08 -0.00020325 2.36277 -8.17033e-07 4.26441e-08 -8.17033e-07 1.03523e-06 
294
0
-9.26179
0.000871065
2.07176 -0.000208469 4.28486e-08 -0.000208469 2.37081 -8.17038e-07 4.28486e-08 -8.17038e-07 1.03523e-06 
295
0
-9.29392
0.000547497
2.07878 -0.000215032 4.30302e-08 -0.000215032 2.37884 -8.17047e-07 4.30302e-08 -8.17047e-07 1.03523e-06 
296
0
-9.32668
0.000770439
2.0858 -0.00021919 4.31775e-08 -0.00021919 2.38687 -8.17053e-07 4.31775e-08 -8.17053e-07 1.03523e-06 
297
0
-9.35841
0.000115234
2.09282 -0.00022504 4.33475e-08 -0.00022504 2.39491 -8.17061e-07 4.33475e-08 -8.17061e-07 1.03523e-06 
298
0
-9.39088
3.02856e-05
2.09984 -0.000225961 4.34698e-08 -0.000225961 2.40294 -8.1707e-07 4.34698e-08 -8.1707e-07 1.03523e-06 
299
0
-9.42471
0.00102023
2.10686 -0.000226241 4.36096e-08 -0.000226241 2.41098 -8.17078e-07 4.36096e-08 -8.17078e-07 1.03523e-06 
300
0
-9.4567
0.000223987
2.11388 -0.000234049 4.38182e-08 -0.000234049 2.41901 -8.17087e-07 4.38182e-08 -8.17087e-07 1.03523e-06 
301
0
-9.48865
-0.000391457
2.1209 -0.000235809 4.39434e-08 -0.000235809 2.42705 -8.17096e-07 4.39434e-08 -8.17096e-07 1.03523e-06 
302
0
-9.52177
-2.13685e-05
2.12792 -0.000232863 4.40523e-08 -0.000232863 2.43508 -8.17102e-07 4.40523e-08 -8.17102e-07 1.03523e-06 
303
0
-9.55508
0.000779763
