0
0
0
-5.27359e-05
0.00800061 -2.68385e-11 1.2769e-14 -2.68385e-11 0.00900061 -9.84301e-12 1.2769e-14 -9.84301e-12 1.24978e-06 
1
0
0
-0.000729038
0.0150026 1.03584e-09 -1.37634e-11 1.03584e-09 0.0170026 -6.44478e-09 -1.37634e-11 -6.44478e-09 1.03722e-06 
2
0
0
0.000191217
0.0220062 3.66656e-08 -3.70375e-11 3.66656e-08 0.0250061 -1.73333e-08 -3.70375e-11 -1.73333e-08 1.03685e-06 
3
0
0
-0.00022823
0.0290117 2.05349e-08 -4.97214e-11 2.05349e-08 0.0330113 -3.11461e-08 -4.97214e-11 -3.11461e-08 1.03711e-06 
4
0
0
-0.00115652
0.036019 4.0179e-08 -6.46701e-11 4.0179e-08 0.0410185 -4.77363e-08 -6.46701e-11 -4.77363e-08 1.03672e-06 
5
0
0
0.000660312
0.043028 1.79785e-07 -8.33331e-11 1.79785e-07 0.0490275 -6.68836e-08 -8.33331e-11 -6.68836e-08 1.03632e-06 
6
0
0
-0.000582946
0.0500387 7.36899e-08 -5.5295e-11 7.36899e-08 0.0570384 -8.82411e-08 -5.5295e-11 -8.82411e-08 1.03601e-06 
7
0
-0.0533436
-0.000133407
0.0570507 1.66306e-07 -5.59533e-11 1.66306e-07 0.0650513 -1.11422e-07 -5.59533e-11 -1.11422e-07 1.03577e-06 
8
0
-0.0684567
0.00035126
0.0640641 1.81077e-07 -2.31785e-11 1.81077e-07 0.0730661 -1.36043e-07 -2.31785e-11 -1.36043e-07 1.03559e-06 
9
0
-0.0851517
6.42508e-05
0.0710785 8.74956e-08 3.11763e-11 8.74956e-08 0.0810826 -1.61742e-07 3.11763e-11 -1.61742e-07 1.03545e-06 
10
0
-0.10319
-0.000798323
0.0780938 5.42773e-08 8.24444e-11 5.42773e-08 0.0891008 -1.88179e-07 8.24444e-11 -1.88179e-07 1.03535e-06 
11
0
-0.122884
-0.00132001
0.0851099 2.54293e-07 1.23474e-10 2.54293e-07 0.0971206 -2.1505e-07 1.23474e-10 -2.1505e-07 1.03528e-06 
12
0
-0.144186
-4.99592e-05
0.0921267 6.2861e-07 1.76748e-10 6.2861e-07 0.105142 -2.42084e-07 1.76748e-10 -2.42084e-07 1.03523e-06 
13
0
-0.166506
-8.23731e-05
0.099144 6.20465e-07 2.97056e-10 6.20465e-07 0.113165 -2.69048e-07 2.97056e-10 -2.69048e-07 1.03519e-06 
14
0
-0.189777
-0.000774971
0.106162 6.22738e-07 4.01042e-10 6.22738e-07 0.121188 -2.95738e-07 4.01042e-10 -2.95738e-07 1.03517e-06 
15
0
-0.214639
-0.000448428
0.11318 8.85297e-07 4.84113e-10 8.85297e-07 0.129214 -3.21985e-07 4.84113e-10 -3.21985e-07 1.03515e-06 
16
0
-0.240348
8.46056e-06
0.120198 1.03461e-06 6.05154e-10 1.03461e-06 0.13724 -3.47646e-07 6.05154e-10 -3.47646e-07 1.03515e-06 
17
0
-0.266586
-0.00127339
0.127217 9.98818e-07 7.46295e-10 9.98818e-07 0.145267 -3.72613e-07 7.46295e-10 -3.72613e-07 1.03514e-06 
18
0
-0.293793
-0.000590165
0.134236 1.53982e-06 8.27461e-10 1.53982e-06 0.153294 -3.96798e-07 8.27461e-10 -3.96798e-07 1.03514e-06 
19
0
-0.321444
-0.000938454
0.141255 1.78599e-06 9.7461e-10 1.78599e-06 0.161323 -4.20134e-07 9.7461e-10 -4.20134e-07 1.03514e-06 
20
0
-0.350268
0.000235798
0.148274 2.22061e-06 1.09777e-09 2.22061e-06 0.169352 -4.42575e-07 1.09777e-09 -4.42575e-07 1.03515e-06 
21
0
-0.378741
-0.000108525
0.155293 2.05889e-06 1.28661e-09 2.05889e-06 0.177382 -4.64088e-07 1.28661e-09 -4.64088e-07 1.03515e-06 
22
0
-0.407723
-0.00088035
0.162313 2.08033e-06 1.42884e-09 2.08033e-06 0.185412 -4.8466e-07 1.42884e-09 -4.8466e-07 1.03515e-06 
23
0
-0.437779
-3.01867e-05
0.169332 2.54938e-06 1.54208e-09 2.54938e-06 0.193443 -5.04281e-07 1.54208e-09 -5.04281e-07 1.03516e-06 
24
0
-0.467589
-0.000267086
0.176352 2.52733e-06 1.72335e-09 2.52733e-06 0.201475 -5.22954e-07 1.72335e-09 -5.22954e-07 1.03517e-06 
25
0
-0.498542
0.000295381
0.183371 2.65411e-06 1.87256e-09 2.65411e-06 0.209506 -5.40693e-07 1.87256e-09 -5.40693e-07 1.03517e-06 
26
0
-0.529045
-0.000482153
0.190391 2.41941e-06 2.05709e-09 2.41941e-06 0.217538 -5.57519e-07 2.05709e-09 -5.57519e-07 1.03518e-06 
27
0
-0.560152
-0.000142639
0.197411 2.70438e-06 2.18602e-09 2.70438e-06 0.22557 -5.73454e-07 2.18602e-09 -5.73454e-07 1.03518e-06 
28
0
-0.591476
-9.6679e-05
0.20443 2.76199e-06 2.35449e-09 2.76199e-06 0.233603 -5.88522e-07 2.35449e-09 -5.88522e-07 1.03519e-06 
29
0
-0.62268
-0.000578851
0.21145 2.7892e-06 2.51954e-09 2.7892e-06 0.241636 -6.02754e-07 2.51954e-09 -6.02754e-07 1.03519e-06 
30
0
-0.654039
-6.58378e-05
0.21847 3.18234e-06 2.65681e-09 3.18234e-06 0.249669 -6.16183e-07 2.65681e-09 -6.16183e-07 1.03519e-06 
31
0
-0.686079
-9.56473e-05
0.22549 3.1896e-06 2.83504e-09 3.1896e-06 0.257702 -6.28837e-07 2.83504e-09 -6.28837e-07 1.0352e-06 
32
0
-0.718078
0.000784309
0.23251 3.22219e-06 3.00074e-09 3.22219e-06 0.265735 -6.40752e-07 3.00074e-09 -6.40752e-07 1.0352e-06 
33
0
-0.749172
-0.00011207
0.23953 2.52588e-06 3.21089e-09 2.52588e-06 0.273769 -6.51963e-07 3.21089e-09 -6.51963e-07 1.0352e-06 
34
0
-0.780429
-0.000655526
0.24655 2.57675e-06 3.3419e-09 2.57675e-06 0.281802 -6.62503e-07 3.3419e-09 -6.62503e-07 1.03521e-06 
35
0
-0.812617
-0.000369709
0.253569 3.1092e-06 3.4667e-09 3.1092e-06 0.289836 -6.72402e-07 3.4667e-09 -6.72402e-07 1.03521e-06 
36
0
-0.844841
9.78129e-05
0.260589 3.39891e-06 3.63103e-09 3.39891e-06 0.29787 -6.81701e-07 3.63103e-09 -6.81701e-07 1.03521e-06 
37
0
-0.876101
-0.000664488
0.267609 3.26203e-06 3.81539e-09 3.26203e-06 0.305903 -6.90424e-07 3.81539e-09 -6.90424e-07 1.03521e-06 
38
0
-0.908509
-0.000477677
0.274629 3.85235e-06 3.9387e-09 3.85235e-06 0.313937 -6.98607e-07 3.9387e-09 -6.98607e-07 1.03521e-06 
39
0
-0.940931
-0.00112435
0.281649 4.27577e-06 4.09703e-09 4.27577e-06 0.321971 -7.06279e-07 4.09703e-09 -7.06279e-07 1.03522e-06 
40
0
-0.973748
-0.000449483
0.288669 5.3631e-06 4.21831e-09 5.3631e-06 0.330005 -7.13467e-07 4.21831e-09 -7.13467e-07 1.03522e-06 
41
0
-1.00637
-0.000269421
0.295689 5.78137e-06 4.39812e-09 5.78137e-06 0.33804 -7.202e-07 4.39812e-09 -7.202e-07 1.03522e-06 
42
0
-1.03944
0.000151992
0.302709 6.02029e-06 4.56907e-09 6.02029e-06 0.346074 -7.26504e-07 4.56907e-09 -7.26504e-07 1.03522e-06 
43
0
-1.07244
0.000578271
0.309729 5.80904e-06 4.75566e-09 5.80904e-06 0.354108 -7.32408e-07 4.75566e-09 -7.32408e-07 1.03522e-06 
44
0
-1.10461
0.000349493
0.316749 5.12085e-06 4.95022e-09 5.12085e-06 0.362142 -7.37928e-07 4.95022e-09 -7.37928e-07 1.03522e-06 
45
0
-1.1371
0.00040442
0.323769 4.67754e-06 5.11183e-09 4.67754e-06 0.370177 -7.43093e-07 5.11183e-09 -7.43093e-07 1.03522e-06 
46
0
-1.16968
5.3295e-05
0.330789 4.16153e-06 5.28087e-09 4.16153e-06 0.378211 -7.47923e-07 5.28087e-09 -7.47923e-07 1.03522e-06 
47
0
-1.20302
0.000961627
0.337809 4.05148e-06 5.42905e-09 4.05148e-06 0.386245 -7.5244e-07 5.42905e-09 -7.5244e-07 1.03522e-06 
48
0
-1.23386
-0.000996804
0.344829 2.84003e-06 5.6414e-09 2.84003e-06 0.39428 -7.56661e-07 5.6414e-09 -7.56661e-07 1.03522e-06 
49
0
-1.26704
-0.00039601
0.351849 4.02539e-06 5.70676e-09 4.02539e-06 0.402314 -7.60605e-07 5.70676e-09 -7.60605e-07 1.03522e-06 
50
0
-1.30078
0.000345876
0.358869 4.47794e-06 5.87133e-09 4.47794e-06 0.410349 -7.64292e-07 5.87133e-09 -7.64292e-07 1.03522e-06 
51
0
-1.33334
0.00026397
0.365889 3.98565e-06 6.07161e-09 3.98565e-06 0.418383 -7.67733e-07 6.07161e-09 -7.67733e-07 1.03522e-06 
52
0
-1.36641
0.000524323
0.372909 3.59204e-06 6.23722e-09 3.59204e-06 0.426418 -7.70949e-07 6.23722e-09 -7.70949e-07 1.03522e-06 
53
0
-1.39858
-0.000149388
0.379929 2.8434e-06 6.41648e-09 2.8434e-06 0.434452 -7.73952e-07 6.41648e-09 -7.73952e-07 1.03522e-06 
54
0
-1.43143
-0.000199578
0.386949 2.99977e-06 6.5451e-09 2.99977e-06 0.442487 -7.76757e-07 6.5451e-09 -7.76757e-07 1.03522e-06 
55
0
-1.46496
0.000417332
0.393969 3.22957e-06 6.69272e-09 3.22957e-06 0.450521 -7.79377e-07 6.69272e-09 -7.79377e-07 1.03522e-06 
56
0
-1.49779
-0.000222675
0.400989 2.59217e-06 6.88303e-09 2.59217e-06 0.458556 -7.81822e-07 6.88303e-09 -7.81822e-07 1.03522e-06 
57
0
-1.53034
-0.00019641
0.408009 2.86527e-06 7.01549e-09 2.86527e-06 0.46659 -7.84103e-07 7.01549e-09 -7.84103e-07 1.03523e-06 
58
0
-1.5643
0.000718963
0.415029 3.10552e-06 7.16492e-09 3.10552e-06 0.474625 -7.86233e-07 7.16492e-09 -7.86233e-07 1.03523e-06 
59
0
-1.59567
-2.78948e-05
0.422049 1.98686e-06 7.37348e-09 1.98686e-06 0.482659 -7.8822e-07 7.37348e-09 -7.8822e-07 1.03523e-06 
60
0
-1.62799
-0.000456912
0.429069 1.98167e-06 7.5006e-09 1.98167e-06 0.490694 -7.90074e-07 7.5006e-09 -7.90074e-07 1.03523e-06 
61
0
-1.66151
-0.000279208
0.436089 2.63813e-06 7.62423e-09 2.63813e-06 0.498728 -7.91803e-07 7.62423e-09 -7.91803e-07 1.03523e-06 
62
0
-1.69421
-0.000364964
0.443109 3.02785e-06 7.78017e-09 3.02785e-06 0.506763 -7.93415e-07 7.78017e-09 -7.93415e-07 1.03523e-06 
63
0
-1.72695
-0.00058994
0.450129 3.56111e-06 7.92602e-09 3.56111e-06 0.514798 -7.94922e-07 7.92602e-09 -7.94922e-07 1.03523e-06 
64
0
-1.75949
-0.000478159
0.457149 4.46735e-06 8.06116e-09 4.46735e-06 0.522832 -7.96326e-07 8.06116e-09 -7.96326e-07 1.03523e-06 
65
0
-1.79275
0.000500678
0.464169 5.20497e-06 8.20967e-09 5.20497e-06 0.530867 -7.97635e-07 8.20967e-09 -7.97635e-07 1.03523e-06 
66
0
-1.82565
0.000580127
0.471189 4.32251e-06 8.41444e-09 4.32251e-06 0.538901 -7.98857e-07 8.41444e-09 -7.98857e-07 1.03523e-06 
67
0
-1.85767
0.000397327
0.478209 3.29285e-06 8.59056e-09 3.29285e-06 0.546936 -7.99997e-07 8.59056e-09 -7.99997e-07 1.03523e-06 
68
0
-1.89014
8.91558e-05
0.485229 2.56256e-06 8.7439e-09 2.56256e-06 0.554971 -8.01059e-07 8.7439e-09 -8.01059e-07 1.03523e-06 
69
0
-1.92241
-0.000543682
0.492249 2.35949e-06 8.88486e-09 2.35949e-06 0.563005 -8.02051e-07 8.88486e-09 -8.02051e-07 1.03523e-06 
70
0
-1.95546
-0.000377567
0.499269 3.27359e-06 8.9995e-09 3.27359e-06 0.57104 -8.02976e-07 8.9995e-09 -8.02976e-07 1.03523e-06 
71
0
-1.98773
-0.00093542
0.506289 3.90339e-06 9.14897e-09 3.90339e-06 0.579075 -8.03836e-07 9.14897e-09 -8.03836e-07 1.03523e-06 
72
0
-2.01973
-0.001604
0.513309 5.55787e-06 9.26266e-09 5.55787e-06 0.587109 -8.04639e-07 9.26266e-09 -8.04639e-07 1.03523e-06 
73
0
-2.05355
-0.000266342
0.520329 8.46963e-06 9.35482e-09 8.46963e-06 0.595144 -8.05387e-07 9.35482e-09 -8.05387e-07 1.03523e-06 
74
0
-2.08683
0.00079327
0.527349 8.92008e-06 9.55589e-09 8.92008e-06 0.603178 -8.06083e-07 9.55589e-09 -8.06083e-07 1.03523e-06 
75
0
-2.11928
0.00058142
0.534369 7.36852e-06 9.77801e-09 7.36852e-06 0.611213 -8.06733e-07 9.77801e-09 -8.06733e-07 1.03523e-06 
76
0
-2.15088
-6.10564e-05
0.541389 6.20385e-06 9.94325e-09 6.20385e-06 0.619248 -8.07341e-07 9.94325e-09 -8.07341e-07 1.03523e-06 
77
0
-2.18394
0.000424886
0.548409 6.27501e-06 1.0067e-08 6.27501e-06 0.627282 -8.07909e-07 1.0067e-08 -8.07909e-07 1.03523e-06 
78
0
-2.21631
-0.000101619
0.555429 5.38946e-06 1.0244e-08 5.38946e-06 0.635317 -8.08436e-07 1.0244e-08 -8.08436e-07 1.03523e-06 
79
0
-2.24845
-0.00106964
0.562449 5.5447e-06 1.03766e-08 5.5447e-06 0.643352 -8.08926e-07 1.03766e-08 -8.08926e-07 1.03523e-06 
80
0
-2.28309
0.000346426
0.569469 7.66041e-06 1.04673e-08 7.66041e-06 0.651386 -8.09384e-07 1.04673e-08 -8.09384e-07 1.03523e-06 
81
0
-2.31548
-0.000806509
0.576489 6.90316e-06 1.06829e-08 6.90316e-06 0.659421 -8.0981e-07 1.06829e-08 -8.0981e-07 1.03523e-06 
82
0
-2.34817
-0.000989552
0.583509 8.52757e-06 1.07854e-08 8.52757e-06 0.667456 -8.10207e-07 1.07854e-08 -8.10207e-07 1.03523e-06 
83
0
-2.38142
-0.000456442
0.590529 1.05566e-05 1.09079e-08 1.05566e-05 0.67549 -8.1058e-07 1.09079e-08 -8.1058e-07 1.03523e-06 
84
0
-2.41442
0.000237779
0.597549 1.14783e-05 1.10749e-08 1.14783e-05 0.683525 -8.10927e-07 1.10749e-08 -8.10927e-07 1.03523e-06 
85
0
-2.4466
5.14743e-05
0.604569 1.09194e-05 1.12661e-08 1.09194e-05 0.69156 -8.11249e-07 1.12661e-08 -8.11249e-07 1.03523e-06 
86
0
-2.47968
-0.000221613
0.611589 1.07597e-05 1.1418e-08 1.07597e-05 0.699594 -8.11551e-07 1.1418e-08 -8.11551e-07 1.03523e-06 
87
0
-2.51273
-0.000256871
0.618609 1.11995e-05 1.15589e-08 1.11995e-05 0.707629 -8.11832e-07 1.15589e-08 -8.11832e-07 1.03523e-06 
88
0
-2.54586
0.000171135
0.625629 1.17233e-05 1.17072e-08 1.17233e-05 0.715664 -8.12095e-07 1.17072e-08 -8.12095e-07 1.03523e-06 
89
0
-2.57802
-0.000219531
0.632649 1.12903e-05 1.18831e-08 1.12903e-05 0.723698 -8.12339e-07 1.18831e-08 -8.12339e-07 1.03523e-06 
90
0
-2.61117
-9.66396e-05
0.639669 1.17422e-05 1.20193e-08 1.17422e-05 0.731733 -8.12569e-07 1.20193e-08 -8.12569e-07 1.03523e-06 
91
0
-2.64483
0.000902649
0.646689 1.19168e-05 1.2176e-08 1.19168e-05 0.739768 -8.12783e-07 1.2176e-08 -8.12783e-07 1.03523e-06 
92
0
-2.67527
-0.0010863
0.653709 9.76853e-06 1.23904e-08 9.76853e-06 0.747802 -8.12982e-07 1.23904e-08 -8.12982e-07 1.03523e-06 
93
0
-2.70884
-3.23737e-05
0.660729 1.22761e-05 1.24452e-08 1.22761e-05 0.755837 -8.13169e-07 1.24452e-08 -8.13169e-07 1.03523e-06 
94
0
-2.74127
-0.000372827
0.667749 1.23052e-05 1.26295e-08 1.23052e-05 0.763872 -8.13343e-07 1.26295e-08 -8.13343e-07 1.03523e-06 
95
0
-2.77486
0.000530816
0.674769 1.31533e-05 1.27677e-08 1.31533e-05 0.771906 -8.13506e-07 1.27677e-08 -8.13506e-07 1.03523e-06 
96
0
-2.80683
-0.000202523
0.681789 1.18163e-05 1.29688e-08 1.18163e-05 0.779941 -8.13657e-07 1.29688e-08 -8.13657e-07 1.03523e-06 
97
0
-2.84003
0.000387094
0.688809 1.22654e-05 1.30938e-08 1.22654e-05 0.787976 -8.138e-07 1.30938e-08 -8.138e-07 1.03523e-06 
98
0
-2.87218
0.000153761
0.695829 1.12579e-05 1.32753e-08 1.12579e-05 0.79601 -8.13931e-07 1.32753e-08 -8.13931e-07 1.03523e-06 
99
0
-2.90452
-0.000146406
0.702849 1.08249e-05 1.34237e-08 1.08249e-05 0.804045 -8.14055e-07 1.34237e-08 -8.14055e-07 1.03523e-06 
100
0
-2.93756
-0.000476475
0.709869 1.11474e-05 1.35596e-08 1.11474e-05 0.81208 -8.14172e-07 1.35596e-08 -8.14172e-07 1.03523e-06 
101
0
-2.97121
0.000439808
0.716889 1.2317e-05 1.36899e-08 1.2317e-05 0.820114 -8.14281e-07 1.36899e-08 -8.14281e-07 1.03523e-06 
102
0
-3.00331
-8.47923e-05
0.723909 1.11341e-05 1.38882e-08 1.11341e-05 0.828149 -8.1438e-07 1.38882e-08 -8.1438e-07 1.03523e-06 
103
0
-3.03707
0.000544946
0.730929 1.13071e-05 1.4023e-08 1.13071e-05 0.836184 -8.14474e-07 1.4023e-08 -8.14474e-07 1.03523e-06 
104
0
-3.06957
-0.000328571
0.737949 9.8252e-06 1.42118e-08 9.8252e-06 0.844218 -8.14562e-07 1.42118e-08 -8.14562e-07 1.03523e-06 
105
0
-3.10234
-0.0006951
0.744969 1.06502e-05 1.43277e-08 1.06502e-05 0.852253 -8.14645e-07 1.43277e-08 -8.14645e-07 1.03523e-06 
106
0
-3.13597
0.000559764
0.751989 1.24666e-05 1.44481e-08 1.24666e-05 0.860288 -8.14721e-07 1.44481e-08 -8.14721e-07 1.03523e-06 
107
0
-3.1684
0.000795927
0.759009 1.0903e-05 1.46603e-08 1.0903e-05 0.868322 -8.14794e-07 1.46603e-08 -8.14794e-07 1.03523e-06 
108
0
-3.20011
-0.000403077
0.766029 8.67992e-06 1.48439e-08 8.67992e-06 0.876357 -8.14862e-07 1.48439e-08 -8.14862e-07 1.03523e-06 
109
0
-3.23334
1.63e-05
0.773049 9.74374e-06 1.49405e-08 9.74374e-06 0.884392 -8.14925e-07 1.49405e-08 -8.14925e-07 1.03523e-06 
110
0
-3.26633
-5.28451e-05
0.780069 9.65037e-06 1.51029e-08 9.65037e-06 0.892426 -8.14985e-07 1.51029e-08 -8.14985e-07 1.03523e-06 
111
0
-3.29944
-0.00015779
0.787089 9.7508e-06 1.52539e-08 9.7508e-06 0.900461 -8.15041e-07 1.52539e-08 -8.15041e-07 1.03523e-06 
112
0
-3.33175
-0.00109314
0.794109 1.015e-05 1.54003e-08 1.015e-05 0.908496 -8.15095e-07 1.54003e-08 -8.15095e-07 1.03523e-06 
113
0
-3.3653
-0.000210074
0.801129 1.3228e-05 1.54936e-08 1.3228e-05 0.91653 -8.15145e-07 1.54936e-08 -8.15145e-07 1.03523e-06 
114
0
-3.3981
-9.35029e-05
0.808149 1.37861e-05 1.56733e-08 1.37861e-05 0.924565 -8.15192e-07 1.56733e-08 -8.15192e-07 1.03523e-06 
115
0
-3.43182
0.000536715
0.815169 1.40101e-05 1.58346e-08 1.40101e-05 0.9326 -8.15237e-07 1.58346e-08 -8.15237e-07 1.03523e-06 
116
0
-3.4638
-0.000621908
0.822189 1.23864e-05 1.60276e-08 1.23864e-05 0.940634 -8.15278e-07 1.60276e-08 -8.15278e-07 1.03523e-06 
117
0
-3.49696
-8.83352e-05
0.829209 1.41799e-05 1.61259e-08 1.41799e-05 0.948669 -8.15319e-07 1.61259e-08 -8.15319e-07 1.03523e-06 
118
0
-3.52996
0.000699489
0.836229 1.43957e-05 1.62921e-08 1.43957e-05 0.956704 -8.15356e-07 1.62921e-08 -8.15356e-07 1.03523e-06 
119
0
-3.56238
0.000473802
0.843249 1.22408e-05 1.64922e-08 1.22408e-05 0.964738 -8.15391e-07 1.64922e-08 -8.15391e-07 1.03523e-06 
120
0
-3.59459
-0.000103234
0.850269 1.07537e-05 1.66492e-08 1.07537e-05 0.972773 -8.15425e-07 1.66492e-08 -8.15425e-07 1.03523e-06 
121
0
-3.62744
0.000184746
0.857289 1.10218e-05 1.67741e-08 1.10218e-05 0.980808 -8.15457e-07 1.67741e-08 -8.15457e-07 1.03523e-06 
122
0
-3.66032
0.000523053
0.864309 1.04032e-05 1.69366e-08 1.04032e-05 0.988842 -8.15486e-07 1.69366e-08 -8.15486e-07 1.03523e-06 
123
0
-3.69388
0.00119753
0.871329 8.72666e-06 1.7113e-08 8.72666e-06 0.996877 -8.15513e-07 1.7113e-08 -8.15513e-07 1.03523e-06 
124
0
-3.72593
0.0003438
0.878349 4.91984e-06 1.73184e-08 4.91984e-06 1.00491 -8.15538e-07 1.73184e-08 -8.15538e-07 1.03523e-06 
125
0
-3.75894
7.25216e-05
0.885369 3.78392e-06 1.74447e-08 3.78392e-06 1.01295 -8.15564e-07 1.74447e-08 -8.15564e-07 1.03523e-06 
126
0
-3.79171
-0.000321757
0.892389 3.50449e-06 1.75813e-08 3.50449e-06 1.02098 -8.15587e-07 1.75813e-08 -8.15587e-07 1.03523e-06 
127
0
-3.82488
5.58145e-05
0.899409 4.49073e-06 1.77075e-08 4.49073e-06 1.02902 -8.15611e-07 1.77075e-08 -8.15611e-07 1.03523e-06 
128
0
-3.85765
-0.000397092
0.906429 4.2617e-06 1.78718e-08 4.2617e-06 1.03705 -8.15633e-07 1.78718e-08 -8.15633e-07 1.03523e-06 
129
0
-3.89063
-0.000326345
0.913449 5.51024e-06 1.79993e-08 5.51024e-06 1.04508 -8.15653e-07 1.79993e-08 -8.15653e-07 1.03523e-06 
130
0
-3.92353
-0.000209723
0.920469 6.53602e-06 1.81447e-08 6.53602e-06 1.05312 -8.15673e-07 1.81447e-08 -8.15673e-07 1.03523e-06 
131
0
-3.95743
0.000133362
0.927489 7.18331e-06 1.82967e-08 7.18331e-06 1.06115 -8.15691e-07 1.82967e-08 -8.15691e-07 1.03523e-06 
132
0
-3.99097
0.000764615
0.934509 6.68944e-06 1.84689e-08 6.68944e-06 1.06919 -8.15711e-07 1.84689e-08 -8.15711e-07 1.03523e-06 
133
0
-4.0229
-0.000224194
0.941529 4.06675e-06 1.86647e-08 4.06675e-06 1.07722 -8.15727e-07 1.86647e-08 -8.15727e-07 1.03523e-06 
134
0
-4.05596
-4.70318e-05
0.948549 4.77909e-06 1.87746e-08 4.77909e-06 1.08526 -8.15742e-07 1.87746e-08 -8.15742e-07 1.03523e-06 
135
0
-4.09016
0.00111328
0.955569 4.8916e-06 1.8926e-08 4.8916e-06 1.09329 -8.15758e-07 1.8926e-08 -8.15758e-07 1.03523e-06 
136
0
-4.12229
0.00033086
0.962589 1.01017e-06 1.91482e-08 1.01017e-06 1.10133 -8.15776e-07 1.91482e-08 -8.15776e-07 1.03523e-06 
137
0
-4.15385
-0.000548039
0.969609 -1.85649e-07 1.928e-08 -1.85649e-07 1.10936 -8.15793e-07 1.928e-08 -8.15793e-07 1.03523e-06 
138
0
-4.18699
-0.000324511
0.976629 1.68086e-06 1.93762e-08 1.68086e-06 1.1174 -8.15808e-07 1.93762e-08 -8.15808e-07 1.03523e-06 
139
0
-4.21921
-0.00051869
0.983649 2.77459e-06 1.95228e-08 2.77459e-06 1.12543 -8.1582e-07 1.95228e-08 -8.1582e-07 1.03523e-06 
140
0
-4.25248
0.000441679
0.990669 4.56483e-06 1.96541e-08 4.56483e-06 1.13347 -8.15832e-07 1.96541e-08 -8.15832e-07 1.03523e-06 
141
0
-4.28586
0.000757812
0.997689 2.93974e-06 1.98506e-08 2.93974e-06 1.1415 -8.15843e-07 1.98506e-08 -8.15843e-07 1.03523e-06 
142
0
-4.31804
-0.000100459
1.00471 1.66856e-07 2.00363e-08 1.66856e-07 1.14954 -8.15855e-07 2.00363e-08 -8.15855e-07 1.03523e-06 
143
0
-4.35206
0.0012566
1.01173 4.82287e-07 2.01524e-08 4.82287e-07 1.15757 -8.15868e-07 2.01524e-08 -8.15868e-07 1.03523e-06 
144
0
-4.38363
-0.000305808
1.01875 -4.14767e-06 2.03777e-08 -4.14767e-06 1.16561 -8.15877e-07 2.03777e-08 -8.15877e-07 1.03523e-06 
145
0
-4.41691
0.000272506
1.02577 -3.07323e-06 2.04648e-08 -3.07323e-06 1.17364 -8.1589e-07 2.04648e-08 -8.1589e-07 1.03523e-06 
146
0
-4.45055
0.0014579
1.03279 -4.12899e-06 2.06338e-08 -4.12899e-06 1.18167 -8.15899e-07 2.06338e-08 -8.15899e-07 1.03523e-06 
147
0
-4.48228
-8.09668e-05
1.03981 -9.60391e-06 2.0862e-08 -9.60391e-06 1.18971 -8.1591e-07 2.0862e-08 -8.1591e-07 1.03523e-06 
148
0
-4.51513
-0.000257104
1.04683 -9.34883e-06 2.09537e-08 -9.34883e-06 1.19774 -8.15918e-07 2.09537e-08 -8.15918e-07 1.03523e-06 
149
0
-4.54841
0.000211797
1.05385 -8.42719e-06 2.10812e-08 -8.42719e-06 1.20578 -8.15926e-07 2.10812e-08 -8.15926e-07 1.03523e-06 
150
0
-4.58068
-0.000203623
1.06087 -9.28007e-06 2.1251e-08 -9.28007e-06 1.21381 -8.15936e-07 2.1251e-08 -8.15936e-07 1.03523e-06 
151
0
-4.61391
-6.77668e-05
1.06789 -8.5499e-06 2.13804e-08 -8.5499e-06 1.22185 -8.15946e-07 2.13804e-08 -8.15946e-07 1.03523e-06 
152
0
-4.6472
0.000331348
1.07491 -8.33751e-06 2.15323e-08 -8.33751e-06 1.22988 -8.15957e-07 2.15323e-08 -8.15957e-07 1.03523e-06 
153
0
-4.67934
-0.000333099
1.08193 -9.66971e-06 2.17056e-08 -9.66971e-06 1.23792 -8.15964e-07 2.17056e-08 -8.15964e-07 1.03523e-06 
154
0
-4.7125
0.000265259
1.08895 -8.41916e-06 2.18229e-08 -8.41916e-06 1.24595 -8.15972e-07 2.18229e-08 -8.15972e-07 1.03523e-06 
155
0
-4.74497
-0.000493979
1.09597 -9.50879e-06 2.19973e-08 -9.50879e-06 1.25399 -8.15982e-07 2.19973e-08 -8.15982e-07 1.03523e-06 
156
0
-4.77814
-0.000551323
1.10299 -7.60582e-06 2.21099e-08 -7.60582e-06 1.26202 -8.15989e-07 2.21099e-08 -8.15989e-07 1.03523e-06 
157
0
-4.81101
-0.000259069
1.11001 -5.46235e-06 2.22438e-08 -5.46235e-06 1.27006 -8.15997e-07 2.22438e-08 -8.15997e-07 1.03523e-06 
158
0
-4.84335
-0.000163541
1.11703 -4.47427e-06 2.23997e-08 -4.47427e-06 1.27809 -8.16004e-07 2.23997e-08 -8.16004e-07 1.03523e-06 
159
0
-4.8757
-0.000636424
1.12405 -3.86426e-06 2.25508e-08 -3.86426e-06 1.28613 -8.16012e-07 2.25508e-08 -8.16012e-07 1.03523e-06 
160
0
-4.90926
-5.74542e-05
1.13107 -1.33403e-06 2.26702e-08 -1.33403e-06 1.29416 -8.1602e-07 2.26702e-08 -8.1602e-07 1.03523e-06 
161
0
-4.94206
-0.000351983
1.13809 -1.14829e-06 2.28425e-08 -1.14829e-06 1.30219 -8.16028e-07 2.28425e-08 -8.16028e-07 1.03523e-06 
162
0
-4.97485
0.000156693
1.14511 2.47249e-07 2.29798e-08 2.47249e-07 1.31023 -8.16038e-07 2.29798e-08 -8.16038e-07 1.03523e-06 
163
0
-5.00705
-1.65105e-05
1.15213 -4.48114e-07 2.31528e-08 -4.48114e-07 1.31826 -8.16046e-07 2.31528e-08 -8.16046e-07 1.03523e-06 
164
0
-5.0396
4.1138e-05
1.15915 -4.28066e-07 2.32982e-08 -4.28066e-07 1.3263 -8.16054e-07 2.32982e-08 -8.16054e-07 1.03523e-06 
165
0
-5.07316
0.000568039
1.16617 -6.48508e-07 2.34509e-08 -6.48508e-07 1.33433 -8.1606e-07 2.34509e-08 -8.1606e-07 1.03523e-06 
166
0
-5.10544
-0.000269854
1.17319 -3.08516e-06 2.36367e-08 -3.08516e-06 1.34237 -8.16067e-07 2.36367e-08 -8.16067e-07 1.03523e-06 
167
0
-5.13852
-0.000143174
1.18021 -1.99236e-06 2.37526e-08 -1.99236e-06 1.3504 -8.16075e-07 2.37526e-08 -8.16075e-07 1.03523e-06 
168
0
-5.17194
0.000735793
1.18723 -1.43175e-06 2.39022e-08 -1.43175e-06 1.35844 -8.16084e-07 2.39022e-08 -8.16084e-07 1.03523e-06 
169
0
-5.20369
-0.000225344
1.19425 -4.62969e-06 2.41042e-08 -4.62969e-06 1.36647 -8.16092e-07 2.41042e-08 -8.16092e-07 1.03523e-06 
170
0
-5.23749
0.000782492
1.20127 -3.70802e-06 2.4216e-08 -3.70802e-06 1.37451 -8.16102e-07 2.4216e-08 -8.16102e-07 1.03523e-06 
171
0
-5.26922
-0.000837285
1.20829 -7.14557e-06 2.44188e-08 -7.14557e-06 1.38254 -8.1611e-07 2.44188e-08 -8.1611e-07 1.03523e-06 
172
0
-5.30288
0.000233158
1.21531 -3.54669e-06 2.44933e-08 -3.54669e-06 1.39058 -8.16119e-07 2.44933e-08 -8.16119e-07 1.03523e-06 
173
0
-5.33611
0.000595349
1.22233 -4.61697e-06 2.46834e-08 -4.61697e-06 1.39861 -8.16125e-07 2.46834e-08 -8.16125e-07 1.03523e-06 
174
0
-5.36794
-0.000601963
1.22935 -7.28934e-06 2.48673e-08 -7.28934e-06 1.40665 -8.16131e-07 2.48673e-08 -8.16131e-07 1.03523e-06 
175
0
-5.40128
-0.000341385
1.23637 -4.66983e-06 2.49603e-08 -4.66983e-06 1.41468 -8.16137e-07 2.49603e-08 -8.16137e-07 1.03523e-06 
176
0
-5.43373
-0.000897619
1.24339 -3.1967e-06 2.51094e-08 -3.1967e-06 1.42271 -8.16144e-07 2.51094e-08 -8.16144e-07 1.03523e-06 
177
0
-5.46707
0.000421901
1.25041 7.78772e-07 2.52219e-08 7.78772e-07 1.43075 -8.1615e-07 2.52219e-08 -8.1615e-07 1.03523e-06 
178
0
-5.50005
0.00066034
1.25743 -1.17208e-06 2.54314e-08 -1.17208e-06 1.43878 -8.16158e-07 2.54314e-08 -8.16158e-07 1.03523e-06 
179
0
-5.53193
-0.000340123
1.26445 -4.21467e-06 2.56141e-08 -4.21467e-06 1.44682 -8.16164e-07 2.56141e-08 -8.16164e-07 1.03523e-06 
180
0
-5.56483
-0.000191748
1.27147 -2.71266e-06 2.57199e-08 -2.71266e-06 1.45485 -8.16171e-07 2.57199e-08 -8.16171e-07 1.03523e-06 
181
0
-5.5985
0.000584465
1.27849 -1.8823e-06 2.58674e-08 -1.8823e-06 1.46289 -8.16176e-07 2.58674e-08 -8.16176e-07 1.03523e-06 
182
0
-5.63162
0.000214148
1.28551 -4.62541e-06 2.60635e-08 -4.62541e-06 1.47092 -8.16184e-07 2.60635e-08 -8.16184e-07 1.03523e-06 
183
0
-5.66414
-0.000328353
1.29253 -5.66679e-06 2.62116e-08 -5.66679e-06 1.47896 -8.16194e-07 2.62116e-08 -8.16194e-07 1.03523e-06 
184
0
-5.69713
-0.000345356
1.29955 -4.18519e-06 2.63333e-08 -4.18519e-06 1.48699 -8.16202e-07 2.63333e-08 -8.16202e-07 1.03523e-06 
185
0
-5.7298
-0.000259246
1.30657 -2.61561e-06 2.64744e-08 -2.61561e-06 1.49503 -8.1621e-07 2.64744e-08 -8.1621e-07 1.03523e-06 
186
0
-5.76217
-0.000859597
1.31359 -1.44298e-06 2.66234e-08 -1.44298e-06 1.50306 -8.16218e-07 2.66234e-08 -8.16218e-07 1.03523e-06 
187
0
-5.79567
4.59769e-05
1.32061 2.57995e-06 2.67347e-08 2.57995e-06 1.5111 -8.16225e-07 2.67347e-08 -8.16225e-07 1.03523e-06 
188
0
-5.82839
-1.02134e-05
1.32763 2.31217e-06 2.69218e-08 2.31217e-06 1.51913 -8.16231e-07 2.69218e-08 -8.16231e-07 1.03523e-06 
189
0
-5.86178
6.67475e-05
1.33465 2.31224e-06 2.70775e-08 2.31224e-06 1.52717 -8.16237e-07 2.70775e-08 -8.16237e-07 1.03523e-06 
190
0
-5.89487
0.000270017
1.34167 1.94216e-06 2.72372e-08 1.94216e-06 1.5352 -8.16245e-07 2.72372e-08 -8.16245e-07 1.03523e-06 
191
0
-5.92768
9.59825e-06
1.34869 5.86902e-07 2.74048e-08 5.86902e-07 1.54323 -8.16252e-07 2.74048e-08 -8.16252e-07 1.03523e-06 
192
0
-5.96065
0.0011466
1.35571 4.91369e-07 2.7549e-08 4.91369e-07 1.55127 -8.16259e-07 2.7549e-08 -8.16259e-07 1.03523e-06 
193
0
-5.99258
-0.000176398
1.36273 -5.16325e-06 2.77658e-08 -5.16325e-06 1.5593 -8.16266e-07 2.77658e-08 -8.16266e-07 1.03523e-06 
194
0
-6.02497
-0.00058635
1.36975 -4.34522e-06 2.78666e-08 -4.34522e-06 1.56734 -8.16273e-07 2.78666e-08 -8.16273e-07 1.03523e-06 
195
0
-6.0589
0.000662925
1.37677 -1.49771e-06 2.79814e-08 -1.49771e-06 1.57537 -8.16278e-07 2.79814e-08 -8.16278e-07 1.03523e-06 
196
0
-6.09107
-0.000230601
1.38379 -4.83813e-06 2.81941e-08 -4.83813e-06 1.58341 -8.16283e-07 2.81941e-08 -8.16283e-07 1.03523e-06 
197
0
-6.12409
0.000154522
1.39081 -3.73624e-06 2.83123e-08 -3.73624e-06 1.59144 -8.16292e-07 2.83123e-08 -8.16292e-07 1.03523e-06 
198
0
-6.15739
0.000595044
1.39783 -4.56024e-06 2.84774e-08 -4.56024e-06 1.59948 -8.16298e-07 2.84774e-08 -8.16298e-07 1.03523e-06 
199
0
-6.1887
-0.000728623
1.40485 -7.60894e-06 2.86607e-08 -7.60894e-06 1.60751 -8.16304e-07 2.86607e-08 -8.16304e-07 1.03523e-06 
200
0
-6.22231
-3.21104e-05
1.41187 -3.96627e-06 2.87444e-08 -3.96627e-06 1.61555 -8.16311e-07 2.87444e-08 -8.16311e-07 1.03523e-06 
201
0
-6.25532
-0.000153877
1.41889 -3.85177e-06 2.89162e-08 -3.85177e-06 1.62358 -8.16317e-07 2.89162e-08 -8.16317e-07 1.03523e-06 
202
0
-6.28886
0.00028011
1.42591 -3.11334e-06 2.90645e-08 -3.11334e-06 1.63162 -8.16323e-07 2.90645e-08 -8.16323e-07 1.03523e-06 
203
0
-6.32176
0.000274471
1.43293 -4.60288e-06 2.9241e-08 -4.60288e-06 1.63965 -8.16329e-07 2.9241e-08 -8.16329e-07 1.03523e-06 
204
0
-6.35424
0.000115495
1.43995 -6.07037e-06 2.9401e-08 -6.07037e-06 1.64769 -8.16336e-07 2.9401e-08 -8.16336e-07 1.03523e-06 
205
0
-6.38665
-0.00022611
1.44697 -6.71922e-06 2.95475e-08 -6.71922e-06 1.65572 -8.16342e-07 2.95475e-08 -8.16342e-07 1.03523e-06 
206
0
-6.42047
0.00125539
1.45399 -5.58825e-06 2.96783e-08 -5.58825e-06 1.66375 -8.16347e-07 2.96783e-08 -8.16347e-07 1.03523e-06 
207
0
-6.45342
0.00125512
1.46101 -1.22208e-05 2.99116e-08 -1.22208e-05 1.67179 -8.16352e-07 2.99116e-08 -8.16352e-07 1.03523e-06 
208
0
-6.48482
-0.000534885
1.46803 -1.88837e-05 3.00959e-08 -1.88837e-05 1.67982 -8.16358e-07 3.00959e-08 -8.16358e-07 1.03523e-06 
209
0
-6.51861
0.000219519
1.47505 -1.61006e-05 3.01621e-08 -1.61006e-05 1.68786 -8.16364e-07 3.01621e-08 -8.16364e-07 1.03523e-06 
210
0
-6.55165
0.000183107
1.48207 -1.73176e-05 3.03364e-08 -1.73176e-05 1.69589 -8.16371e-07 3.03364e-08 -8.16371e-07 1.03523e-06 
211
0
-6.58427
-0.000608481
1.48909 -1.83456e-05 3.04924e-08 -1.83456e-05 1.70393 -8.16378e-07 3.04924e-08 -8.16378e-07 1.03523e-06 
212
0
-6.61837
0.00101567
1.49611 -1.51266e-05 3.05996e-08 -1.51266e-05 1.71196 -8.16384e-07 3.05996e-08 -8.16384e-07 1.03523e-06 
213
0
-6.65027
0.00039497
1.50313 -2.06567e-05 3.08312e-08 -2.06567e-05 1.72 -8.16391e-07 3.08312e-08 -8.16391e-07 1.03523e-06 
214
0
-6.68308
0.000941067
1.51015 -2.28472e-05 3.09709e-08 -2.28472e-05 1.72803 -8.16396e-07 3.09709e-08 -8.16396e-07 1.03523e-06 
215
0
-6.71509
0.000496648
1.51717 -2.80225e-05 3.11556e-08 -2.80225e-05 1.73607 -8.16403e-07 3.11556e-08 -8.16403e-07 1.03523e-06 
216
0
-6.74738
1.51136e-05
1.52419 -3.07895e-05 3.12958e-08 -3.07895e-05 1.7441 -8.16412e-07 3.12958e-08 -8.16412e-07 1.03523e-06 
217
0
-6.78114
0.000574467
1.53121 -3.09219e-05 3.14204e-08 -3.09219e-05 1.75214 -8.16419e-07 3.14204e-08 -8.16419e-07 1.03523e-06 
218
0
-6.81396
0.000567053
1.53823 -3.4144e-05 3.16005e-08 -3.4144e-05 1.76017 -8.16426e-07 3.16005e-08 -8.16426e-07 1.03523e-06 
219
0
-6.84666
0.000362451
1.54525 -3.73396e-05 3.17621e-08 -3.73396e-05 1.76821 -8.16433e-07 3.17621e-08 -8.16433e-07 1.03523e-06 
220
0
-6.87846
-0.000626769
1.55227 -3.94091e-05 3.19084e-08 -3.94091e-05 1.77624 -8.16441e-07 3.19084e-08 -8.16441e-07 1.03523e-06 
221
0
-6.91193
0.000419386
1.55929 -3.5949e-05 3.20001e-08 -3.5949e-05 1.78427 -8.16449e-07 3.20001e-08 -8.16449e-07 1.03523e-06 
222
0
-6.94482
0.000528512
1.56631 -3.83572e-05 3.21913e-08 -3.83572e-05 1.79231 -8.16454e-07 3.21913e-08 -8.16454e-07 1.03523e-06 
223
0
-6.97805
0.000602876
1.57333 -4.13927e-05 3.23594e-08 -4.13927e-05 1.80034 -8.16459e-07 3.23594e-08 -8.16459e-07 1.03523e-06 
224
0
-7.01013
-2.00561e-05
1.58035 -4.48636e-05 3.25244e-08 -4.48636e-05 1.80838 -8.16468e-07 3.25244e-08 -8.16468e-07 1.03523e-06 
225
0
-7.04248
-0.000754283
1.58737 -4.47986e-05 3.2645e-08 -4.47986e-05 1.81641 -8.16476e-07 3.2645e-08 -8.16476e-07 1.03523e-06 
226
0
-7.07667
0.000699278
1.59439 -4.05289e-05 3.27434e-08 -4.05289e-05 1.82445 -8.16483e-07 3.27434e-08 -8.16483e-07 1.03523e-06 
227
0
-7.1086
0.000301224
1.60141 -4.46002e-05 3.29601e-08 -4.46002e-05 1.83248 -8.16487e-07 3.29601e-08 -8.16487e-07 1.03523e-06 
228
0
-7.14185
0.000174501
1.60843 -4.63898e-05 3.31039e-08 -4.63898e-05 1.84052 -8.16493e-07 3.31039e-08 -8.16493e-07 1.03523e-06 
229
0
-7.17446
-0.000196309
1.61545 -4.74517e-05 3.32499e-08 -4.74517e-05 1.84855 -8.16499e-07 3.32499e-08 -8.16499e-07 1.03523e-06 
230
0
-7.20806
0.000391185
1.62247 -4.63572e-05 3.33778e-08 -4.63572e-05 1.85659 -8.16506e-07 3.33778e-08 -8.16506e-07 1.03523e-06 
231
0
-7.24157
0.000465698
1.62949 -4.86962e-05 3.3556e-08 -4.86962e-05 1.86462 -8.16513e-07 3.3556e-08 -8.16513e-07 1.03523e-06 
232
0
-7.27383
-0.000638323
1.63651 -5.14832e-05 3.3722e-08 -5.14832e-05 1.87266 -8.1652e-07 3.3722e-08 -8.1652e-07 1.03523e-06 
233
0
-7.3073
0.000178513
1.64353 -4.77643e-05 3.38144e-08 -4.77643e-05 1.88069 -8.16529e-07 3.38144e-08 -8.16529e-07 1.03523e-06 
234
0
-7.34017
0.0001948
1.65055 -4.88723e-05 3.39927e-08 -4.88723e-05 1.88873 -8.16536e-07 3.39927e-08 -8.16536e-07 1.03523e-06 
235
0
-7.37284
-8.59296e-05
1.65757 -5.00817e-05 3.41499e-08 -5.00817e-05 1.89676 -8.16542e-07 3.41499e-08 -8.16542e-07 1.03523e-06 
236
0
-7.40616
0.000536579
1.66459 -4.96175e-05 3.42861e-08 -4.96175e-05 1.90479 -8.1655e-07 3.42861e-08 -8.1655e-07 1.03523e-06 
237
0
-7.43868
0.000256542
1.67161 -5.28893e-05 3.44688e-08 -5.28893e-05 1.91283 -8.16558e-07 3.44688e-08 -8.16558e-07 1.03523e-06 
238
0
-7.47183
-0.000131675
1.67863 -5.44859e-05 3.46139e-08 -5.44859e-05 1.92086 -8.16565e-07 3.46139e-08 -8.16565e-07 1.03523e-06 
239
0
-7.50503
0.000184586
1.68565 -5.37381e-05 3.47446e-08 -5.37381e-05 1.9289 -8.16571e-07 3.47446e-08 -8.16571e-07 1.03523e-06 
240
0
-7.53787
-9.98252e-05
1.69267 -5.49103e-05 3.49076e-08 -5.49103e-05 1.93693 -8.16577e-07 3.49076e-08 -8.16577e-07 1.03523e-06 
241
0
-7.57084
-0.000361605
1.69969 -5.43503e-05 3.50451e-08 -5.43503e-05 1.94497 -8.16584e-07 3.50451e-08 -8.16584e-07 1.03523e-06 
242
0
-7.60398
0.000455532
1.70671 -5.21826e-05 3.5176e-08 -5.21826e-05 1.953 -8.16589e-07 3.5176e-08 -8.16589e-07 1.03523e-06 
243
0
-7.63785
0.00146288
1.71373 -5.50372e-05 3.53645e-08 -5.50372e-05 1.96104 -8.16594e-07 3.53645e-08 -8.16594e-07 1.03523e-06 
244
0
-7.66936
-0.000187515
1.72075 -6.41314e-05 3.55891e-08 -6.41314e-05 1.96907 -8.16601e-07 3.55891e-08 -8.16601e-07 1.03523e-06 
245
0
-7.70332
0.000117391
1.72777 -6.30169e-05 3.56727e-08 -6.30169e-05 1.97711 -8.16609e-07 3.56727e-08 -8.16609e-07 1.03523e-06 
246
0
-7.73561
-0.000206746
1.73479 -6.37984e-05 3.58289e-08 -6.37984e-05 1.98514 -8.16616e-07 3.58289e-08 -8.16616e-07 1.03523e-06 
247
0
-7.76967
0.000796389
1.74181 -6.25542e-05 3.59595e-08 -6.25542e-05 1.99318 -8.16625e-07 3.59595e-08 -8.16625e-07 1.03523e-06 
248
0
-7.80211
0.000781088
1.74883 -6.76086e-05 3.61642e-08 -6.76086e-05 2.00121 -8.16631e-07 3.61642e-08 -8.16631e-07 1.03523e-06 
249
0
-7.8325
-0.00149484
1.75585 -7.25866e-05 3.63317e-08 -7.25866e-05 2.00925 -8.16638e-07 3.63317e-08 -8.16638e-07 1.03523e-06 
250
0
-7.86582
-0.000825842
1.76287 -6.31667e-05 3.63544e-08 -6.31667e-05 2.01728 -8.16643e-07 3.63544e-08 -8.16643e-07 1.03523e-06 
251
0
-7.89921
9.17266e-05
1.76989 -5.79641e-05 3.6499e-08 -5.79641e-05 2.02531 -8.16649e-07 3.6499e-08 -8.16649e-07 1.03523e-06 
252
0
-7.9323
0.000793477
1.77691 -5.85996e-05 3.66899e-08 -5.85996e-05 2.03335 -8.16654e-07 3.66899e-08 -8.16654e-07 1.03523e-06 
253
0
-7.96456
0.000326198
1.78393 -6.37364e-05 3.68895e-08 -6.37364e-05 2.04138 -8.16662e-07 3.68895e-08 -8.16662e-07 1.03523e-06 
254
0
-7.99714
0.00050219
1.79095 -6.58858e-05 3.70305e-08 -6.58858e-05 2.04942 -8.16671e-07 3.70305e-08 -8.16671e-07 1.03523e-06 
255
0
-8.02912
-0.000261262
1.79797 -6.91807e-05 3.71923e-08 -6.91807e-05 2.05745 -8.16677e-07 3.71923e-08 -8.16677e-07 1.03523e-06 
256
0
-8.06269
0.000279615
1.80499 -6.75357e-05 3.73039e-08 -6.75357e-05 2.06549 -8.16683e-07 3.73039e-08 -8.16683e-07 1.03523e-06 
257
0
-8.09545
0.00020844
1.81201 -6.94066e-05 3.74766e-08 -6.94066e-05 2.07352 -8.1669e-07 3.74766e-08 -8.1669e-07 1.03523e-06 
258
0
-8.12782
-0.00027983
1.81903 -7.08193e-05 3.76296e-08 -7.08193e-05 2.08156 -8.16696e-07 3.76296e-08 -8.16696e-07 1.03523e-06 
259
0
-8.16021
-0.000304956
1.82605 -6.90327e-05 3.77527e-08 -6.90327e-05 2.08959 -8.16705e-07 3.77527e-08 -8.16705e-07 1.03523e-06 
260
0
-8.19381
0.000173814
1.83307 -6.70734e-05 3.789e-08 -6.70734e-05 2.09763 -8.16711e-07 3.789e-08 -8.16711e-07 1.03523e-06 
261
0
-8.22661
-0.000306622
1.84009 -6.8273e-05 3.80635e-08 -6.8273e-05 2.10566 -8.16716e-07 3.80635e-08 -8.16716e-07 1.03523e-06 
262
0
-8.25896
-0.000970969
1.84711 -6.62873e-05 3.81923e-08 -6.62873e-05 2.1137 -8.16722e-07 3.81923e-08 -8.16722e-07 1.03523e-06 
263
0
-8.29209
-0.000656395
1.85413 -5.98662e-05 3.8294e-08 -5.98662e-05 2.12173 -8.16729e-07 3.8294e-08 -8.16729e-07 1.03523e-06 
264
0
-8.32589
0.000407905
1.86115 -5.5525e-05 3.84408e-08 -5.5525e-05 2.12977 -8.16735e-07 3.84408e-08 -8.16735e-07 1.03523e-06 
265
0
-8.35793
0.00019311
1.86817 -5.83142e-05 3.86465e-08 -5.83142e-05 2.1378 -8.16741e-07 3.86465e-08 -8.16741e-07 1.03523e-06 
266
0
-8.39102
0.000738988
1.87519 -5.9666e-05 3.87979e-08 -5.9666e-05 2.14583 -8.16747e-07 3.87979e-08 -8.16747e-07 1.03523e-06 
267
0
-8.4244
0.000589357
1.88221 -6.47161e-05 3.89845e-08 -6.47161e-05 2.15387 -8.16754e-07 3.89845e-08 -8.16754e-07 1.03523e-06 
268
0
-8.45648
-0.00022571
1.88923 -6.87687e-05 3.91464e-08 -6.87687e-05 2.1619 -8.16763e-07 3.91464e-08 -8.16763e-07 1.03523e-06 
269
0
-8.4895
-0.000136745
1.89625 -6.72802e-05 3.92579e-08 -6.72802e-05 2.16994 -8.16771e-07 3.92579e-08 -8.16771e-07 1.03523e-06 
270
0
-8.52276
0.000285032
1.90327 -6.63947e-05 3.94041e-08 -6.63947e-05 2.17797 -8.16776e-07 3.94041e-08 -8.16776e-07 1.03523e-06 
271
0
-8.55526
0.000161382
1.91029 -6.84023e-05 3.95778e-08 -6.84023e-05 2.18601 -8.16783e-07 3.95778e-08 -8.16783e-07 1.03523e-06 
272
0
-8.5881
0.000145489
1.91731 -6.95649e-05 3.97283e-08 -6.95649e-05 2.19404 -8.1679e-07 3.97283e-08 -8.1679e-07 1.03523e-06 
273
0
-8.62132
0.000240416
1.92433 -7.06216e-05 3.98803e-08 -7.06216e-05 2.20208 -8.16796e-07 3.98803e-08 -8.16796e-07 1.03523e-06 
274
0
-8.65417
0.00013604
1.93135 -7.23412e-05 4.00401e-08 -7.23412e-05 2.21011 -8.16802e-07 4.00401e-08 -8.16802e-07 1.03523e-06 
275
0
-8.68753
0.000786393
1.93837 -7.33395e-05 4.01898e-08 -7.33395e-05 2.21815 -8.1681e-07 4.01898e-08 -8.1681e-07 1.03523e-06 
276
0
-8.71961
0.000291657
1.94539 -7.889e-05 4.03813e-08 -7.889e-05 2.22618 -8.16818e-07 4.03813e-08 -8.16818e-07 1.03523e-06 
277
0
-8.75346
0.00135224
1.95241 -8.09876e-05 4.05187e-08 -8.09876e-05 2.23422 -8.16823e-07 4.05187e-08 -8.16823e-07 1.03523e-06 
278
0
-8.78494
0.000471629
1.95943 -9.05645e-05 4.07354e-08 -9.05645e-05 2.24225 -8.16831e-07 4.07354e-08 -8.16831e-07 1.03523e-06 
279
0
-8.81801
0.000881468
1.96645 -9.39494e-05 4.08603e-08 -9.39494e-05 2.25029 -8.16837e-07 4.08603e-08 -8.16837e-07 1.03523e-06 
280
0
-8.85029
0.00016344
1.97347 -0.000100255 4.1036e-08 -0.000100255 2.25832 -8.16845e-07 4.1036e-08 -8.16845e-07 1.03523e-06 
281
0
-8.88299
0.000396878
1.98049 -0.000101469 4.11583e-08 -0.000101469 2.26635 -8.16852e-07 4.11583e-08 -8.16852e-07 1.03523e-06 
282
0
-8.91473
-0.000868669
1.98751 -0.000104355 4.13167e-08 -0.000104355 2.27439 -8.1686e-07 4.13167e-08 -8.1686e-07 1.03523e-06 
283
0
-8.94815
0.000428481
1.99453 -9.81758e-05 4.1395e-08 -9.81758e-05 2.28242 -8.1687e-07 4.1395e-08 -8.1687e-07 1.03523e-06 
284
0
-8.98097
7.25383e-05
2.00155 -0.00010131 4.15943e-08 -0.00010131 2.29046 -8.16875e-07 4.15943e-08 -8.16875e-07 1.03523e-06 
