0
0
0
-0.00084376
0.00632102 -7.44339e-05 -4.31087e-09 -7.44339e-05 0.0065425 -1.42373e-07 -4.31087e-09 -1.42373e-07 1.21851e-06 
1
0
0
-0.000243117
0.0093053 -0.000180883 -4.25429e-09 -0.000180883 0.00905162 -1.84356e-07 -4.25429e-09 -1.84356e-07 1.03651e-06 
2
0
0
0.000136736
0.0107701 -0.000255989 -3.83758e-09 -0.000255989 0.00996569 -2.08412e-07 -3.83758e-09 -2.08412e-07 1.03685e-06 
3
0
0
0.000452061
0.0114639 -0.000297128 -3.45575e-09 -0.000297128 0.010272 -2.19325e-07 -3.45575e-09 -2.19325e-07 1.0371e-06 
4
0
0
0.000263335
0.0117902 -0.000317551 -3.18772e-09 -0.000317551 0.0103719 -2.24984e-07 -3.18772e-09 -2.24984e-07 1.03671e-06 
5
0
0
0.000882295
0.0119437 -0.000327274 -2.99668e-09 -0.000327274 0.0104043 -2.28775e-07 -2.99668e-09 -2.28775e-07 1.03631e-06 
6
0
0
0.000227758
0.0120159 -0.000331804 -2.84614e-09 -0.000331804 0.0104149 -2.31859e-07 -2.84614e-09 -2.31859e-07 1.036e-06 
7
0
0
-0.00132612
0.01205 -0.000333914 -2.7248e-09 -0.000333914 0.0104184 -2.34607e-07 -2.7248e-09 -2.34607e-07 1.03576e-06 
8
0
0
-0.000175602
0.0120662 -0.000334914 -2.62575e-09 -0.000334914 0.0104197 -2.37127e-07 -2.62575e-09 -2.37127e-07 1.03558e-06 
9
0
0
0.000669425
0.0120739 -0.000335359 -2.52015e-09 -0.000335359 0.0104202 -2.39453e-07 -2.52015e-09 -2.39453e-07 1.03545e-06 
10
0
0
-0.000388614
0.0120777 -0.000335556 -2.41733e-09 -0.000335556 0.0104204 -2.41592e-07 -2.41733e-09 -2.41592e-07 1.03535e-06 
11
0
0
-8.07728e-05
0.0120795 -0.000335669 -2.33436e-09 -0.000335669 0.0104206 -2.43551e-07 -2.33436e-09 -2.43551e-07 1.03528e-06 
12
0
0
0.00072734
0.0120804 -0.000335718 -2.25116e-09 -0.000335718 0.0104207 -2.45337e-07 -2.25116e-09 -2.45337e-07 1.03523e-06 
13
0
0
7.63175e-06
0.0120809 -0.000335732 -2.1685e-09 -0.000335732 0.0104208 -2.46958e-07 -2.1685e-09 -2.46958e-07 1.03519e-06 
14
0
0
-0.000713579
0.0120812 -0.000335753 -2.09677e-09 -0.000335753 0.0104209 -2.48432e-07 -2.09677e-09 -2.48432e-07 1.03517e-06 
15
0
0
-0.000266757
0.0120814 -0.000335776 -2.0362e-09 -0.000335776 0.010421 -2.49756e-07 -2.0362e-09 -2.49756e-07 1.03515e-06 
16
0
0
7.43679e-05
0.0120815 -0.00033578 -1.97539e-09 -0.00033578 0.010421 -2.50942e-07 -1.97539e-09 -2.50942e-07 1.03514e-06 
17
0
0
-0.00050336
0.0120815 -0.000335778 -1.9201e-09 -0.000335778 0.0104211 -2.52003e-07 -1.9201e-09 -2.52003e-07 1.03514e-06 
18
0
0
-7.01366e-05
0.0120816 -0.000335788 -1.87728e-09 -0.000335788 0.0104211 -2.52948e-07 -1.87728e-09 -2.52948e-07 1.03514e-06 
19
0
0
-0.000198262
0.0120816 -0.000335786 -1.83309e-09 -0.000335786 0.0104212 -2.5379e-07 -1.83309e-09 -2.5379e-07 1.03514e-06 
20
0
0
0.000391702
0.0120816 -0.000335789 -1.7961e-09 -0.000335789 0.0104212 -2.54536e-07 -1.7961e-09 -2.54536e-07 1.03514e-06 
21
0
0
-0.000501213
0.0120817 -0.000335781 -1.75759e-09 -0.000335781 0.0104212 -2.55197e-07 -1.75759e-09 -2.55197e-07 1.03515e-06 
22
0
0
-0.000162767
0.0120817 -0.000335793 -1.73184e-09 -0.000335793 0.0104213 -2.55776e-07 -1.73184e-09 -2.55776e-07 1.03515e-06 
23
0
0
0.000116848
0.0120817 -0.000335793 -1.70353e-09 -0.000335793 0.0104213 -2.56288e-07 -1.70353e-09 -2.56288e-07 1.03516e-06 
24
0
0
0.00039146
0.0120817 -0.000335789 -1.67725e-09 -0.000335789 0.0104213 -2.56738e-07 -1.67725e-09 -2.56738e-07 1.03516e-06 
25
0
0
0.000373291
0.0120817 -0.000335784 -1.6543e-09 -0.000335784 0.0104213 -2.57135e-07 -1.6543e-09 -2.57135e-07 1.03517e-06 
26
0
0
0.000293866
0.0120817 -0.000335783 -1.63574e-09 -0.000335783 0.0104213 -2.57485e-07 -1.63574e-09 -2.57485e-07 1.03517e-06 
27
0
0
-0.000560271
0.0120817 -0.000335784 -1.62133e-09 -0.000335784 0.0104213 -2.57793e-07 -1.62133e-09 -2.57793e-07 1.03518e-06 
28
0
0
-0.000842523
0.0120817 -0.000335798 -1.61574e-09 -0.000335798 0.0104214 -2.58064e-07 -1.61574e-09 -2.58064e-07 1.03518e-06 
29
0
0
-0.000278735
0.0120817 -0.000335808 -1.6121e-09 -0.000335808 0.0104214 -2.58307e-07 -1.6121e-09 -2.58307e-07 1.03519e-06 
30
0
0
-0.000571765
0.0120817 -0.000335803 -1.60152e-09 -0.000335803 0.0104214 -2.58519e-07 -1.60152e-09 -2.58519e-07 1.03519e-06 
31
0
0
-0.000903432
0.0120817 -0.000335806 -1.5958e-09 -0.000335806 0.0104214 -2.58704e-07 -1.5958e-09 -2.58704e-07 1.03519e-06 
32
0
0
-0.000674606
0.0120817 -0.000335813 -1.59246e-09 -0.000335813 0.0104214 -2.58866e-07 -1.59246e-09 -2.58866e-07 1.0352e-06 
33
0
0
6.02122e-05
0.0120817 -0.000335812 -1.58489e-09 -0.000335812 0.0104214 -2.59006e-07 -1.58489e-09 -2.59006e-07 1.0352e-06 
34
0
0
-0.000205936
0.0120817 -0.0003358 -1.57225e-09 -0.0003358 0.0104214 -2.59127e-07 -1.57225e-09 -2.59127e-07 1.0352e-06 
35
0
0
0.000128849
0.0120817 -0.0003358 -1.56752e-09 -0.0003358 0.0104214 -2.59231e-07 -1.56752e-09 -2.59231e-07 1.0352e-06 
36
0
0
-0.000161178
0.0120817 -0.000335795 -1.56089e-09 -0.000335795 0.0104214 -2.59322e-07 -1.56089e-09 -2.59322e-07 1.03521e-06 
37
0
0
-4.73861e-05
0.0120817 -0.000335797 -1.55785e-09 -0.000335797 0.0104214 -2.59402e-07 -1.55785e-09 -2.59402e-07 1.03521e-06 
38
0
0
0.000691193
0.0120817 -0.000335796 -1.54599e-09 -0.000335796 0.0104214 -2.59474e-07 -1.54599e-09 -2.59474e-07 1.03521e-06 
39
0
0
0.000743476
0.0120817 -0.000335785 -1.53099e-09 -0.000335785 0.0104214 -2.59538e-07 -1.53099e-09 -2.59538e-07 1.03521e-06 
40
0
0
0.000303945
0.0120817 -0.000335779 -1.52244e-09 -0.000335779 0.0104214 -2.59593e-07 -1.52244e-09 -2.59593e-07 1.03521e-06 
41
0
0
-0.000569858
0.0120817 -0.000335784 -1.52096e-09 -0.000335784 0.0104214 -2.59641e-07 -1.52096e-09 -2.59641e-07 1.03521e-06 
42
0
0
-0.000567127
0.0120817 -0.0003358 -1.52549e-09 -0.0003358 0.0104214 -2.59681e-07 -1.52549e-09 -2.59681e-07 1.03521e-06 
43
0
0
-0.000983398
0.0120817 -0.000335806 -1.52588e-09 -0.000335806 0.0104214 -2.59717e-07 -1.52588e-09 -2.59717e-07 1.03522e-06 
44
0
0
-0.000634041
0.0120817 -0.000335815 -1.52875e-09 -0.000335815 0.0104214 -2.59747e-07 -1.52875e-09 -2.59747e-07 1.03522e-06 
45
0
0
0.00035672
0.0120817 -0.000335813 -1.51861e-09 -0.000335813 0.0104214 -2.59771e-07 -1.51861e-09 -2.59771e-07 1.03522e-06 
46
0
0
6.86626e-05
0.0120817 -0.000335796 -1.50334e-09 -0.000335796 0.0104214 -2.59793e-07 -1.50334e-09 -2.59793e-07 1.03522e-06 
47
0
0
-0.000605171
0.0120817 -0.000335795 -1.49921e-09 -0.000335795 0.0104214 -2.59813e-07 -1.49921e-09 -2.59813e-07 1.03522e-06 
48
0
0
-0.00042232
0.0120817 -0.000335805 -1.50312e-09 -0.000335805 0.0104214 -2.59829e-07 -1.50312e-09 -2.59829e-07 1.03522e-06 
49
0
0
-0.000568261
0.0120817 -0.000335806 -1.50261e-09 -0.000335806 0.0104214 -2.59845e-07 -1.50261e-09 -2.59845e-07 1.03522e-06 
50
0
0
-0.000451099
0.0120817 -0.000335808 -1.50336e-09 -0.000335808 0.0104214 -2.59858e-07 -1.50336e-09 -2.59858e-07 1.03522e-06 
51
0
0
-0.000470093
0.0120817 -0.000335807 -1.50286e-09 -0.000335807 0.0104214 -2.59869e-07 -1.50286e-09 -2.59869e-07 1.03522e-06 
52
0
0
0.000270029
0.0120817 -0.000335807 -1.5034e-09 -0.000335807 0.0104214 -2.59879e-07 -1.5034e-09 -2.59879e-07 1.03522e-06 
53
0
0
0.000337254
0.0120817 -0.000335796 -1.49736e-09 -0.000335796 0.0104214 -2.59888e-07 -1.49736e-09 -2.59888e-07 1.03522e-06 
54
0
0
0.000630022
0.0120817 -0.00033579 -1.49013e-09 -0.00033579 0.0104214 -2.59894e-07 -1.49013e-09 -2.59894e-07 1.03522e-06 
55
0
0
-0.000396967
0.0120817 -0.000335783 -1.48367e-09 -0.000335783 0.0104214 -2.599e-07 -1.48367e-09 -2.599e-07 1.03522e-06 
56
0
0
0.000418689
0.0120817 -0.000335797 -1.4898e-09 -0.000335797 0.0104214 -2.59905e-07 -1.4898e-09 -2.59905e-07 1.03522e-06 
57
0
0
0.000530818
0.0120817 -0.00033579 -1.48435e-09 -0.00033579 0.0104214 -2.5991e-07 -1.48435e-09 -2.5991e-07 1.03522e-06 
58
0
0
0.000433194
0.0120817 -0.000335785 -1.4819e-09 -0.000335785 0.0104214 -2.59914e-07 -1.4819e-09 -2.59914e-07 1.03522e-06 
59
0
0
0.000991917
0.0120817 -0.000335785 -1.48186e-09 -0.000335785 0.0104214 -2.59918e-07 -1.48186e-09 -2.59918e-07 1.03522e-06 
60
0
0
0.000312372
0.0120817 -0.000335776 -1.47662e-09 -0.000335776 0.0104214 -2.59921e-07 -1.47662e-09 -2.59921e-07 1.03522e-06 
61
0
0
-0.000864502
0.0120817 -0.000335783 -1.4778e-09 -0.000335783 0.0104214 -2.59927e-07 -1.4778e-09 -2.59927e-07 1.03522e-06 
62
0
0
0.000315089
0.0120817 -0.000335804 -1.48759e-09 -0.000335804 0.0104214 -2.59931e-07 -1.48759e-09 -2.59931e-07 1.03522e-06 
63
0
0
0.000296768
0.0120817 -0.000335794 -1.481e-09 -0.000335794 0.0104214 -2.59934e-07 -1.481e-09 -2.59934e-07 1.03522e-06 
64
0
0
-0.000366372
0.0120817 -0.00033579 -1.479e-09 -0.00033579 0.0104214 -2.59936e-07 -1.479e-09 -2.59936e-07 1.03522e-06 
65
0
0
-0.000593572
0.0120817 -0.000335799 -1.48394e-09 -0.000335799 0.0104214 -2.59939e-07 -1.48394e-09 -2.59939e-07 1.03522e-06 
66
0
0
0.000301759
0.0120817 -0.000335806 -1.48698e-09 -0.000335806 0.0104214 -2.59941e-07 -1.48698e-09 -2.59941e-07 1.03522e-06 
67
0
0
-0.000641971
0.0120817 -0.000335795 -1.48031e-09 -0.000335795 0.0104214 -2.59942e-07 -1.48031e-09 -2.59942e-07 1.03522e-06 
68
0
0
0.000141977
0.0120817 -0.000335805 -1.48689e-09 -0.000335805 0.0104214 -2.59943e-07 -1.48689e-09 -2.59943e-07 1.03522e-06 
69
0
0
-0.000693464
0.0120817 -0.000335797 -1.48e-09 -0.000335797 0.0104214 -2.59939e-07 -1.48e-09 -2.59939e-07 1.03522e-06 
70
0
0
-0.000476743
0.0120817 -0.000335807 -1.48435e-09 -0.000335807 0.0104214 -2.59937e-07 -1.48435e-09 -2.59937e-07 1.03522e-06 
71
0
0
0.000496884
0.0120817 -0.000335808 -1.4836e-09 -0.000335808 0.0104214 -2.59936e-07 -1.4836e-09 -2.59936e-07 1.03522e-06 
72
0
0
0.000333688
0.0120817 -0.000335792 -1.47533e-09 -0.000335792 0.0104214 -2.59935e-07 -1.47533e-09 -2.59935e-07 1.03522e-06 
73
0
0
0.000211488
0.0120817 -0.000335789 -1.47432e-09 -0.000335789 0.0104214 -2.59935e-07 -1.47432e-09 -2.59935e-07 1.03522e-06 
74
0
0
0.000591373
0.0120817 -0.00033579 -1.47485e-09 -0.00033579 0.0104214 -2.59934e-07 -1.47485e-09 -2.59934e-07 1.03522e-06 
75
0
0
-0.000483025
0.0120817 -0.000335784 -1.47196e-09 -0.000335784 0.0104214 -2.59934e-07 -1.47196e-09 -2.59934e-07 1.03522e-06 
76
0
0
0.000256691
0.0120817 -0.000335799 -1.48044e-09 -0.000335799 0.0104214 -2.59933e-07 -1.48044e-09 -2.59933e-07 1.03522e-06 
77
0
0
0.000689554
0.0120817 -0.000335793 -1.4715e-09 -0.000335793 0.0104214 -2.59929e-07 -1.4715e-09 -2.59929e-07 1.03522e-06 
78
0
0
0.0012493
0.0120817 -0.000335784 -1.46304e-09 -0.000335784 0.0104214 -2.59928e-07 -1.46304e-09 -2.59928e-07 1.03522e-06 
79
0
0
0.000144391
0.0120818 -0.000335771 -1.45477e-09 -0.000335771 0.0104214 -2.59929e-07 -1.45477e-09 -2.59929e-07 1.03522e-06 
80
0
0
-0.000418492
0.0120817 -0.000335784 -1.45945e-09 -0.000335784 0.0104214 -2.59929e-07 -1.45945e-09 -2.59929e-07 1.03522e-06 
81
0
0
-0.000598316
0.0120817 -0.000335798 -1.4658e-09 -0.000335798 0.0104214 -2.59928e-07 -1.4658e-09 -2.59928e-07 1.03522e-06 
82
0
0
-0.000981265
0.0120817 -0.000335806 -1.47018e-09 -0.000335806 0.0104214 -2.59928e-07 -1.47018e-09 -2.59928e-07 1.03522e-06 
83
0
0
-1.07544e-05
0.0120817 -0.000335815 -1.47581e-09 -0.000335815 0.0104214 -2.5993e-07 -1.47581e-09 -2.5993e-07 1.03522e-06 
84
0
0
-0.000604983
0.0120817 -0.000335803 -1.46976e-09 -0.000335803 0.0104214 -2.59931e-07 -1.46976e-09 -2.59931e-07 1.03522e-06 
85
0
0
0.000445756
0.0120817 -0.000335808 -1.46936e-09 -0.000335808 0.0104214 -2.59928e-07 -1.46936e-09 -2.59928e-07 1.03522e-06 
86
0
0
-0.000614517
0.0120817 -0.000335793 -1.45997e-09 -0.000335793 0.0104214 -2.59926e-07 -1.45997e-09 -2.59926e-07 1.03522e-06 
87
0
0
-0.000120677
0.0120817 -0.000335804 -1.46624e-09 -0.000335804 0.0104214 -2.59924e-07 -1.46624e-09 -2.59924e-07 1.03522e-06 
88
0
0
6.01459e-06
0.0120817 -0.000335801 -1.4633e-09 -0.000335801 0.0104214 -2.59923e-07 -1.4633e-09 -2.59923e-07 1.03522e-06 
89
0
0
-0.000372523
0.0120817 -0.000335797 -1.46025e-09 -0.000335797 0.0104214 -2.59923e-07 -1.46025e-09 -2.59923e-07 1.03522e-06 
90
0
0
0.000839241
0.0120817 -0.000335802 -1.46235e-09 -0.000335802 0.0104214 -2.59922e-07 -1.46235e-09 -2.59922e-07 1.03522e-06 
91
0
0
0.000308058
0.0120817 -0.000335785 -1.45368e-09 -0.000335785 0.0104214 -2.59921e-07 -1.45368e-09 -2.59921e-07 1.03522e-06 
92
0
0
0.000563458
0.0120817 -0.000335787 -1.45596e-09 -0.000335787 0.0104214 -2.59919e-07 -1.45596e-09 -2.59919e-07 1.03522e-06 
93
0
0
-0.000255067
0.0120817 -0.000335783 -1.45344e-09 -0.000335783 0.0104214 -2.59921e-07 -1.45344e-09 -2.59921e-07 1.03522e-06 
94
0
0
-0.000659422
0.0120817 -0.000335795 -1.45935e-09 -0.000335795 0.0104214 -2.59921e-07 -1.45935e-09 -2.59921e-07 1.03522e-06 
95
0
0
0.000212731
0.0120817 -0.000335806 -1.46497e-09 -0.000335806 0.0104214 -2.59922e-07 -1.46497e-09 -2.59922e-07 1.03522e-06 
96
0
0
0.00105807
0.0120817 -0.000335796 -1.46028e-09 -0.000335796 0.0104214 -2.59922e-07 -1.46028e-09 -2.59922e-07 1.03522e-06 
97
0
0
0.000234789
0.0120817 -0.000335779 -1.45227e-09 -0.000335779 0.0104214 -2.59922e-07 -1.45227e-09 -2.59922e-07 1.03522e-06 
98
0
0
-0.000374491
0.0120817 -0.000335786 -1.45735e-09 -0.000335786 0.0104214 -2.59922e-07 -1.45735e-09 -2.59922e-07 1.03522e-06 
99
0
0
7.90252e-05
0.0120817 -0.000335798 -1.46465e-09 -0.000335798 0.0104214 -2.59921e-07 -1.46465e-09 -2.59921e-07 1.03522e-06 
100
0
0
-0.000132982
0.0120817 -0.000335795 -1.46335e-09 -0.000335795 0.0104214 -2.59921e-07 -1.46335e-09 -2.59921e-07 1.03522e-06 
101
0
0
-0.000798909
0.0120817 -0.000335797 -1.46465e-09 -0.000335797 0.0104214 -2.59921e-07 -1.46465e-09 -2.59921e-07 1.03522e-06 
102
0
0
-0.000196702
0.0120817 -0.000335809 -1.47061e-09 -0.000335809 0.0104214 -2.59922e-07 -1.47061e-09 -2.59922e-07 1.03522e-06 
103
0
0
-0.00116463
0.0120817 -0.000335804 -1.46737e-09 -0.000335804 0.0104214 -2.59922e-07 -1.46737e-09 -2.59922e-07 1.03522e-06 
104
0
0
0.000137774
0.0120817 -0.000335817 -1.47431e-09 -0.000335817 0.0104214 -2.59922e-07 -1.47431e-09 -2.59922e-07 1.03522e-06 
105
0
0
-0.00077605
0.0120817 -0.000335802 -1.46543e-09 -0.000335802 0.0104214 -2.59923e-07 -1.46543e-09 -2.59923e-07 1.03522e-06 
106
0
0
-0.000293271
0.0120817 -0.00033581 -1.47089e-09 -0.00033581 0.0104214 -2.59924e-07 -1.47089e-09 -2.59924e-07 1.03522e-06 
107
0
0
0.000524464
0.0120817 -0.000335806 -1.46878e-09 -0.000335806 0.0104214 -2.59923e-07 -1.46878e-09 -2.59923e-07 1.03522e-06 
108
0
0
-0.000611
0.0120817 -0.000335791 -1.46127e-09 -0.000335791 0.0104214 -2.59924e-07 -1.46127e-09 -2.59924e-07 1.03522e-06 
109
0
0
-0.000523011
0.0120817 -0.000335804 -1.46036e-09 -0.000335804 0.0104214 -2.59921e-07 -1.46036e-09 -2.59921e-07 1.03522e-06 
110
0
0
-0.000869175
0.0120817 -0.000335807 -1.45642e-09 -0.000335807 0.0104214 -2.59919e-07 -1.45642e-09 -2.59919e-07 1.03522e-06 
111
0
0
-0.000764139
0.0120817 -0.000335814 -1.45662e-09 -0.000335814 0.0104214 -2.59919e-07 -1.45662e-09 -2.59919e-07 1.03522e-06 
112
0
0
-0.000115104
0.0120817 -0.000335815 -1.45516e-09 -0.000335815 0.0104214 -2.59919e-07 -1.45516e-09 -2.59919e-07 1.03522e-06 
113
0
0
0.00253267
0.0120817 -0.000335805 -1.44877e-09 -0.000335805 0.0104214 -2.59918e-07 -1.44877e-09 -2.59918e-07 1.03522e-06 
114
0
0
0.000325808
0.0120818 -0.000335759 -1.41911e-09 -0.000335759 0.0104214 -2.59919e-07 -1.41911e-09 -2.59919e-07 1.03522e-06 
115
0
0
-0.00198483
0.0120817 -0.000335776 -1.43147e-09 -0.000335776 0.0104214 -2.59917e-07 -1.43147e-09 -2.59917e-07 1.03522e-06 
116
0
0
-0.000423069
0.0120817 -0.00033582 -1.46037e-09 -0.00033582 0.0104214 -2.59916e-07 -1.46037e-09 -2.59916e-07 1.03522e-06 
117
0
0
0.00124748
0.0120817 -0.000335811 -1.45729e-09 -0.000335811 0.0104214 -2.5992e-07 -1.45729e-09 -2.5992e-07 1.03522e-06 
118
0
0
-0.000634343
0.0120817 -0.000335782 -1.4374e-09 -0.000335782 0.0104214 -2.59921e-07 -1.4374e-09 -2.59921e-07 1.03522e-06 
119
0
0
-0.00172579
0.0120817 -0.0003358 -1.44745e-09 -0.0003358 0.0104214 -2.5992e-07 -1.44745e-09 -2.5992e-07 1.03522e-06 
120
0
0
-0.000470151
0.0120817 -0.000335825 -1.46404e-09 -0.000335825 0.0104214 -2.5992e-07 -1.46404e-09 -2.5992e-07 1.03522e-06 
121
0
0
0.00061415
0.0120817 -0.000335814 -1.4606e-09 -0.000335814 0.0104214 -2.5992e-07 -1.4606e-09 -2.5992e-07 1.03522e-06 
122
0
0
0.000201538
0.0120817 -0.000335793 -1.44795e-09 -0.000335793 0.0104214 -2.5992e-07 -1.44795e-09 -2.5992e-07 1.03522e-06 
123
0
0
0.000421629
0.0120817 -0.000335791 -1.4461e-09 -0.000335791 0.0104214 -2.59919e-07 -1.4461e-09 -2.59919e-07 1.03522e-06 
124
0
0
0.000304179
0.0120817 -0.000335787 -1.44532e-09 -0.000335787 0.0104214 -2.59918e-07 -1.44532e-09 -2.59918e-07 1.03522e-06 
125
0
0
-0.000422176
0.0120817 -0.000335788 -1.44486e-09 -0.000335788 0.0104214 -2.59916e-07 -1.44486e-09 -2.59916e-07 1.03522e-06 
126
0
0
2.56512e-05
0.0120817 -0.000335799 -1.44916e-09 -0.000335799 0.0104214 -2.59916e-07 -1.44916e-09 -2.59916e-07 1.03522e-06 
127
0
0
-0.000503323
0.0120817 -0.000335797 -1.44512e-09 -0.000335797 0.0104214 -2.59916e-07 -1.44512e-09 -2.59916e-07 1.03522e-06 
128
0
0
-0.000432769
0.0120817 -0.000335804 -1.4492e-09 -0.000335804 0.0104214 -2.59915e-07 -1.4492e-09 -2.59915e-07 1.03522e-06 
129
0
0
0.000983863
0.0120817 -0.000335806 -1.4508e-09 -0.000335806 0.0104214 -2.59914e-07 -1.4508e-09 -2.59914e-07 1.03522e-06 
130
0
0
-0.000156129
0.0120817 -0.000335784 -1.43849e-09 -0.000335784 0.0104214 -2.59915e-07 -1.43849e-09 -2.59915e-07 1.03522e-06 
131
0
0
0.000127798
0.0120817 -0.000335794 -1.44306e-09 -0.000335794 0.0104214 -2.59914e-07 -1.44306e-09 -2.59914e-07 1.03522e-06 
132
0
0
-9.32696e-05
0.0120817 -0.000335793 -1.44255e-09 -0.000335793 0.0104214 -2.59913e-07 -1.44255e-09 -2.59913e-07 1.03522e-06 
133
0
0
-3.00524e-06
0.0120817 -0.000335796 -1.44516e-09 -0.000335796 0.0104214 -2.59913e-07 -1.44516e-09 -2.59913e-07 1.03522e-06 
134
0
0
0.000823975
0.0120817 -0.000335796 -1.44322e-09 -0.000335796 0.0104214 -2.59906e-07 -1.44322e-09 -2.59906e-07 1.03522e-06 
135
0
0
6.20997e-05
0.0120817 -0.000335783 -1.43393e-09 -0.000335783 0.0104214 -2.59901e-07 -1.43393e-09 -2.59901e-07 1.03522e-06 
136
0
0
-0.000658046
0.0120817 -0.00033579 -1.43712e-09 -0.00033579 0.0104214 -2.59898e-07 -1.43712e-09 -2.59898e-07 1.03522e-06 
137
0
0
5.96093e-05
0.0120817 -0.000335804 -1.44476e-09 -0.000335804 0.0104214 -2.59897e-07 -1.44476e-09 -2.59897e-07 1.03522e-06 
138
0
0
0.000342367
0.0120817 -0.000335798 -1.44157e-09 -0.000335798 0.0104214 -2.59897e-07 -1.44157e-09 -2.59897e-07 1.03522e-06 
139
0
0
-8.35586e-05
0.0120817 -0.000335791 -1.43808e-09 -0.000335791 0.0104214 -2.59896e-07 -1.43808e-09 -2.59896e-07 1.03522e-06 
140
0
0
0.000914007
0.0120817 -0.000335795 -1.44017e-09 -0.000335795 0.0104214 -2.59896e-07 -1.44017e-09 -2.59896e-07 1.03522e-06 
141
0
0
8.48199e-05
0.0120817 -0.000335781 -1.43647e-09 -0.000335781 0.0104214 -2.599e-07 -1.43647e-09 -2.599e-07 1.03522e-06 
142
0
0
0.000316418
0.0120817 -0.000335789 -1.44468e-09 -0.000335789 0.0104214 -2.59902e-07 -1.44468e-09 -2.59902e-07 1.03522e-06 
143
0
0
0.000808411
0.0120817 -0.000335788 -1.44637e-09 -0.000335788 0.0104214 -2.59903e-07 -1.44637e-09 -2.59903e-07 1.03522e-06 
144
0
0
0.000196377
0.0120817 -0.00033578 -1.44292e-09 -0.00033578 0.0104214 -2.59903e-07 -1.44292e-09 -2.59903e-07 1.03522e-06 
145
0
0
0.000290484
0.0120817 -0.000335786 -1.44786e-09 -0.000335786 0.0104214 -2.59903e-07 -1.44786e-09 -2.59903e-07 1.03522e-06 
146
0
0
0.000577361
0.0120817 -0.000335787 -1.44974e-09 -0.000335787 0.0104214 -2.59904e-07 -1.44974e-09 -2.59904e-07 1.03522e-06 
147
0
0
0.000687291
0.0120817 -0.000335783 -1.44831e-09 -0.000335783 0.0104214 -2.59904e-07 -1.44831e-09 -2.59904e-07 1.03522e-06 
148
0
0
0.000742533
0.0120817 -0.00033578 -1.4474e-09 -0.00033578 0.0104214 -2.59903e-07 -1.4474e-09 -2.59903e-07 1.03522e-06 
149
0
0
-0.000390763
0.0120817 -0.000335778 -1.44916e-09 -0.000335778 0.0104214 -2.59905e-07 -1.44916e-09 -2.59905e-07 1.03522e-06 
150
0
0
-0.000695565
0.0120817 -0.000335795 -1.46073e-09 -0.000335795 0.0104214 -2.59906e-07 -1.46073e-09 -2.59906e-07 1.03522e-06 
151
0
0
-0.000774583
0.0120817 -0.000335806 -1.4681e-09 -0.000335806 0.0104214 -2.59906e-07 -1.4681e-09 -2.59906e-07 1.03522e-06 
152
0
0
-0.000925063
0.0120817 -0.000335812 -1.47125e-09 -0.000335812 0.0104214 -2.59906e-07 -1.47125e-09 -2.59906e-07 1.03522e-06 
153
0
0
0.000188718
0.0120817 -0.000335816 -1.47409e-09 -0.000335816 0.0104214 -2.59906e-07 -1.47409e-09 -2.59906e-07 1.03522e-06 
154
0
0
-0.0003366
0.0120817 -0.000335801 -1.4655e-09 -0.000335801 0.0104214 -2.59906e-07 -1.4655e-09 -2.59906e-07 1.03522e-06 
155
0
0
4.01084e-05
0.0120817 -0.000335803 -1.46741e-09 -0.000335803 0.0104214 -2.59905e-07 -1.46741e-09 -2.59905e-07 1.03522e-06 
156
0
0
0.000457963
0.0120817 -0.000335798 -1.46498e-09 -0.000335798 0.0104214 -2.59905e-07 -1.46498e-09 -2.59905e-07 1.03522e-06 
157
0
0
0.000846575
0.0120817 -0.000335789 -1.44945e-09 -0.000335789 0.0104214 -2.59903e-07 -1.44945e-09 -2.59903e-07 1.03522e-06 
158
0
0
0.000831662
0.0120817 -0.00033578 -1.43701e-09 -0.00033578 0.0104214 -2.59901e-07 -1.43701e-09 -2.59901e-07 1.03522e-06 
159
0
0
0.000126189
0.0120817 -0.000335776 -1.43139e-09 -0.000335776 0.0104214 -2.599e-07 -1.43139e-09 -2.599e-07 1.03522e-06 
160
0
0
0.000196687
0.0120817 -0.000335786 -1.43512e-09 -0.000335786 0.0104214 -2.599e-07 -1.43512e-09 -2.599e-07 1.03522e-06 
161
0
0
-0.000405956
0.0120817 -0.000335789 -1.4354e-09 -0.000335789 0.0104214 -2.59899e-07 -1.4354e-09 -2.59899e-07 1.03522e-06 
162
0
0
0.000430341
0.0120817 -0.000335799 -1.44043e-09 -0.000335799 0.0104214 -2.59898e-07 -1.44043e-09 -2.59898e-07 1.03522e-06 
163
0
0
0.000296544
0.0120817 -0.00033579 -1.43485e-09 -0.00033579 0.0104214 -2.59898e-07 -1.43485e-09 -2.59898e-07 1.03522e-06 
164
0
0
0.000254269
0.0120817 -0.000335789 -1.4343e-09 -0.000335789 0.0104214 -2.59897e-07 -1.4343e-09 -2.59897e-07 1.03522e-06 
165
0
0
-0.000363516
0.0120817 -0.000335789 -1.43169e-09 -0.000335789 0.0104214 -2.59898e-07 -1.43169e-09 -2.59898e-07 1.03522e-06 
166
0
0
0.000570626
0.0120817 -0.000335799 -1.43484e-09 -0.000335799 0.0104214 -2.59899e-07 -1.43484e-09 -2.59899e-07 1.03522e-06 
167
0
0
0.000161827
0.0120817 -0.000335788 -1.4275e-09 -0.000335788 0.0104214 -2.59899e-07 -1.4275e-09 -2.59899e-07 1.03522e-06 
168
0
0
-0.00029238
0.0120817 -0.00033579 -1.42844e-09 -0.00033579 0.0104214 -2.59899e-07 -1.42844e-09 -2.59899e-07 1.03522e-06 
169
0
0
0.000819996
0.0120817 -0.000335798 -1.43264e-09 -0.000335798 0.0104214 -2.59899e-07 -1.43264e-09 -2.59899e-07 1.03522e-06 
170
0
0
0.000254147
0.0120817 -0.000335784 -1.42426e-09 -0.000335784 0.0104214 -2.59899e-07 -1.42426e-09 -2.59899e-07 1.03522e-06 
171
0
0
0.000216411
0.0120817 -0.000335787 -1.42612e-09 -0.000335787 0.0104214 -2.59899e-07 -1.42612e-09 -2.59899e-07 1.03522e-06 
172
0
0
0.000224697
0.0120817 -0.000335789 -1.42662e-09 -0.000335789 0.0104214 -2.59899e-07 -1.42662e-09 -2.59899e-07 1.03522e-06 
173
0
0
5.50578e-05
0.0120817 -0.000335789 -1.42387e-09 -0.000335789 0.0104214 -2.59897e-07 -1.42387e-09 -2.59897e-07 1.03522e-06 
174
0
0
-0.000448065
0.0120817 -0.000335792 -1.42313e-09 -0.000335792 0.0104214 -2.59896e-07 -1.42313e-09 -2.59896e-07 1.03522e-06 
175
0
0
0.000142491
0.0120817 -0.000335801 -1.42635e-09 -0.000335801 0.0104214 -2.59895e-07 -1.42635e-09 -2.59895e-07 1.03522e-06 
176
0
0
-0.000689141
0.0120817 -0.000335796 -1.42189e-09 -0.000335796 0.0104214 -2.59894e-07 -1.42189e-09 -2.59894e-07 1.03522e-06 
177
0
0
0.000453136
0.0120817 -0.000335807 -1.42738e-09 -0.000335807 0.0104214 -2.59894e-07 -1.42738e-09 -2.59894e-07 1.03522e-06 
178
0
0
0.000654807
0.0120817 -0.000335793 -1.41938e-09 -0.000335793 0.0104214 -2.59894e-07 -1.41938e-09 -2.59894e-07 1.03522e-06 
179
0
0
0.000406128
0.0120817 -0.000335784 -1.416e-09 -0.000335784 0.0104214 -2.59894e-07 -1.416e-09 -2.59894e-07 1.03522e-06 
180
0
0
-0.000613908
0.0120817 -0.000335785 -1.41858e-09 -0.000335785 0.0104214 -2.59894e-07 -1.41858e-09 -2.59894e-07 1.03522e-06 
181
0
0
-0.00114347
0.0120817 -0.000335801 -1.42427e-09 -0.000335801 0.0104214 -2.59894e-07 -1.42427e-09 -2.59894e-07 1.03522e-06 
182
0
0
-0.000881906
0.0120817 -0.000335816 -1.42704e-09 -0.000335816 0.0104214 -2.59895e-07 -1.42704e-09 -2.59895e-07 1.03522e-06 
183
0
0
-0.00115355
0.0120817 -0.000335817 -1.42259e-09 -0.000335817 0.0104214 -2.59895e-07 -1.42259e-09 -2.59895e-07 1.03522e-06 
184
0
0
-0.00117312
0.0120817 -0.000335822 -1.42221e-09 -0.000335822 0.0104214 -2.59894e-07 -1.42221e-09 -2.59894e-07 1.03522e-06 
185
0
0
-0.000900241
0.0120817 -0.000335824 -1.42465e-09 -0.000335824 0.0104214 -2.59891e-07 -1.42465e-09 -2.59891e-07 1.03522e-06 
186
0
0
-0.000657414
0.0120817 -0.000335821 -1.42477e-09 -0.000335821 0.0104214 -2.5989e-07 -1.42477e-09 -2.5989e-07 1.03522e-06 
187
0
0
-0.000443816
0.0120817 -0.000335816 -1.42149e-09 -0.000335816 0.0104214 -2.5989e-07 -1.42149e-09 -2.5989e-07 1.03522e-06 
188
0
0
-0.000358021
0.0120817 -0.00033581 -1.41909e-09 -0.00033581 0.0104214 -2.59891e-07 -1.41909e-09 -2.59891e-07 1.03522e-06 
189
0
0
0.000343421
0.0120817 -0.000335807 -1.41895e-09 -0.000335807 0.0104214 -2.59895e-07 -1.41895e-09 -2.59895e-07 1.03522e-06 
190
0
0
-0.000141414
0.0120817 -0.000335794 -1.41288e-09 -0.000335794 0.0104214 -2.59898e-07 -1.41288e-09 -2.59898e-07 1.03522e-06 
191
0
0
-1.4527e-05
0.0120817 -0.000335797 -1.41283e-09 -0.000335797 0.0104214 -2.59901e-07 -1.41283e-09 -2.59901e-07 1.03522e-06 
192
0
0
-0.000537921
0.0120817 -0.000335796 -1.4109e-09 -0.000335796 0.0104214 -2.59902e-07 -1.4109e-09 -2.59902e-07 1.03522e-06 
193
0
0
0.00160378
0.0120817 -0.000335804 -1.4173e-09 -0.000335804 0.0104214 -2.59902e-07 -1.4173e-09 -2.59902e-07 1.03522e-06 
194
0
0
0.00226112
0.0120817 -0.000335774 -1.4043e-09 -0.000335774 0.0104214 -2.59902e-07 -1.4043e-09 -2.59902e-07 1.03522e-06 
195
0
0
0.00264976
0.0120818 -0.000335751 -1.39569e-09 -0.000335751 0.0104214 -2.59902e-07 -1.39569e-09 -2.59902e-07 1.03522e-06 
196
0
0
0.00340982
0.0120818 -0.000335737 -1.39059e-09 -0.000335737 0.0104214 -2.59901e-07 -1.39059e-09 -2.59901e-07 1.03522e-06 
197
0
0
0.00497654
0.0120818 -0.000335719 -1.38225e-09 -0.000335719 0.0104214 -2.59899e-07 -1.38225e-09 -2.59899e-07 1.03522e-06 
198
0
0
0.00647259
0.0120818 -0.000335688 -1.36882e-09 -0.000335688 0.0104214 -2.59898e-07 -1.36882e-09 -2.59898e-07 1.03522e-06 
199
0
0
0.00794646
0.0120818 -0.000335652 -1.35447e-09 -0.000335652 0.0104214 -2.59898e-07 -1.35447e-09 -2.59898e-07 1.03522e-06 
200
0
0
0.00815657
0.0120818 -0.000335615 -1.33921e-09 -0.000335615 0.0104214 -2.59898e-07 -1.33921e-09 -2.59898e-07 1.03522e-06 
201
0
0
0.00505195
0.0120818 -0.000335597 -1.33294e-09 -0.000335597 0.0104214 -2.59898e-07 -1.33294e-09 -2.59898e-07 1.03522e-06 
202
0
0
0.00410553
0.0120818 -0.00033564 -1.35299e-09 -0.00033564 0.0104214 -2.59899e-07 -1.35299e-09 -2.59899e-07 1.03522e-06 
203
0
0
0.000851075
0.0120818 -0.000335671 -1.3643e-09 -0.000335671 0.0104214 -2.59899e-07 -1.3643e-09 -2.59899e-07 1.03522e-06 
204
0
0
0.00093473
0.0120818 -0.000335735 -1.39044e-09 -0.000335735 0.0104214 -2.599e-07 -1.39044e-09 -2.599e-07 1.03522e-06 
205
0
0
0.00327184
0.0120818 -0.000335758 -1.39151e-09 -0.000335758 0.0104214 -2.59897e-07 -1.39151e-09 -2.59897e-07 1.03522e-06 
206
0
0
0.00274881
0.0120818 -0.000335729 -1.37172e-09 -0.000335729 0.0104214 -2.59897e-07 -1.37172e-09 -2.59897e-07 1.03522e-06 
207
0
0
0.000613545
0.0120818 -0.000335727 -1.36782e-09 -0.000335727 0.0104214 -2.59897e-07 -1.36782e-09 -2.59897e-07 1.03522e-06 
208
0
0
-0.00140395
0.0120818 -0.00033576 -1.37876e-09 -0.00033576 0.0104214 -2.59896e-07 -1.37876e-09 -2.59896e-07 1.03522e-06 
209
0
0
-1.28262e-06
0.0120817 -0.000335804 -1.39519e-09 -0.000335804 0.0104214 -2.59894e-07 -1.39519e-09 -2.59894e-07 1.03522e-06 
210
0
0
0.00184378
0.0120817 -0.000335799 -1.38919e-09 -0.000335799 0.0104214 -2.59894e-07 -1.38919e-09 -2.59894e-07 1.03522e-06 
211
0
0
0.000867882
0.0120818 -0.000335768 -1.37339e-09 -0.000335768 0.0104214 -2.59896e-07 -1.37339e-09 -2.59896e-07 1.03522e-06 
212
0
0
-0.000242771
0.0120818 -0.000335771 -1.376e-09 -0.000335771 0.0104214 -2.59898e-07 -1.376e-09 -2.59898e-07 1.03522e-06 
213
0
0
1.63958e-05
0.0120817 -0.00033579 -1.38476e-09 -0.00033579 0.0104214 -2.59897e-07 -1.38476e-09 -2.59897e-07 1.03522e-06 
214
0
0
0.00167469
0.0120817 -0.000335793 -1.39519e-09 -0.000335793 0.0104214 -2.59891e-07 -1.39519e-09 -2.59891e-07 1.03522e-06 
215
0
0
0.00123464
0.0120818 -0.000335768 -1.38915e-09 -0.000335768 0.0104214 -2.59889e-07 -1.38915e-09 -2.59889e-07 1.03522e-06 
216
0
0
0.000447805
0.0120818 -0.000335766 -1.39392e-09 -0.000335766 0.0104214 -2.59889e-07 -1.39392e-09 -2.59889e-07 1.03522e-06 
217
0
0
0.000370025
0.0120817 -0.000335777 -1.40068e-09 -0.000335777 0.0104214 -2.5989e-07 -1.40068e-09 -2.5989e-07 1.03522e-06 
218
0
0
-0.000323621
0.0120817 -0.000335783 -1.40038e-09 -0.000335783 0.0104214 -2.59891e-07 -1.40038e-09 -2.59891e-07 1.03522e-06 
219
0
0
0.000855818
0.0120817 -0.000335796 -1.40642e-09 -0.000335796 0.0104214 -2.59889e-07 -1.40642e-09 -2.59889e-07 1.03522e-06 
220
0
0
0.000726374
0.0120817 -0.000335782 -1.3996e-09 -0.000335782 0.0104214 -2.59886e-07 -1.3996e-09 -2.59886e-07 1.03522e-06 
221
0
0
0.000387113
0.0120817 -0.000335779 -1.39951e-09 -0.000335779 0.0104214 -2.59888e-07 -1.39951e-09 -2.59888e-07 1.03522e-06 
222
0
0
0.00026273
0.0120817 -0.000335783 -1.40497e-09 -0.000335783 0.0104214 -2.5989e-07 -1.40497e-09 -2.5989e-07 1.03522e-06 
223
0
0
0.000596652
0.0120817 -0.000335787 -1.40805e-09 -0.000335787 0.0104214 -2.59892e-07 -1.40805e-09 -2.59892e-07 1.03522e-06 
224
0
0
0.000163299
0.0120817 -0.000335783 -1.403e-09 -0.000335783 0.0104214 -2.59892e-07 -1.403e-09 -2.59892e-07 1.03522e-06 
225
0
0
0.000201368
0.0120817 -0.000335788 -1.40307e-09 -0.000335788 0.0104214 -2.59891e-07 -1.40307e-09 -2.59891e-07 1.03522e-06 
226
0
0
-0.000101405
0.0120817 -0.00033579 -1.40304e-09 -0.00033579 0.0104214 -2.5989e-07 -1.40304e-09 -2.5989e-07 1.03522e-06 
227
0
0
0.000303296
0.0120817 -0.000335795 -1.40624e-09 -0.000335795 0.0104214 -2.5989e-07 -1.40624e-09 -2.5989e-07 1.03522e-06 
228
0
0
0.000753169
0.0120817 -0.000335791 -1.40386e-09 -0.000335791 0.0104214 -2.59889e-07 -1.40386e-09 -2.59889e-07 1.03522e-06 
229
0
0
-0.0003021
0.0120817 -0.000335782 -1.39631e-09 -0.000335782 0.0104214 -2.59889e-07 -1.39631e-09 -2.59889e-07 1.03522e-06 
230
0
0
-0.00219744
0.0120817 -0.000335795 -1.40055e-09 -0.000335795 0.0104214 -2.5989e-07 -1.40055e-09 -2.5989e-07 1.03522e-06 
231
0
0
-0.00345548
0.0120817 -0.00033583 -1.41695e-09 -0.00033583 0.0104214 -2.5989e-07 -1.41695e-09 -2.5989e-07 1.03522e-06 
232
0
0
-0.00346735
0.0120817 -0.000335864 -1.43129e-09 -0.000335864 0.0104215 -2.5989e-07 -1.43129e-09 -2.5989e-07 1.03522e-06 
233
0
0
-0.00525237
0.0120817 -0.000335876 -1.43365e-09 -0.000335876 0.0104215 -2.5989e-07 -1.43365e-09 -2.5989e-07 1.03522e-06 
234
0
0
-0.00732925
0.0120817 -0.00033591 -1.44585e-09 -0.00033591 0.0104215 -2.59891e-07 -1.44585e-09 -2.59891e-07 1.03522e-06 
235
0
0
-0.00628132
0.0120817 -0.000335955 -1.46429e-09 -0.000335955 0.0104215 -2.59891e-07 -1.46429e-09 -2.59891e-07 1.03522e-06 
236
0
0
-0.00538409
0.0120817 -0.000335956 -1.46093e-09 -0.000335956 0.0104215 -2.59892e-07 -1.46093e-09 -2.59892e-07 1.03522e-06 
237
0
0
-0.00592094
0.0120817 -0.000335942 -1.4507e-09 -0.000335942 0.0104215 -2.59893e-07 -1.4507e-09 -2.59893e-07 1.03522e-06 
238
0
0
-0.00582211
0.0120817 -0.000335945 -1.45184e-09 -0.000335945 0.0104215 -2.59893e-07 -1.45184e-09 -2.59893e-07 1.03522e-06 
239
0
0
-6.95179e-05
0.0120817 -0.000335945 -1.45557e-09 -0.000335945 0.0104215 -2.59892e-07 -1.45557e-09 -2.59892e-07 1.03522e-06 
240
0
0
0.00071552
0.0120817 -0.000335854 -1.41468e-09 -0.000335854 0.0104215 -2.59892e-07 -1.41468e-09 -2.59892e-07 1.03522e-06 
241
0
0
-0.000395397
0.0120817 -0.000335806 -1.39993e-09 -0.000335806 0.0104214 -2.59892e-07 -1.39993e-09 -2.59892e-07 1.03522e-06 
242
0
0
-0.00217009
0.0120817 -0.000335806 -1.40492e-09 -0.000335806 0.0104214 -2.59894e-07 -1.40492e-09 -2.59894e-07 1.03522e-06 
243
0
0
-0.00123079
0.0120817 -0.000335834 -1.42076e-09 -0.000335834 0.0104215 -2.59895e-07 -1.42076e-09 -2.59895e-07 1.03522e-06 
244
0
0
-0.00107993
0.0120817 -0.00033583 -1.41768e-09 -0.00033583 0.0104214 -2.59895e-07 -1.41768e-09 -2.59895e-07 1.03522e-06 
245
0
0
-0.00206631
0.0120817 -0.000335826 -1.42139e-09 -0.000335826 0.0104214 -2.59895e-07 -1.42139e-09 -2.59895e-07 1.03522e-06 
246
0
0
-0.000443107
0.0120817 -0.00033584 -1.43424e-09 -0.00033584 0.0104215 -2.59894e-07 -1.43424e-09 -2.59894e-07 1.03522e-06 
247
0
0
-0.000374371
0.0120817 -0.000335819 -1.42551e-09 -0.000335819 0.0104214 -2.59894e-07 -1.42551e-09 -2.59894e-07 1.03522e-06 
248
0
0
-0.000947464
0.0120817 -0.000335811 -1.42101e-09 -0.000335811 0.0104214 -2.59894e-07 -1.42101e-09 -2.59894e-07 1.03522e-06 
249
0
0
-0.00126662
0.0120817 -0.000335816 -1.42451e-09 -0.000335816 0.0104214 -2.59893e-07 -1.42451e-09 -2.59893e-07 1.03522e-06 
250
0
0
-0.000404079
0.0120817 -0.000335824 -1.4306e-09 -0.000335824 0.0104214 -2.59892e-07 -1.4306e-09 -2.59892e-07 1.03522e-06 
251
0
0
-3.04872e-05
0.0120817 -0.000335813 -1.42745e-09 -0.000335813 0.0104214 -2.59893e-07 -1.42745e-09 -2.59893e-07 1.03522e-06 
252
0
0
-0.000248027
0.0120817 -0.000335803 -1.42402e-09 -0.000335803 0.0104214 -2.59893e-07 -1.42402e-09 -2.59893e-07 1.03522e-06 
253
0
0
2.87026e-05
0.0120817 -0.000335802 -1.42438e-09 -0.000335802 0.0104214 -2.59893e-07 -1.42438e-09 -2.59893e-07 1.03522e-06 
254
0
0
0.000214609
0.0120817 -0.000335798 -1.418e-09 -0.000335798 0.0104214 -2.59892e-07 -1.418e-09 -2.59892e-07 1.03522e-06 
255
0
0
0.000175991
0.0120817 -0.000335793 -1.4137e-09 -0.000335793 0.0104214 -2.59892e-07 -1.4137e-09 -2.59892e-07 1.03522e-06 
256
0
0
6.38629e-07
0.0120817 -0.000335792 -1.41231e-09 -0.000335792 0.0104214 -2.59892e-07 -1.41231e-09 -2.59892e-07 1.03522e-06 
257
0
0
-0.000408994
0.0120817 -0.000335794 -1.41213e-09 -0.000335794 0.0104214 -2.59892e-07 -1.41213e-09 -2.59892e-07 1.03522e-06 
258
0
0
0.000520657
0.0120817 -0.000335802 -1.41445e-09 -0.000335802 0.0104214 -2.59892e-07 -1.41445e-09 -2.59892e-07 1.03522e-06 
259
0
0
-0.000271749
0.0120817 -0.00033579 -1.40742e-09 -0.00033579 0.0104214 -2.59892e-07 -1.40742e-09 -2.59892e-07 1.03522e-06 
260
0
0
0.000563699
0.0120817 -0.000335798 -1.4129e-09 -0.000335798 0.0104214 -2.59891e-07 -1.4129e-09 -2.59891e-07 1.03522e-06 
261
0
0
0.000113087
0.0120817 -0.000335787 -1.40848e-09 -0.000335787 0.0104214 -2.5989e-07 -1.40848e-09 -2.5989e-07 1.03522e-06 
262
0
0
0.000392356
0.0120817 -0.000335791 -1.41505e-09 -0.000335791 0.0104214 -2.59893e-07 -1.41505e-09 -2.59893e-07 1.03522e-06 
263
0
0
-0.000248075
0.0120817 -0.000335787 -1.41637e-09 -0.000335787 0.0104214 -2.59895e-07 -1.41637e-09 -2.59895e-07 1.03522e-06 
264
0
0
-0.000204626
0.0120817 -0.000335796 -1.42345e-09 -0.000335796 0.0104214 -2.59896e-07 -1.42345e-09 -2.59896e-07 1.03522e-06 
265
0
0
-0.000440138
0.0120817 -0.000335799 -1.42623e-09 -0.000335799 0.0104214 -2.59897e-07 -1.42623e-09 -2.59897e-07 1.03522e-06 
266
0
0
0.000274376
0.0120817 -0.000335804 -1.42917e-09 -0.000335804 0.0104214 -2.59899e-07 -1.42917e-09 -2.59899e-07 1.03522e-06 
267
0
0
0.000508071
0.0120817 -0.000335794 -1.4234e-09 -0.000335794 0.0104214 -2.599e-07 -1.4234e-09 -2.599e-07 1.03522e-06 
268
0
0
-0.000371078
0.0120817 -0.000335787 -1.42034e-09 -0.000335787 0.0104214 -2.599e-07 -1.42034e-09 -2.599e-07 1.03522e-06 
269
0
0
0.000471418
0.0120817 -0.000335798 -1.42625e-09 -0.000335798 0.0104214 -2.59898e-07 -1.42625e-09 -2.59898e-07 1.03522e-06 
270
0
0
0.000872461
0.0120817 -0.000335789 -1.4207e-09 -0.000335789 0.0104214 -2.59897e-07 -1.4207e-09 -2.59897e-07 1.03522e-06 
271
0
0
0.000507865
0.0120817 -0.000335779 -1.41633e-09 -0.000335779 0.0104214 -2.59896e-07 -1.41633e-09 -2.59896e-07 1.03522e-06 
272
0
0
0.000648953
0.0120817 -0.000335781 -1.41778e-09 -0.000335781 0.0104214 -2.59896e-07 -1.41778e-09 -2.59896e-07 1.03522e-06 
273
0
0
0.000190909
0.0120817 -0.00033578 -1.41717e-09 -0.00033578 0.0104214 -2.59895e-07 -1.41717e-09 -2.59895e-07 1.03522e-06 
274
0
0
0.000398717
0.0120817 -0.000335787 -1.41965e-09 -0.000335787 0.0104214 -2.59895e-07 -1.41965e-09 -2.59895e-07 1.03522e-06 
275
0
0
0.000359041
0.0120817 -0.000335786 -1.41883e-09 -0.000335786 0.0104214 -2.59894e-07 -1.41883e-09 -2.59894e-07 1.03522e-06 
276
0
0
0.000651492
0.0120817 -0.000335786 -1.42099e-09 -0.000335786 0.0104214 -2.59895e-07 -1.42099e-09 -2.59895e-07 1.03522e-06 
277
0
0
0.000206001
0.0120817 -0.000335782 -1.42118e-09 -0.000335782 0.0104214 -2.59899e-07 -1.42118e-09 -2.59899e-07 1.03522e-06 
278
0
0
0.000765337
0.0120817 -0.000335787 -1.42362e-09 -0.000335787 0.0104214 -2.59902e-07 -1.42362e-09 -2.59902e-07 1.03522e-06 
279
0
0
0.000674099
0.0120817 -0.00033578 -1.41832e-09 -0.00033578 0.0104214 -2.59902e-07 -1.41832e-09 -2.59902e-07 1.03522e-06 
280
0
0
0.000440191
0.0120817 -0.000335779 -1.41819e-09 -0.000335779 0.0104214 -2.59901e-07 -1.41819e-09 -2.59901e-07 1.03522e-06 
281
0
0
0.000770989
0.0120817 -0.000335782 -1.42088e-09 -0.000335782 0.0104214 -2.599e-07 -1.42088e-09 -2.599e-07 1.03522e-06 
282
0
0
0.000511752
0.0120817 -0.000335778 -1.41871e-09 -0.000335778 0.0104214 -2.599e-07 -1.41871e-09 -2.599e-07 1.03522e-06 
283
0
0
0.000667748
0.0120817 -0.000335781 -1.41969e-09 -0.000335781 0.0104214 -2.599e-07 -1.41969e-09 -2.599e-07 1.03522e-06 
284
0
0
-8.35519e-06
0.0120817 -0.000335779 -1.42004e-09 -0.000335779 0.0104214 -2.59899e-07 -1.42004e-09 -2.59899e-07 1.03522e-06 
285
0
0
0.000184378
0.0120817 -0.00033579 -1.42535e-09 -0.00033579 0.0104214 -2.59898e-07 -1.42535e-09 -2.59898e-07 1.03522e-06 
286
0
0
-0.000217488
0.0120817 -0.00033579 -1.42418e-09 -0.00033579 0.0104214 -2.59897e-07 -1.42418e-09 -2.59897e-07 1.03522e-06 
287
0
0
-0.000443872
0.0120817 -0.000335797 -1.42649e-09 -0.000335797 0.0104214 -2.59897e-07 -1.42649e-09 -2.59897e-07 1.03522e-06 
288
0
0
0.00150325
0.0120817 -0.000335803 -1.42942e-09 -0.000335803 0.0104214 -2.59897e-07 -1.42942e-09 -2.59897e-07 1.03522e-06 
289
0
0
0.00151037
0.0120817 -0.000335775 -1.4145e-09 -0.000335775 0.0104214 -2.59898e-07 -1.4145e-09 -2.59898e-07 1.03522e-06 
290
0
0
0.000368792
0.0120818 -0.000335764 -1.40795e-09 -0.000335764 0.0104214 -2.599e-07 -1.40795e-09 -2.599e-07 1.03522e-06 
291
0
0
-0.00143644
0.0120817 -0.000335778 -1.41291e-09 -0.000335778 0.0104214 -2.59899e-07 -1.41291e-09 -2.59899e-07 1.03522e-06 
292
0
0
-0.000907699
0.0120817 -0.000335812 -1.4288e-09 -0.000335812 0.0104214 -2.59898e-07 -1.4288e-09 -2.59898e-07 1.03522e-06 
293
0
0
-0.00286237
0.0120817 -0.000335816 -1.42805e-09 -0.000335816 0.0104214 -2.59898e-07 -1.42805e-09 -2.59898e-07 1.03522e-06 
294
0
0
-0.00350026
0.0120817 -0.000335849 -1.44189e-09 -0.000335849 0.0104215 -2.59901e-07 -1.44189e-09 -2.59901e-07 1.03522e-06 
295
0
0
-0.00222979
0.0120817 -0.000335871 -1.45158e-09 -0.000335871 0.0104215 -2.59904e-07 -1.45158e-09 -2.59904e-07 1.03522e-06 
296
0
0
-0.000532639
0.0120817 -0.00033586 -1.44416e-09 -0.00033586 0.0104215 -2.59905e-07 -1.44416e-09 -2.59905e-07 1.03522e-06 
297
0
0
0.000372597
0.0120817 -0.000335828 -1.43051e-09 -0.000335828 0.0104214 -2.59905e-07 -1.43051e-09 -2.59905e-07 1.03522e-06 
298
0
0
-0.00089157
0.0120817 -0.000335802 -1.42137e-09 -0.000335802 0.0104214 -2.59906e-07 -1.42137e-09 -2.59906e-07 1.03522e-06 
299
0
0
-0.00205722
0.0120817 -0.000335812 -1.42921e-09 -0.000335812 0.0104214 -2.59907e-07 -1.42921e-09 -2.59907e-07 1.03522e-06 
300
0
0
-0.0005447
0.0120817 -0.000335835 -1.4393e-09 -0.000335835 0.0104215 -2.59908e-07 -1.4393e-09 -2.59908e-07 1.03522e-06 
301
0
0
-0.000959928
0.0120817 -0.000335819 -1.4268e-09 -0.000335819 0.0104214 -2.59903e-07 -1.4268e-09 -2.59903e-07 1.03522e-06 
302
0
0
-0.00110366
0.0120817 -0.00033582 -1.42706e-09 -0.00033582 0.0104214 -2.59898e-07 -1.42706e-09 -2.59898e-07 1.03522e-06 
303
0
0
-0.00128797
0.0120817 -0.000335822 -1.4281e-09 -0.000335822 0.0104214 -2.59897e-07 -1.4281e-09 -2.59897e-07 1.03522e-06 
304
0
0
0.000324364
0.0120817 -0.000335826 -1.42863e-09 -0.000335826 0.0104214 -2.59896e-07 -1.42863e-09 -2.59896e-07 1.03522e-06 
305
0
0
-0.000336571
0.0120817 -0.000335802 -1.41447e-09 -0.000335802 0.0104214 -2.59897e-07 -1.41447e-09 -2.59897e-07 1.03522e-06 
306
0
0
-0.000568302
0.0120817 -0.000335803 -1.41632e-09 -0.000335803 0.0104214 -2.59897e-07 -1.41632e-09 -2.59897e-07 1.03522e-06 
307
0
0
0.000490059
