0
0
0
-0.000842926
0.00632102 -7.44339e-05 -4.31087e-09 -7.44339e-05 0.0065425 -1.42373e-07 -4.31087e-09 -1.42373e-07 1.21851e-06 
1
0
0
0.000214973
0.0093053 -0.000180883 -4.21604e-09 -0.000180883 0.00905162 -1.84359e-07 -4.21604e-09 -1.84359e-07 1.03651e-06 
2
0
0
0.000106049
0.0107701 -0.000255988 -3.75724e-09 -0.000255988 0.00996569 -2.08419e-07 -3.75724e-09 -2.08419e-07 1.03685e-06 
3
0
0
-0.000288786
0.0114639 -0.000297128 -3.33875e-09 -0.000297128 0.010272 -2.19335e-07 -3.33875e-09 -2.19335e-07 1.0371e-06 
4
0
0
2.16205e-05
0.0117902 -0.000317559 -3.04834e-09 -0.000317559 0.0103719 -2.24997e-07 -3.04834e-09 -2.24997e-07 1.03671e-06 
5
0
0
0.000401267
0.0119437 -0.00032728 -2.85028e-09 -0.00032728 0.0104043 -2.28791e-07 -2.85028e-09 -2.28791e-07 1.03631e-06 
6
0
0
-2.74662e-05
0.0120159 -0.000331814 -2.70008e-09 -0.000331814 0.0104149 -2.31878e-07 -2.70008e-09 -2.31878e-07 1.036e-06 
7
0
0
0.00013403
0.01205 -0.000333922 -2.57898e-09 -0.000333922 0.0104184 -2.34626e-07 -2.57898e-09 -2.34626e-07 1.03576e-06 
8
0
0
-0.000527303
0.0120662 -0.000334894 -2.46865e-09 -0.000334894 0.0104197 -2.37147e-07 -2.46865e-09 -2.37147e-07 1.03558e-06 
9
0
0
0.000387607
0.0120739 -0.000335357 -2.37191e-09 -0.000335357 0.0104202 -2.39473e-07 -2.37191e-09 -2.39473e-07 1.03545e-06 
10
0
0
0.000632759
0.0120777 -0.00033556 -2.27264e-09 -0.00033556 0.0104205 -2.41615e-07 -2.27264e-09 -2.41615e-07 1.03535e-06 
11
0
0
0.000461579
0.0120795 -0.000335654 -2.18144e-09 -0.000335654 0.0104206 -2.43577e-07 -2.18144e-09 -2.43577e-07 1.03528e-06 
12
0
0
-5.45483e-05
0.0120804 -0.000335704 -2.10034e-09 -0.000335704 0.0104207 -2.45367e-07 -2.10034e-09 -2.45367e-07 1.03523e-06 
13
0
0
0.000344577
0.0120809 -0.000335739 -2.02962e-09 -0.000335739 0.0104208 -2.4699e-07 -2.02962e-09 -2.4699e-07 1.03519e-06 
14
0
0
0.00131072
0.0120812 -0.00033575 -1.96025e-09 -0.00033575 0.0104209 -2.48457e-07 -1.96025e-09 -2.48457e-07 1.03517e-06 
15
0
0
-9.87191e-05
0.0120814 -0.000335742 -1.89023e-09 -0.000335742 0.010421 -2.49775e-07 -1.89023e-09 -2.49775e-07 1.03515e-06 
16
0
0
-0.000429995
0.0120815 -0.000335764 -1.84298e-09 -0.000335764 0.010421 -2.50958e-07 -1.84298e-09 -2.50958e-07 1.03514e-06 
17
0
0
0.000646864
0.0120815 -0.00033578 -1.79722e-09 -0.00033578 0.0104211 -2.52016e-07 -1.79722e-09 -2.52016e-07 1.03514e-06 
18
0
0
9.02775e-05
0.0120816 -0.000335771 -1.74497e-09 -0.000335771 0.0104211 -2.5296e-07 -1.74497e-09 -2.5296e-07 1.03514e-06 
19
0
0
0.000211201
0.0120816 -0.000335777 -1.70761e-09 -0.000335777 0.0104212 -2.53799e-07 -1.70761e-09 -2.53799e-07 1.03514e-06 
20
0
0
-1.4408e-05
0.0120817 -0.000335779 -1.67634e-09 -0.000335779 0.0104212 -2.54546e-07 -1.67634e-09 -2.54546e-07 1.03514e-06 
21
0
0
0.00111009
0.0120817 -0.000335784 -1.64942e-09 -0.000335784 0.0104212 -2.55208e-07 -1.64942e-09 -2.55208e-07 1.03515e-06 
22
0
0
0.000836007
0.0120817 -0.000335769 -1.6145e-09 -0.000335769 0.0104213 -2.55793e-07 -1.6145e-09 -2.55793e-07 1.03515e-06 
23
0
0
0.000161885
0.0120817 -0.000335768 -1.59078e-09 -0.000335768 0.0104213 -2.5631e-07 -1.59078e-09 -2.5631e-07 1.03516e-06 
24
0
0
-5.52576e-05
0.0120817 -0.000335779 -1.57587e-09 -0.000335779 0.0104213 -2.56765e-07 -1.57587e-09 -2.56765e-07 1.03516e-06 
25
0
0
-0.000725119
0.0120817 -0.000335787 -1.56117e-09 -0.000335787 0.0104213 -2.57165e-07 -1.56117e-09 -2.57165e-07 1.03517e-06 
26
0
0
0.000432814
0.0120817 -0.000335801 -1.55247e-09 -0.000335801 0.0104213 -2.57516e-07 -1.55247e-09 -2.57516e-07 1.03517e-06 
27
0
0
-5.55499e-06
0.0120817 -0.000335789 -1.53179e-09 -0.000335789 0.0104213 -2.57823e-07 -1.53179e-09 -2.57823e-07 1.03518e-06 
28
0
0
0.000329148
0.0120817 -0.000335791 -1.5227e-09 -0.000335791 0.0104214 -2.58092e-07 -1.5227e-09 -2.58092e-07 1.03518e-06 
29
0
0
-0.000315413
0.0120817 -0.000335787 -1.50997e-09 -0.000335787 0.0104214 -2.58328e-07 -1.50997e-09 -2.58328e-07 1.03519e-06 
30
0
0
0.000408167
0.0120817 -0.000335796 -1.50432e-09 -0.000335796 0.0104214 -2.58537e-07 -1.50432e-09 -2.58537e-07 1.03519e-06 
31
0
0
-0.000445236
0.0120817 -0.000335788 -1.49009e-09 -0.000335788 0.0104214 -2.58719e-07 -1.49009e-09 -2.58719e-07 1.03519e-06 
32
0
0
9.5033e-05
0.0120817 -0.000335799 -1.48807e-09 -0.000335799 0.0104214 -2.58878e-07 -1.48807e-09 -2.58878e-07 1.0352e-06 
33
0
0
-0.00101914
0.0120817 -0.000335794 -1.48013e-09 -0.000335794 0.0104214 -2.59017e-07 -1.48013e-09 -2.59017e-07 1.0352e-06 
34
0
0
-0.000444351
0.0120817 -0.000335811 -1.48445e-09 -0.000335811 0.0104214 -2.59139e-07 -1.48445e-09 -2.59139e-07 1.0352e-06 
35
0
0
0.000376599
0.0120817 -0.000335808 -1.478e-09 -0.000335808 0.0104214 -2.59246e-07 -1.478e-09 -2.59246e-07 1.0352e-06 
36
0
0
7.29133e-05
0.0120817 -0.000335794 -1.46848e-09 -0.000335794 0.0104214 -2.59345e-07 -1.46848e-09 -2.59345e-07 1.03521e-06 
37
0
0
-0.000536335
0.0120817 -0.000335793 -1.46727e-09 -0.000335793 0.0104214 -2.59429e-07 -1.46727e-09 -2.59429e-07 1.03521e-06 
38
0
0
-3.80234e-05
0.0120817 -0.000335803 -1.47095e-09 -0.000335803 0.0104214 -2.59501e-07 -1.47095e-09 -2.59501e-07 1.03521e-06 
39
0
0
-0.000211168
0.0120817 -0.000335799 -1.46626e-09 -0.000335799 0.0104214 -2.59564e-07 -1.46626e-09 -2.59564e-07 1.03521e-06 
40
0
0
6.49366e-05
0.0120817 -0.0003358 -1.46407e-09 -0.0003358 0.0104214 -2.59619e-07 -1.46407e-09 -2.59619e-07 1.03521e-06 
41
0
0
-0.000765591
0.0120817 -0.000335796 -1.4601e-09 -0.000335796 0.0104214 -2.59666e-07 -1.4601e-09 -2.59666e-07 1.03521e-06 
42
0
0
-0.000294362
0.0120817 -0.000335808 -1.46545e-09 -0.000335808 0.0104214 -2.59707e-07 -1.46545e-09 -2.59707e-07 1.03521e-06 
43
0
0
0.00011874
0.0120817 -0.000335805 -1.46366e-09 -0.000335805 0.0104214 -2.59742e-07 -1.46366e-09 -2.59742e-07 1.03522e-06 
44
0
0
-0.000143935
0.0120817 -0.000335797 -1.45786e-09 -0.000335797 0.0104214 -2.59772e-07 -1.45786e-09 -2.59772e-07 1.03522e-06 
45
0
0
6.65848e-05
0.0120817 -0.000335798 -1.45783e-09 -0.000335798 0.0104214 -2.59796e-07 -1.45783e-09 -2.59796e-07 1.03522e-06 
46
0
0
-0.000521711
0.0120817 -0.000335795 -1.45467e-09 -0.000335795 0.0104214 -2.59816e-07 -1.45467e-09 -2.59816e-07 1.03522e-06 
47
0
0
0.000693048
0.0120817 -0.000335804 -1.46119e-09 -0.000335804 0.0104214 -2.59834e-07 -1.46119e-09 -2.59834e-07 1.03522e-06 
48
0
0
-0.000621403
0.0120817 -0.000335788 -1.45461e-09 -0.000335788 0.0104214 -2.59852e-07 -1.45461e-09 -2.59852e-07 1.03522e-06 
49
0
0
-0.000189715
0.0120817 -0.000335802 -1.46287e-09 -0.000335802 0.0104214 -2.59869e-07 -1.46287e-09 -2.59869e-07 1.03522e-06 
50
0
0
-0.000327103
0.0120817 -0.000335801 -1.45976e-09 -0.000335801 0.0104214 -2.59883e-07 -1.45976e-09 -2.59883e-07 1.03522e-06 
51
0
0
-0.000239063
0.0120817 -0.000335803 -1.45906e-09 -0.000335803 0.0104214 -2.59896e-07 -1.45906e-09 -2.59896e-07 1.03522e-06 
52
0
0
-8.26977e-05
0.0120817 -0.000335802 -1.45472e-09 -0.000335802 0.0104214 -2.59903e-07 -1.45472e-09 -2.59903e-07 1.03522e-06 
53
0
0
0.000712202
0.0120817 -0.000335799 -1.45042e-09 -0.000335799 0.0104214 -2.59909e-07 -1.45042e-09 -2.59909e-07 1.03522e-06 
54
0
0
-0.000642958
0.0120817 -0.000335786 -1.44011e-09 -0.000335786 0.0104214 -2.59912e-07 -1.44011e-09 -2.59912e-07 1.03522e-06 
55
0
0
-0.00108474
0.0120817 -0.000335802 -1.44742e-09 -0.000335802 0.0104214 -2.59916e-07 -1.44742e-09 -2.59916e-07 1.03522e-06 
56
0
0
0.0001709
0.0120817 -0.000335815 -1.45433e-09 -0.000335815 0.0104214 -2.5992e-07 -1.45433e-09 -2.5992e-07 1.03522e-06 
57
0
0
9.6502e-05
0.0120817 -0.0003358 -1.44767e-09 -0.0003358 0.0104214 -2.59925e-07 -1.44767e-09 -2.59925e-07 1.03522e-06 
58
0
0
0.000569341
0.0120817 -0.000335796 -1.44678e-09 -0.000335796 0.0104214 -2.5993e-07 -1.44678e-09 -2.5993e-07 1.03522e-06 
59
0
0
0.000234259
0.0120817 -0.000335787 -1.44249e-09 -0.000335787 0.0104214 -2.59935e-07 -1.44249e-09 -2.59935e-07 1.03522e-06 
60
0
0
0.000720123
0.0120817 -0.000335788 -1.44791e-09 -0.000335788 0.0104214 -2.59938e-07 -1.44791e-09 -2.59938e-07 1.03522e-06 
61
0
0
-0.000581774
0.0120817 -0.000335781 -1.44808e-09 -0.000335781 0.0104214 -2.59941e-07 -1.44808e-09 -2.59941e-07 1.03522e-06 
62
0
0
0.000901692
0.0120817 -0.000335799 -1.45936e-09 -0.000335799 0.0104214 -2.59944e-07 -1.45936e-09 -2.59944e-07 1.03522e-06 
63
0
0
0.00143611
0.0120817 -0.000335783 -1.44878e-09 -0.000335783 0.0104214 -2.59947e-07 -1.44878e-09 -2.59947e-07 1.03522e-06 
64
0
0
0.000756602
0.0120818 -0.000335768 -1.43862e-09 -0.000335768 0.0104214 -2.59949e-07 -1.43862e-09 -2.59949e-07 1.03522e-06 
65
0
0
-0.000965161
0.0120818 -0.000335773 -1.44043e-09 -0.000335773 0.0104214 -2.59951e-07 -1.44043e-09 -2.59951e-07 1.03522e-06 
66
0
0
0.00020639
0.0120817 -0.000335802 -1.45666e-09 -0.000335802 0.0104214 -2.59951e-07 -1.45666e-09 -2.59951e-07 1.03522e-06 
67
0
0
-0.000103828
0.0120817 -0.000335795 -1.45312e-09 -0.000335795 0.0104214 -2.59953e-07 -1.45312e-09 -2.59953e-07 1.03522e-06 
68
0
0
-0.000573016
0.0120817 -0.000335797 -1.44804e-09 -0.000335797 0.0104214 -2.59958e-07 -1.44804e-09 -2.59958e-07 1.03522e-06 
69
0
0
-0.000281148
0.0120817 -0.000335805 -1.44847e-09 -0.000335805 0.0104214 -2.59962e-07 -1.44847e-09 -2.59962e-07 1.03522e-06 
70
0
0
0.000713222
0.0120817 -0.000335804 -1.44625e-09 -0.000335804 0.0104214 -2.59964e-07 -1.44625e-09 -2.59964e-07 1.03522e-06 
71
0
0
-0.000527542
0.0120817 -0.000335787 -1.43836e-09 -0.000335787 0.0104214 -2.59965e-07 -1.43836e-09 -2.59965e-07 1.03522e-06 
72
0
0
0.000120249
0.0120817 -0.000335801 -1.44677e-09 -0.000335801 0.0104214 -2.59966e-07 -1.44677e-09 -2.59966e-07 1.03522e-06 
73
0
0
0.000232349
0.0120817 -0.000335796 -1.44224e-09 -0.000335796 0.0104214 -2.59966e-07 -1.44224e-09 -2.59966e-07 1.03522e-06 
74
0
0
-9.40541e-05
0.0120817 -0.000335792 -1.43777e-09 -0.000335792 0.0104214 -2.59966e-07 -1.43777e-09 -2.59966e-07 1.03522e-06 
75
0
0
0.000371369
0.0120817 -0.000335796 -1.43752e-09 -0.000335796 0.0104214 -2.59964e-07 -1.43752e-09 -2.59964e-07 1.03522e-06 
76
0
0
-0.000847228
0.0120817 -0.00033579 -1.43449e-09 -0.00033579 0.0104214 -2.59961e-07 -1.43449e-09 -2.59961e-07 1.03522e-06 
77
0
0
-7.71052e-05
0.0120817 -0.000335807 -1.44554e-09 -0.000335807 0.0104214 -2.59959e-07 -1.44554e-09 -2.59959e-07 1.03522e-06 
78
0
0
2.09837e-06
0.0120817 -0.000335801 -1.44497e-09 -0.000335801 0.0104214 -2.59958e-07 -1.44497e-09 -2.59958e-07 1.03522e-06 
79
0
0
-3.16986e-05
0.0120817 -0.000335798 -1.44585e-09 -0.000335798 0.0104214 -2.59959e-07 -1.44585e-09 -2.59959e-07 1.03522e-06 
80
0
0
-0.000258396
0.0120817 -0.000335797 -1.44583e-09 -0.000335797 0.0104214 -2.59961e-07 -1.44583e-09 -2.59961e-07 1.03522e-06 
81
0
0
-0.000302929
0.0120817 -0.0003358 -1.44665e-09 -0.0003358 0.0104214 -2.59964e-07 -1.44665e-09 -2.59964e-07 1.03522e-06 
82
0
0
0.000409537
0.0120817 -0.000335802 -1.44607e-09 -0.000335802 0.0104214 -2.59967e-07 -1.44607e-09 -2.59967e-07 1.03522e-06 
83
0
0
0.00087459
0.0120817 -0.000335792 -1.4393e-09 -0.000335792 0.0104214 -2.59969e-07 -1.4393e-09 -2.59969e-07 1.03522e-06 
84
0
0
0.00043292
0.0120817 -0.00033578 -1.43371e-09 -0.00033578 0.0104214 -2.5997e-07 -1.43371e-09 -2.5997e-07 1.03522e-06 
85
0
0
-0.000385745
0.0120817 -0.000335783 -1.43798e-09 -0.000335783 0.0104214 -2.59966e-07 -1.43798e-09 -2.59966e-07 1.03522e-06 
86
0
0
-0.000291648
0.0120817 -0.000335797 -1.44765e-09 -0.000335797 0.0104214 -2.59963e-07 -1.44765e-09 -2.59963e-07 1.03522e-06 
87
0
0
0.00116325
0.0120817 -0.000335801 -1.45021e-09 -0.000335801 0.0104214 -2.59959e-07 -1.45021e-09 -2.59959e-07 1.03522e-06 
88
0
0
0.000682474
0.0120817 -0.000335779 -1.43796e-09 -0.000335779 0.0104214 -2.59956e-07 -1.43796e-09 -2.59956e-07 1.03522e-06 
89
0
0
0.000525036
0.0120817 -0.000335778 -1.43703e-09 -0.000335778 0.0104214 -2.59951e-07 -1.43703e-09 -2.59951e-07 1.03522e-06 
90
0
0
0.000938492
0.0120817 -0.000335781 -1.43745e-09 -0.000335781 0.0104214 -2.59948e-07 -1.43745e-09 -2.59948e-07 1.03522e-06 
91
0
0
0.00015224
0.0120817 -0.000335775 -1.43368e-09 -0.000335775 0.0104214 -2.59945e-07 -1.43368e-09 -2.59945e-07 1.03522e-06 
92
0
0
0.000753183
0.0120817 -0.000335785 -1.43971e-09 -0.000335785 0.0104214 -2.59942e-07 -1.43971e-09 -2.59942e-07 1.03522e-06 
93
0
0
0.000562734
0.0120817 -0.00033578 -1.43733e-09 -0.00033578 0.0104214 -2.59941e-07 -1.43733e-09 -2.59941e-07 1.03522e-06 
94
0
0
-0.00103872
0.0120817 -0.000335781 -1.43971e-09 -0.000335781 0.0104214 -2.59939e-07 -1.43971e-09 -2.59939e-07 1.03522e-06 
95
0
0
-0.000526936
0.0120817 -0.000335806 -1.45487e-09 -0.000335806 0.0104214 -2.59937e-07 -1.45487e-09 -2.59937e-07 1.03522e-06 
96
0
0
-0.00014497
0.0120817 -0.000335808 -1.45512e-09 -0.000335808 0.0104214 -2.59936e-07 -1.45512e-09 -2.59936e-07 1.03522e-06 
97
0
0
-9.00673e-05
0.0120817 -0.000335803 -1.45209e-09 -0.000335803 0.0104214 -2.59933e-07 -1.45209e-09 -2.59933e-07 1.03522e-06 
98
0
0
0.000151335
0.0120817 -0.0003358 -1.45083e-09 -0.0003358 0.0104214 -2.59933e-07 -1.45083e-09 -2.59933e-07 1.03522e-06 
99
0
0
-0.000408583
0.0120817 -0.000335795 -1.44805e-09 -0.000335795 0.0104214 -2.59932e-07 -1.44805e-09 -2.59932e-07 1.03522e-06 
100
0
0
-0.000621562
0.0120817 -0.000335802 -1.45351e-09 -0.000335802 0.0104214 -2.59941e-07 -1.45351e-09 -2.59941e-07 1.03522e-06 
101
0
0
-0.000327807
0.0120817 -0.000335808 -1.45893e-09 -0.000335808 0.0104214 -2.59946e-07 -1.45893e-09 -2.59946e-07 1.03522e-06 
102
0
0
-0.000616112
0.0120817 -0.000335805 -1.45913e-09 -0.000335805 0.0104214 -2.59949e-07 -1.45913e-09 -2.59949e-07 1.03522e-06 
103
0
0
-0.000449465
0.0120817 -0.000335809 -1.46263e-09 -0.000335809 0.0104214 -2.59952e-07 -1.46263e-09 -2.59952e-07 1.03522e-06 
104
0
0
0.000844282
0.0120817 -0.000335808 -1.4627e-09 -0.000335808 0.0104214 -2.59955e-07 -1.4627e-09 -2.59955e-07 1.03522e-06 
105
0
0
0.000960995
0.0120817 -0.000335787 -1.45112e-09 -0.000335787 0.0104214 -2.59958e-07 -1.45112e-09 -2.59958e-07 1.03522e-06 
106
0
0
0.000619359
0.0120817 -0.000335777 -1.44625e-09 -0.000335777 0.0104214 -2.59961e-07 -1.44625e-09 -2.59961e-07 1.03522e-06 
107
0
0
-0.000131977
0.0120817 -0.000335779 -1.44787e-09 -0.000335779 0.0104214 -2.59963e-07 -1.44787e-09 -2.59963e-07 1.03522e-06 
108
0
0
0.00126746
0.0120817 -0.000335791 -1.45539e-09 -0.000335791 0.0104214 -2.59963e-07 -1.45539e-09 -2.59963e-07 1.03522e-06 
109
0
0
0.000946413
0.0120817 -0.000335774 -1.44648e-09 -0.000335774 0.0104214 -2.59962e-07 -1.44648e-09 -2.59962e-07 1.03522e-06 
110
0
0
8.85677e-06
0.0120818 -0.000335772 -1.44726e-09 -0.000335772 0.0104214 -2.59961e-07 -1.44726e-09 -2.59961e-07 1.03522e-06 
111
0
0
-0.000505021
0.0120817 -0.000335787 -1.45653e-09 -0.000335787 0.0104214 -2.59961e-07 -1.45653e-09 -2.59961e-07 1.03522e-06 
112
0
0
-3.84606e-05
0.0120817 -0.0003358 -1.46432e-09 -0.0003358 0.0104214 -2.59962e-07 -1.46432e-09 -2.59962e-07 1.03522e-06 
113
0
0
-0.000174808
0.0120817 -0.000335798 -1.46243e-09 -0.000335798 0.0104214 -2.59963e-07 -1.46243e-09 -2.59963e-07 1.03522e-06 
114
0
0
0.000186383
0.0120817 -0.000335799 -1.46242e-09 -0.000335799 0.0104214 -2.59964e-07 -1.46242e-09 -2.59964e-07 1.03522e-06 
115
0
0
-0.000150762
0.0120817 -0.000335794 -1.4588e-09 -0.000335794 0.0104214 -2.59963e-07 -1.4588e-09 -2.59963e-07 1.03522e-06 
116
0
0
0.00022932
0.0120817 -0.000335797 -1.46142e-09 -0.000335797 0.0104214 -2.59961e-07 -1.46142e-09 -2.59961e-07 1.03522e-06 
117
0
0
0.000503994
0.0120817 -0.000335793 -1.45892e-09 -0.000335793 0.0104214 -2.59959e-07 -1.45892e-09 -2.59959e-07 1.03522e-06 
118
0
0
0.000504666
0.0120817 -0.000335786 -1.45585e-09 -0.000335786 0.0104214 -2.59957e-07 -1.45585e-09 -2.59957e-07 1.03522e-06 
119
0
0
0.000464835
0.0120817 -0.000335784 -1.45439e-09 -0.000335784 0.0104214 -2.59956e-07 -1.45439e-09 -2.59956e-07 1.03522e-06 
120
0
0
-0.000527489
0.0120817 -0.000335784 -1.45457e-09 -0.000335784 0.0104214 -2.59955e-07 -1.45457e-09 -2.59955e-07 1.03522e-06 
121
0
0
0.000205885
0.0120817 -0.000335799 -1.46342e-09 -0.000335799 0.0104214 -2.59954e-07 -1.46342e-09 -2.59954e-07 1.03522e-06 
122
0
0
0.00116471
0.0120817 -0.000335794 -1.4604e-09 -0.000335794 0.0104214 -2.59953e-07 -1.4604e-09 -2.59953e-07 1.03522e-06 
123
0
0
4.29433e-05
0.0120817 -0.000335776 -1.45175e-09 -0.000335776 0.0104214 -2.59951e-07 -1.45175e-09 -2.59951e-07 1.03522e-06 
124
0
0
-0.00073978
0.0120817 -0.000335788 -1.459e-09 -0.000335788 0.0104214 -2.5995e-07 -1.459e-09 -2.5995e-07 1.03522e-06 
125
0
0
6.49509e-05
0.0120817 -0.000335804 -1.46304e-09 -0.000335804 0.0104214 -2.59953e-07 -1.46304e-09 -2.59953e-07 1.03522e-06 
126
0
0
-5.34529e-05
0.0120817 -0.000335798 -1.45595e-09 -0.000335798 0.0104214 -2.59955e-07 -1.45595e-09 -2.59955e-07 1.03522e-06 
127
0
0
0.00058992
0.0120817 -0.000335797 -1.45382e-09 -0.000335797 0.0104214 -2.59956e-07 -1.45382e-09 -2.59956e-07 1.03522e-06 
128
0
0
-0.000305032
0.0120817 -0.000335787 -1.44677e-09 -0.000335787 0.0104214 -2.59955e-07 -1.44677e-09 -2.59955e-07 1.03522e-06 
129
0
0
0.00121142
0.0120817 -0.000335797 -1.45126e-09 -0.000335797 0.0104214 -2.59953e-07 -1.45126e-09 -2.59953e-07 1.03522e-06 
130
0
0
0.00075613
0.0120817 -0.000335777 -1.43887e-09 -0.000335777 0.0104214 -2.59952e-07 -1.43887e-09 -2.59952e-07 1.03522e-06 
131
0
0
0.000628001
0.0120817 -0.000335776 -1.43916e-09 -0.000335776 0.0104214 -2.59951e-07 -1.43916e-09 -2.59951e-07 1.03522e-06 
132
0
0
0.000107063
0.0120817 -0.000335778 -1.44348e-09 -0.000335778 0.0104214 -2.59951e-07 -1.44348e-09 -2.59951e-07 1.03522e-06 
133
0
0
0.000836428
0.0120817 -0.000335787 -1.45068e-09 -0.000335787 0.0104214 -2.59951e-07 -1.45068e-09 -2.59951e-07 1.03522e-06 
134
0
0
0.000126547
0.0120817 -0.000335779 -1.44712e-09 -0.000335779 0.0104214 -2.59953e-07 -1.44712e-09 -2.59953e-07 1.03522e-06 
135
0
0
-0.00104973
0.0120817 -0.000335787 -1.45185e-09 -0.000335787 0.0104214 -2.59956e-07 -1.45185e-09 -2.59956e-07 1.03522e-06 
136
0
0
0.000242961
0.0120817 -0.000335809 -1.46345e-09 -0.000335809 0.0104214 -2.5996e-07 -1.46345e-09 -2.5996e-07 1.03522e-06 
137
0
0
0.000800504
0.0120817 -0.000335797 -1.4562e-09 -0.000335797 0.0104214 -2.59965e-07 -1.4562e-09 -2.59965e-07 1.03522e-06 
138
0
0
0.000378063
0.0120817 -0.000335783 -1.44869e-09 -0.000335783 0.0104214 -2.5997e-07 -1.44869e-09 -2.5997e-07 1.03522e-06 
139
0
0
-0.000680078
0.0120817 -0.000335785 -1.44995e-09 -0.000335785 0.0104214 -2.59974e-07 -1.44995e-09 -2.59974e-07 1.03522e-06 
140
0
0
-0.000517576
0.0120817 -0.000335802 -1.45892e-09 -0.000335802 0.0104214 -2.59976e-07 -1.45892e-09 -2.59976e-07 1.03522e-06 
141
0
0
0.000779798
0.0120817 -0.000335806 -1.46344e-09 -0.000335806 0.0104214 -2.59977e-07 -1.46344e-09 -2.59977e-07 1.03522e-06 
142
0
0
-0.00122403
0.0120817 -0.000335787 -1.44702e-09 -0.000335787 0.0104214 -2.59977e-07 -1.44702e-09 -2.59977e-07 1.03522e-06 
143
0
0
-0.00147752
0.0120817 -0.000335812 -1.46062e-09 -0.000335812 0.0104214 -2.59975e-07 -1.46062e-09 -2.59975e-07 1.03522e-06 
144
0
0
9.83224e-06
0.0120817 -0.000335825 -1.46811e-09 -0.000335825 0.0104214 -2.59971e-07 -1.46811e-09 -2.59971e-07 1.03522e-06 
145
0
0
0.000756409
0.0120817 -0.000335807 -1.46006e-09 -0.000335807 0.0104214 -2.59971e-07 -1.46006e-09 -2.59971e-07 1.03522e-06 
146
0
0
0.00111383
0.0120817 -0.000335788 -1.4481e-09 -0.000335788 0.0104214 -2.5997e-07 -1.4481e-09 -2.5997e-07 1.03522e-06 
147
0
0
-0.000232042
0.0120817 -0.000335775 -1.43814e-09 -0.000335775 0.0104214 -2.5997e-07 -1.43814e-09 -2.5997e-07 1.03522e-06 
148
0
0
0.000151939
0.0120817 -0.000335791 -1.44783e-09 -0.000335791 0.0104214 -2.59956e-07 -1.44783e-09 -2.59956e-07 1.03522e-06 
149
0
0
-0.000138333
0.0120817 -0.000335792 -1.44929e-09 -0.000335792 0.0104214 -2.59947e-07 -1.44929e-09 -2.59947e-07 1.03522e-06 
150
0
0
0.000655914
0.0120817 -0.000335796 -1.45091e-09 -0.000335796 0.0104214 -2.59941e-07 -1.45091e-09 -2.59941e-07 1.03522e-06 
151
0
0
0.000794808
0.0120817 -0.000335785 -1.44168e-09 -0.000335785 0.0104214 -2.59935e-07 -1.44168e-09 -2.59935e-07 1.03522e-06 
152
0
0
0.000361438
0.0120817 -0.000335779 -1.43806e-09 -0.000335779 0.0104214 -2.59928e-07 -1.43806e-09 -2.59928e-07 1.03522e-06 
153
0
0
0.00131422
0.0120817 -0.000335784 -1.4424e-09 -0.000335784 0.0104214 -2.59922e-07 -1.4424e-09 -2.59922e-07 1.03522e-06 
154
0
0
-0.00048038
0.0120818 -0.00033577 -1.43697e-09 -0.00033577 0.0104214 -2.59916e-07 -1.43697e-09 -2.59916e-07 1.03522e-06 
155
0
0
-0.00170947
0.0120817 -0.000335793 -1.44957e-09 -0.000335793 0.0104214 -2.5991e-07 -1.44957e-09 -2.5991e-07 1.03522e-06 
156
0
0
-0.00101012
0.0120817 -0.000335822 -1.46867e-09 -0.000335822 0.0104214 -2.59905e-07 -1.46867e-09 -2.59905e-07 1.03522e-06 
157
0
0
-0.000155243
0.0120817 -0.000335822 -1.47158e-09 -0.000335822 0.0104214 -2.59899e-07 -1.47158e-09 -2.59899e-07 1.03522e-06 
158
0
0
7.67581e-05
0.0120817 -0.000335808 -1.46855e-09 -0.000335808 0.0104214 -2.59892e-07 -1.46855e-09 -2.59892e-07 1.03522e-06 
159
0
0
3.88018e-05
0.0120817 -0.000335799 -1.46868e-09 -0.000335799 0.0104214 -2.59885e-07 -1.46868e-09 -2.59885e-07 1.03522e-06 
160
0
0
0.000469929
0.0120817 -0.000335796 -1.46987e-09 -0.000335796 0.0104214 -2.59879e-07 -1.46987e-09 -2.59879e-07 1.03522e-06 
161
0
0
-0.000818846
0.0120817 -0.000335788 -1.4661e-09 -0.000335788 0.0104214 -2.59873e-07 -1.4661e-09 -2.59873e-07 1.03522e-06 
162
0
0
5.03492e-05
0.0120817 -0.000335806 -1.47601e-09 -0.000335806 0.0104214 -2.59868e-07 -1.47601e-09 -2.59868e-07 1.03522e-06 
163
0
0
0.000493665
0.0120817 -0.000335799 -1.47142e-09 -0.000335799 0.0104214 -2.59863e-07 -1.47142e-09 -2.59863e-07 1.03522e-06 
164
0
0
0.00104673
0.0120817 -0.000335789 -1.46625e-09 -0.000335789 0.0104214 -2.59858e-07 -1.46625e-09 -2.59858e-07 1.03522e-06 
165
0
0
0.00220078
0.0120817 -0.000335776 -1.47084e-09 -0.000335776 0.0104214 -2.5985e-07 -1.47084e-09 -2.5985e-07 1.03522e-06 
166
0
0
0.000840838
0.0120818 -0.000335753 -1.46663e-09 -0.000335753 0.0104214 -2.59842e-07 -1.46663e-09 -2.59842e-07 1.03522e-06 
167
0
0
0.000313692
0.0120818 -0.000335766 -1.47896e-09 -0.000335766 0.0104214 -2.59834e-07 -1.47896e-09 -2.59834e-07 1.03522e-06 
168
0
0
0.000369223
0.0120817 -0.000335779 -1.48993e-09 -0.000335779 0.0104214 -2.59825e-07 -1.48993e-09 -2.59825e-07 1.03522e-06 
169
0
0
0.00312038
0.0120817 -0.000335784 -1.49503e-09 -0.000335784 0.0104214 -2.59818e-07 -1.49503e-09 -2.59818e-07 1.03522e-06 
170
0
0
0.00161921
0.0120818 -0.000335741 -1.47388e-09 -0.000335741 0.0104214 -2.5981e-07 -1.47388e-09 -2.5981e-07 1.03522e-06 
171
0.0501236
0
-0.000198078
0.0120818 -0.000335749 -1.47997e-09 -0.000335749 0.0104214 -2.598e-07 -1.47997e-09 -2.598e-07 1.03522e-06 
172
0.0528513
0
-0.000696401
0.0120817 -0.000335781 -1.50682e-09 -0.000335781 0.0104214 -2.59792e-07 -1.50682e-09 -2.59792e-07 1.03522e-06 
173
0.0556442
0
0.000617786
0.0120817 -0.000335801 -1.52365e-09 -0.000335801 0.0104214 -2.59785e-07 -1.52365e-09 -2.59785e-07 1.03522e-06 
174
0.0578042
0
1.13668e-05
0.0120817 -0.000335788 -1.51973e-09 -0.000335788 0.0104214 -2.59777e-07 -1.51973e-09 -2.59777e-07 1.03522e-06 
175
0.0597062
0
-0.00104489
0.0120817 -0.000335792 -1.52509e-09 -0.000335792 0.0104214 -2.59771e-07 -1.52509e-09 -2.59771e-07 1.03522e-06 
176
0.062359
0
0.00119461
0.0120817 -0.000335811 -1.53748e-09 -0.000335811 0.0104214 -2.59766e-07 -1.53748e-09 -2.59766e-07 1.03522e-06 
177
0.0672483
0
0.0043625
0.0120817 -0.000335782 -1.5233e-09 -0.000335782 0.0104214 -2.59759e-07 -1.5233e-09 -2.59759e-07 1.03522e-06 
178
0.0737308
0
0.00375328
0.0120818 -0.000335721 -1.49405e-09 -0.000335721 0.0104214 -2.59747e-07 -1.49405e-09 -2.59747e-07 1.03522e-06 
179
0.0814395
0
0.00120577
0.0120818 -0.000335708 -1.49215e-09 -0.000335708 0.0104214 -2.5973e-07 -1.49215e-09 -2.5973e-07 1.03522e-06 
180
0.091324
0
0.00132713
0.0120818 -0.000335743 -1.51822e-09 -0.000335743 0.0104214 -2.5971e-07 -1.51822e-09 -2.5971e-07 1.03522e-06 
181
0.102525
0
0.00212354
0.0120818 -0.000335754 -1.52695e-09 -0.000335754 0.0104214 -2.59684e-07 -1.52695e-09 -2.59684e-07 1.03522e-06 
182
0.114817
0
0.00171925
0.0120818 -0.000335746 -1.52209e-09 -0.000335746 0.0104214 -2.59654e-07 -1.52209e-09 -2.59654e-07 1.03522e-06 
183
0.126382
0
-0.000691077
0.0120818 -0.000335749 -1.5254e-09 -0.000335749 0.0104214 -2.59622e-07 -1.5254e-09 -2.59622e-07 1.03522e-06 
184
0.137912
0
-0.00347887
0.0120817 -0.000335789 -1.55045e-09 -0.000335789 0.0104214 -2.5959e-07 -1.55045e-09 -2.5959e-07 1.03522e-06 
185
0.151033
0
0.00058313
0.0120817 -0.000335848 -1.5855e-09 -0.000335848 0.0104215 -2.59559e-07 -1.5855e-09 -2.59559e-07 1.03522e-06 
186
0.166436
0
0.00481083
0.0120817 -0.000335806 -1.56281e-09 -0.000335806 0.0104214 -2.59525e-07 -1.56281e-09 -2.59525e-07 1.03522e-06 
187
0.180606
0
0.0032397
0.0120818 -0.000335723 -1.51984e-09 -0.000335723 0.0104214 -2.59485e-07 -1.51984e-09 -2.59485e-07 1.03522e-06 
188
0.197241
0
-0.00138225
0.0120818 -0.000335717 -1.53267e-09 -0.000335717 0.0104214 -2.59447e-07 -1.53267e-09 -2.59447e-07 1.03522e-06 
189
0.214745
0.0512515
-0.00490585
0.0120817 -0.000335787 -1.585e-09 -0.000335787 0.0104214 -2.59402e-07 -1.585e-09 -2.59402e-07 1.03522e-06 
190
0.2335
0.052434
-0.000784343
0.0120817 -0.00033587 -1.63965e-09 -0.00033587 0.0104215 -2.59356e-07 -1.63965e-09 -2.59356e-07 1.03522e-06 
191
0.25457
0.0512732
0.00524105
0.0120817 -0.000335836 -1.62797e-09 -0.000335836 0.0104214 -2.59306e-07 -1.62797e-09 -2.59306e-07 1.03522e-06 
192
0.278907
0.050517
0.00577178
0.0120818 -0.000335728 -1.57386e-09 -0.000335728 0.0104214 -2.59251e-07 -1.57386e-09 -2.59251e-07 1.03522e-06 
193
0.3055
0.0506382
0.00380312
0.0120818 -0.000335678 -1.55192e-09 -0.000335678 0.0104214 -2.59187e-07 -1.55192e-09 -2.59187e-07 1.03522e-06 
194
0.333135
0.0527097
-0.00119199
0.0120818 -0.00033569 -1.56186e-09 -0.00033569 0.0104214 -2.59117e-07 -1.56186e-09 -2.59117e-07 1.03522e-06 
195
0.355382
0.0619614
0.000233173
0.0120818 -0.000335774 -1.61169e-09 -0.000335774 0.0104214 -2.59043e-07 -1.61169e-09 -2.59043e-07 1.03522e-06 
196
0.3807
0.0676169
0.00386281
0.0120817 -0.000335784 -1.65313e-09 -0.000335784 0.0104214 -2.58982e-07 -1.65313e-09 -2.58982e-07 1.03522e-06 
197
0.406575
0.0704448
0.00504055
0.0120818 -0.00033573 -1.65612e-09 -0.00033573 0.0104214 -2.58915e-07 -1.65612e-09 -2.58915e-07 1.03522e-06 
198
0.435243
0.0714807
0.00433127
0.0120818 -0.00033569 -1.65596e-09 -0.00033569 0.0104214 -2.58847e-07 -1.65596e-09 -2.58847e-07 1.03522e-06 
199
0.464434
0.0729282
0.004859
0.0120818 -0.000335687 -1.66368e-09 -0.000335687 0.0104214 -2.58771e-07 -1.66368e-09 -2.58771e-07 1.03522e-06 
200
0.493016
0.075317
0.00407865
0.0120818 -0.000335677 -1.6674e-09 -0.000335677 0.0104214 -2.58693e-07 -1.6674e-09 -2.58693e-07 1.03522e-06 
201
0.523276
0.0784594
0.00348322
0.0120818 -0.000335686 -1.68351e-09 -0.000335686 0.0104214 -2.58617e-07 -1.68351e-09 -2.58617e-07 1.03522e-06 
202
0.553338
0.080909
0.00342815
0.0120818 -0.000335698 -1.70494e-09 -0.000335698 0.0104214 -2.58537e-07 -1.70494e-09 -2.58537e-07 1.03522e-06 
203
0.577747
0.087278
0.00565745
0.0120818 -0.000335704 -1.72034e-09 -0.000335704 0.0104214 -2.58456e-07 -1.72034e-09 -2.58456e-07 1.03522e-06 
204
0.604922
0.0925749
0.0065648
0.0120818 -0.000335671 -1.73288e-09 -0.000335671 0.0104214 -2.5839e-07 -1.73288e-09 -2.5839e-07 1.03522e-06 
205
0.633847
0.0964333
0.00539448
0.0120818 -0.000335644 -1.74776e-09 -0.000335644 0.0104214 -2.58318e-07 -1.74776e-09 -2.58318e-07 1.03522e-06 
206
0.664985
0.0995646
0.00564469
0.0120818 -0.000335652 -1.77367e-09 -0.000335652 0.0104214 -2.58241e-07 -1.77367e-09 -2.58241e-07 1.03522e-06 
207
0.695619
0.105185
0.0114038
0.0120818 -0.000335651 -1.7899e-09 -0.000335651 0.0104214 -2.58159e-07 -1.7899e-09 -2.58159e-07 1.03522e-06 
208
0.720478
0.105128
0.0121071
0.0120819 -0.00033556 -1.77218e-09 -0.00033556 0.0104214 -2.58077e-07 -1.77218e-09 -2.58077e-07 1.03522e-06 
209
0.750741
0.106868
0.00951793
0.0120819 -0.000335513 -1.75755e-09 -0.000335513 0.0104213 -2.5801e-07 -1.75755e-09 -2.5801e-07 1.03522e-06 
210
0.777355
0.107639
0.00431526
0.0120819 -0.000335537 -1.7796e-09 -0.000335537 0.0104213 -2.5793e-07 -1.7796e-09 -2.5793e-07 1.03522e-06 
211
0.802318
0.115486
0.00257644
0.0120818 -0.000335629 -1.82788e-09 -0.000335629 0.0104214 -2.57858e-07 -1.82788e-09 -2.57858e-07 1.03522e-06 
212
0.82649
0.121444
0.00537052
0.0120818 -0.000335691 -1.88756e-09 -0.000335691 0.0104214 -2.57791e-07 -1.88756e-09 -2.57791e-07 1.03522e-06 
213
0.853042
0.125813
0.00724839
0.0120818 -0.00033567 -1.90452e-09 -0.00033567 0.0104214 -2.57726e-07 -1.90452e-09 -2.57726e-07 1.03522e-06 
214
0.876213
0.132411
0.00935066
0.0120818 -0.000335633 -1.90962e-09 -0.000335633 0.0104214 -2.57656e-07 -1.90962e-09 -2.57656e-07 1.03522e-06 
215
0.898883
0.134847
0.00991081
0.0120818 -0.000335585 -1.91932e-09 -0.000335585 0.0104214 -2.57594e-07 -1.91932e-09 -2.57594e-07 1.03522e-06 
216
0.923561
0.138394
0.010339
0.0120819 -0.000335558 -1.92362e-09 -0.000335558 0.0104214 -2.57533e-07 -1.92362e-09 -2.57533e-07 1.03522e-06 
217
0.944297
0.13839
0.00835997
0.0120819 -0.000335541 -1.93405e-09 -0.000335541 0.0104213 -2.57468e-07 -1.93405e-09 -2.57468e-07 1.03522e-06 
218
0.967625
0.139162
0.00651456
0.0120819 -0.000335566 -1.94937e-09 -0.000335566 0.0104214 -2.57412e-07 -1.94937e-09 -2.57412e-07 1.03522e-06 
219
0.983363
0.147832
0.00513399
0.0120818 -0.000335605 -1.97099e-09 -0.000335605 0.0104214 -2.5735e-07 -1.97099e-09 -2.5735e-07 1.03522e-06 
220
1.0027
0.154681
0.00687641
0.0120818 -0.000335641 -2.02309e-09 -0.000335641 0.0104214 -2.57306e-07 -2.02309e-09 -2.57306e-07 1.03522e-06 
221
1.01881
0.157103
0.00868933
0.0120818 -0.000335628 -2.04865e-09 -0.000335628 0.0104214 -2.57255e-07 -2.04865e-09 -2.57255e-07 1.03522e-06 
222
1.04166
0.158318
0.00897634
0.0120818 -0.000335594 -2.04784e-09 -0.000335594 0.0104214 -2.57212e-07 -2.04784e-09 -2.57212e-07 1.03522e-06 
223
1.06329
0.156538
0.0069719
0.0120819 -0.000335576 -2.04875e-09 -0.000335576 0.0104214 -2.57152e-07 -2.04875e-09 -2.57152e-07 1.03522e-06 
224
1.09037
0.157921
0.00021399
0.0120818 -0.000335601 -2.05606e-09 -0.000335601 0.0104214 -2.57094e-07 -2.05606e-09 -2.57094e-07 1.03522e-06 
225
1.11334
0.165719
0.00065208
0.0120818 -0.000335718 -2.11651e-09 -0.000335718 0.0104214 -2.57023e-07 -2.11651e-09 -2.57023e-07 1.03522e-06 
226
1.13312
0.16848
0.00400062
0.0120818 -0.000335755 -2.16341e-09 -0.000335755 0.0104214 -2.56961e-07 -2.16341e-09 -2.56961e-07 1.03522e-06 
227
1.14921
0.17722
0.00739353
0.0120818 -0.000335717 -2.15925e-09 -0.000335717 0.0104214 -2.56907e-07 -2.15925e-09 -2.56907e-07 1.03522e-06 
228
1.16711
0.179097
0.0110669
0.0120818 -0.000335648 -2.16655e-09 -0.000335648 0.0104214 -2.56863e-07 -2.16655e-09 -2.56863e-07 1.03522e-06 
229
1.19071
0.178501
0.012966
0.0120819 -0.000335563 -2.14359e-09 -0.000335563 0.0104214 -2.56816e-07 -2.14359e-09 -2.56816e-07 1.03522e-06 
230
1.21392
0.184502
0.00802599
0.0120819 -0.000335501 -2.11784e-09 -0.000335501 0.0104213 -2.56755e-07 -2.11784e-09 -2.56755e-07 1.03522e-06 
231
1.23847
0.189928
0.00584213
0.0120819 -0.000335556 -2.17187e-09 -0.000335556 0.0104213 -2.56693e-07 -2.17187e-09 -2.56693e-07 1.03522e-06 
232
1.26485
0.194451
0.0134985
0.0120818 -0.000335611 -2.22362e-09 -0.000335611 0.0104214 -2.56627e-07 -2.22362e-09 -2.56627e-07 1.03522e-06 
233
1.29465
0.193337
0.0199691
0.0120819 -0.000335511 -2.19692e-09 -0.000335511 0.0104213 -2.56558e-07 -2.19692e-09 -2.56558e-07 1.03522e-06 
234
1.33082
0.194239
0.0213276
0.012082 -0.00033537 -2.1331e-09 -0.00033537 0.0104213 -2.5648e-07 -2.1331e-09 -2.5648e-07 1.03522e-06 
235
1.35679
0.200743
0.0181929
0.012082 -0.000335295 -2.10831e-09 -0.000335295 0.0104213 -2.56385e-07 -2.10831e-09 -2.56385e-07 1.03522e-06 
236
1.38878
0.208889
0.00724869
0.012082 -0.000335316 -2.1508e-09 -0.000335316 0.0104213 -2.56313e-07 -2.1508e-09 -2.56313e-07 1.03522e-06 
237
1.4097
0.217504
0.00529285
0.0120819 -0.000335498 -2.27571e-09 -0.000335498 0.0104213 -2.56228e-07 -2.27571e-09 -2.56228e-07 1.03522e-06 
238
1.43813
0.221079
0.00879502
0.0120819 -0.000335598 -2.35769e-09 -0.000335598 0.0104214 -2.56169e-07 -2.35769e-09 -2.56169e-07 1.03522e-06 
239
1.4577
0.228214
0.0164598
0.0120819 -0.000335581 -2.36505e-09 -0.000335581 0.0104214 -2.56095e-07 -2.36505e-09 -2.56095e-07 1.03522e-06 
240
1.47169
0.22747
0.00622474
0.0120819 -0.000335452 -2.33591e-09 -0.000335452 0.0104213 -2.56042e-07 -2.33591e-09 -2.56042e-07 1.03522e-06 
241
1.48808
0.231091
-0.00419696
0.0120819 -0.000335566 -2.39672e-09 -0.000335566 0.0104214 -2.56002e-07 -2.39672e-09 -2.56002e-07 1.03522e-06 
242
1.50441
0.227928
-0.00543778
0.0120818 -0.000335774 -2.50871e-09 -0.000335774 0.0104214 -2.55958e-07 -2.50871e-09 -2.55958e-07 1.03522e-06 
243
1.52513
0.229665
0.00721107
0.0120817 -0.000335873 -2.53687e-09 -0.000335873 0.0104215 -2.55915e-07 -2.53687e-09 -2.55915e-07 1.03522e-06 
244
1.53394
0.236687
0.0140695
0.0120818 -0.000335711 -2.45958e-09 -0.000335711 0.0104214 -2.55862e-07 -2.45958e-09 -2.55862e-07 1.03522e-06 
245
1.54899
0.24184
0.00830059
0.0120819 -0.00033554 -2.41283e-09 -0.00033554 0.0104213 -2.55836e-07 -2.41283e-09 -2.55836e-07 1.03522e-06 
246
1.5637
0.245151
-0.000173917
0.0120819 -0.000335566 -2.45924e-09 -0.000335566 0.0104214 -2.55796e-07 -2.45924e-09 -2.55796e-07 1.03522e-06 
247
1.5901
0.249615
0.000901409
0.0120818 -0.00033571 -2.54693e-09 -0.00033571 0.0104214 -2.55756e-07 -2.54693e-09 -2.55756e-07 1.03522e-06 
248
1.61174
0.256591
0.00799968
0.0120818 -0.000335748 -2.58153e-09 -0.000335748 0.0104214 -2.55689e-07 -2.58153e-09 -2.55689e-07 1.03522e-06 
249
1.63631
0.261641
0.0134082
0.0120818 -0.00033565 -2.56419e-09 -0.00033565 0.0104214 -2.5563e-07 -2.56419e-09 -2.5563e-07 1.03522e-06 
250
1.6609
0.263167
0.0177383
0.0120819 -0.000335527 -2.53471e-09 -0.000335527 0.0104213 -2.55566e-07 -2.53471e-09 -2.55566e-07 1.03522e-06 
251
1.68514
0.270005
0.0128071
0.0120819 -0.000335411 -2.49638e-09 -0.000335411 0.0104213 -2.555e-07 -2.49638e-09 -2.555e-07 1.03522e-06 
252
1.71205
0.277978
0.0172708
0.0120819 -0.000335446 -2.54838e-09 -0.000335446 0.0104213 -2.55435e-07 -2.54838e-09 -2.55435e-07 1.03522e-06 
253
1.73557
0.277883
0.018838
0.012082 -0.000335388 -2.55859e-09 -0.000335388 0.0104213 -2.55364e-07 -2.55859e-09 -2.55364e-07 1.03522e-06 
254
1.76228
0.282985
0.018799
0.012082 -0.000335341 -2.54355e-09 -0.000335341 0.0104213 -2.55301e-07 -2.54355e-09 -2.55301e-07 1.03522e-06 
255
1.78315
0.290788
0.0180897
0.012082 -0.000335324 -2.55932e-09 -0.000335324 0.0104213 -2.5523e-07 -2.55932e-09 -2.5523e-07 1.03522e-06 
256
1.80759
0.298923
0.0283408
0.012082 -0.000335329 -2.59837e-09 -0.000335329 0.0104213 -2.55173e-07 -2.59837e-09 -2.55173e-07 1.03522e-06 
257
1.82092
0.296875
0.0244455
0.0120821 -0.000335168 -2.56082e-09 -0.000335168 0.0104212 -2.5511e-07 -2.56082e-09 -2.5511e-07 1.03522e-06 
258
1.84978
0.297467
0.0301129
0.0120821 -0.000335168 -2.5644e-09 -0.000335168 0.0104212 -2.55071e-07 -2.5644e-09 -2.55071e-07 1.03522e-06 
259
1.87652
0.309563
0.0540317
0.0120821 -0.000335079 -2.526e-09 -0.000335079 0.0104212 -2.54998e-07 -2.526e-09 -2.54998e-07 1.03522e-06 
260
1.89896
0.328977
0.0843957
0.0120823 -0.000334665 -2.38322e-09 -0.000334665 0.010421 -2.54929e-07 -2.38322e-09 -2.54929e-07 1.03522e-06 
261
1.92588
0.351282
0.102336
0.0120827 -0.000334025 -2.18224e-09 -0.000334025 0.0104208 -2.54869e-07 -2.18224e-09 -2.54869e-07 1.03522e-06 
262
1.94829
0.366955
0.110496
0.012083 -0.000333496 -2.06328e-09 -0.000333496 0.0104207 -2.54799e-07 -2.06328e-09 -2.54799e-07 1.03522e-06 
263
1.97446
0.373704
0.121633
0.0120832 -0.000333165 -2.01208e-09 -0.000333165 0.0104206 -2.54738e-07 -2.01208e-09 -2.54738e-07 1.03522e-06 
264
2.00647
0.382651
0.134003
0.0120834 -0.000332862 -1.92468e-09 -0.000332862 0.0104205 -2.5467e-07 -1.92468e-09 -2.5467e-07 1.03522e-06 
265
2.03102
0.388603
0.150031
0.0120835 -0.00033255 -1.83287e-09 -0.00033255 0.0104204 -2.54587e-07 -1.83287e-09 -2.54587e-07 1.03522e-06 
266
2.06058
0.40615
0.180876
0.0120838 -0.000332176 -1.69974e-09 -0.000332176 0.0104203 -2.5452e-07 -1.69974e-09 -2.5452e-07 1.03522e-06 
267
2.07118
0.430551
0.20218
0.0120841 -0.000331543 -1.49232e-09 -0.000331543 0.0104201 -2.54444e-07 -1.49232e-09 -2.54444e-07 1.03522e-06 
268
2.08574
0.447803
0.194584
0.0120845 -0.000330962 -1.35505e-09 -0.000330962 0.0104199 -2.54411e-07 -1.35505e-09 -2.54411e-07 1.03522e-06 
269
2.10149
0.459334
0.207398
0.0120846 -0.000330861 -1.42252e-09 -0.000330861 0.0104199 -2.54372e-07 -1.42252e-09 -2.54372e-07 1.03522e-06 
270
2.1156
0.461662
0.229441
0.0120847 -0.000330619 -1.37828e-09 -0.000330619 0.0104198 -2.54331e-07 -1.37828e-09 -2.54331e-07 1.03522e-06 
271
2.13052
0.464401
0.232106
0.012085 -0.000330176 -1.19722e-09 -0.000330176 0.0104197 -2.54294e-07 -1.19722e-09 -2.54294e-07 1.03522e-06 
272
2.14319
0.471396
0.229103
0.0120851 -0.000329964 -1.13049e-09 -0.000329964 0.0104196 -2.54254e-07 -1.13049e-09 -2.54254e-07 1.03522e-06 
273
2.15297
0.479044
0.217735
0.0120851 -0.000329931 -1.16005e-09 -0.000329931 0.0104196 -2.54219e-07 -1.16005e-09 -2.54219e-07 1.03522e-06 
274
2.16342
0.482963
0.201433
0.0120851 -0.0003301 -1.28186e-09 -0.0003301 0.0104197 -2.54192e-07 -1.28186e-09 -2.54192e-07 1.03522e-06 
275
2.17041
0.483387
0.183527
0.0120849 -0.000330424 -1.45404e-09 -0.000330424 0.0104198 -2.54164e-07 -1.45404e-09 -2.54164e-07 1.03522e-06 
276
2.18618
0.478434
0.159304
0.0120846 -0.000330833 -1.64342e-09 -0.000330833 0.0104199 -2.54144e-07 -1.64342e-09 -2.54144e-07 1.03522e-06 
277
2.21109
0.471698
0.133423
0.0120843 -0.000331374 -1.86782e-09 -0.000331374 0.0104201 -2.54103e-07 -1.86782e-09 -2.54103e-07 1.03522e-06 
278
2.22828
0.46372
0.112763
0.012084 -0.000331993 -2.1127e-09 -0.000331993 0.0104202 -2.54038e-07 -2.1127e-09 -2.54038e-07 1.03522e-06 
279
2.24275
0.453137
0.0884462
0.0120836 -0.000332557 -2.32053e-09 -0.000332557 0.0104204 -2.53989e-07 -2.32053e-09 -2.53989e-07 1.03522e-06 
280
2.25034
0.445136
0.0535057
0.0120833 -0.000333159 -2.53521e-09 -0.000333159 0.0104206 -2.53949e-07 -2.53521e-09 -2.53949e-07 1.03522e-06 
281
2.26253
0.432073
0.0105636
0.0120829 -0.000333943 -2.84466e-09 -0.000333943 0.0104208 -2.53925e-07 -2.84466e-09 -2.53925e-07 1.03522e-06 
282
2.27736
0.421702
-0.0186059
0.0120823 -0.000334923 -3.22177e-09 -0.000334923 0.0104212 -2.5389e-07 -3.22177e-09 -2.5389e-07 1.03522e-06 
283
2.29248
0.400822
-0.035112
0.0120819 -0.000335759 -3.52898e-09 -0.000335759 0.0104214 -2.53849e-07 -3.52898e-09 -2.53849e-07 1.03522e-06 
284
2.30125
0.396603
-0.0451902
0.0120815 -0.000336339 -3.67579e-09 -0.000336339 0.0104216 -2.53807e-07 -3.67579e-09 -2.53807e-07 1.03522e-06 
285
2.31008
0.391019
-0.0593395
0.0120813 -0.000336719 -3.79928e-09 -0.000336719 0.0104218 -2.53781e-07 -3.79928e-09 -2.53781e-07 1.03522e-06 
286
2.32447
0.393634
-0.0649842
0.0120811 -0.000337088 -3.93026e-09 -0.000337088 0.0104219 -2.53755e-07 -3.93026e-09 -2.53755e-07 1.03522e-06 
287
2.33176
0.395042
-0.0712457
0.012081 -0.000337317 -4.03042e-09 -0.000337317 0.010422 -2.53717e-07 -4.03042e-09 -2.53717e-07 1.03522e-06 
288
2.34629
0.393164
-0.0747684
0.0120809 -0.000337503 -4.11411e-09 -0.000337503 0.010422 -2.53695e-07 -4.11411e-09 -2.53695e-07 1.03522e-06 
289
2.35734
0.395304
-0.0687806
0.0120808 -0.00033763 -4.15764e-09 -0.00033763 0.0104221 -2.53657e-07 -4.15764e-09 -2.53657e-07 1.03522e-06 
290
2.36457
0.394225
-0.0718748
0.0120808 -0.000337583 -4.13445e-09 -0.000337583 0.0104221 -2.53627e-07 -4.13445e-09 -2.53627e-07 1.03522e-06 
291
2.36636
0.405747
-0.0740948
0.0120808 -0.000337614 -4.14299e-09 -0.000337614 0.0104221 -2.53607e-07 -4.14299e-09 -2.53607e-07 1.03522e-06 
292
2.3769
0.414026
-0.066941
0.0120808 -0.000337661 -4.20703e-09 -0.000337661 0.0104221 -2.536e-07 -4.20703e-09 -2.536e-07 1.03522e-06 
293
2.38072
0.419762
-0.0601005
0.0120808 -0.000337565 -4.19621e-09 -0.000337565 0.010422 -2.53574e-07 -4.19621e-09 -2.53574e-07 1.03522e-06 
294
2.38686
0.423099
-0.0566
0.0120809 -0.00033742 -4.15507e-09 -0.00033742 0.010422 -2.53563e-07 -4.15507e-09 -2.53563e-07 1.03522e-06 
295
2.38972
0.426755
-0.058074
0.0120809 -0.00033731 -4.12199e-09 -0.00033731 0.010422 -2.53548e-07 -4.12199e-09 -2.53548e-07 1.03522e-06 
296
2.39916
0.427412
-0.0601157
0.0120809 -0.000337291 -4.13145e-09 -0.000337291 0.0104219 -2.53539e-07 -4.13145e-09 -2.53539e-07 1.03522e-06 
297
2.40936
