0
0
0
-4.15496e-05
0.00632102 -7.44339e-05 -4.31087e-09 -7.44339e-05 0.0065425 -1.42373e-07 -4.31087e-09 -1.42373e-07 1.21851e-06 
1
0
0
-3.40924e-05
0.0093053 -0.000180885 -4.13587e-09 -0.000180885 0.00905162 -1.84348e-07 -4.13587e-09 -1.84348e-07 1.03651e-06 
2
0
-0.0541986
0.000168391
0.0107701 -0.000255989 -3.5957e-09 -0.000255989 0.00996569 -2.08394e-07 -3.5957e-09 -2.08394e-07 1.03685e-06 
3
0
-0.0629232
-0.000184424
0.0114639 -0.000297128 -3.09571e-09 -0.000297128 0.010272 -2.19297e-07 -3.09571e-09 -2.19297e-07 1.0371e-06 
4
0
-0.0679862
6.19669e-05
0.0117902 -0.000317558 -2.74751e-09 -0.000317558 0.0103719 -2.2495e-07 -2.74751e-09 -2.2495e-07 1.03671e-06 
5
0
-0.071077
0.000451611
0.0119437 -0.000327279 -2.50987e-09 -0.000327279 0.0104043 -2.28731e-07 -2.50987e-09 -2.28731e-07 1.03631e-06 
6
0
-0.0731528
0.00107015
0.0120159 -0.000331813 -2.33496e-09 -0.000331813 0.0104149 -2.31807e-07 -2.33496e-09 -2.31807e-07 1.036e-06 
7
0
-0.074096
-0.000676291
0.01205 -0.000333905 -2.19181e-09 -0.000333905 0.0104184 -2.34548e-07 -2.19181e-09 -2.34548e-07 1.03576e-06 
8
0
-0.0750559
-0.000798104
0.0120662 -0.000334901 -2.08271e-09 -0.000334901 0.0104197 -2.37064e-07 -2.08271e-09 -2.37064e-07 1.03558e-06 
9
0
-0.0761565
-9.17979e-05
0.0120739 -0.000335364 -1.97848e-09 -0.000335364 0.0104202 -2.39388e-07 -1.97848e-09 -2.39388e-07 1.03545e-06 
10
0
-0.0771791
-0.000754176
0.0190803 -0.000335468 5.67468e-10 -0.000335468 0.0184255 -8.672e-08 5.67468e-10 -8.672e-08 1.03535e-06 
11
0
-0.0687502
-0.00101593
0.0155364 -0.000393732 -1.40526e-09 -0.000393732 0.0125743 -2.7194e-07 -1.40526e-09 -2.7194e-07 1.03528e-06 
12
0
-0.0657581
-3.21988e-05
0.0137263 -0.000380022 -1.45659e-09 -0.000380022 0.0110768 -2.60136e-07 -1.45659e-09 -2.60136e-07 1.03523e-06 
13
0
-0.0671441
0.000195249
0.0207336 -0.000380145 8.40118e-10 -0.000380145 0.0190829 -1.00116e-07 8.40118e-10 -1.00116e-07 1.03519e-06 
14
0
-0.0646139
0.00027095
0.0164554 -0.000417395 -7.80778e-10 -0.000417395 0.0127218 -2.809e-07 -7.80778e-10 -2.809e-07 1.03517e-06 
15
0
-0.0639941
0.000464063
0.0141796 -0.000392893 -1.02759e-09 -0.000392893 0.0111197 -2.65781e-07 -1.02759e-09 -2.65781e-07 1.03515e-06 
16
0
-0.0638606
-0.000249617
0.0130724 -0.000368857 -1.17186e-09 -0.000368857 0.0106414 -2.56343e-07 -1.17186e-09 -2.56343e-07 1.03514e-06 
17
0
-0.0640487
-0.000481133
0.0125476 -0.000353467 -1.2669e-09 -0.000353467 0.0104915 -2.53597e-07 -1.2669e-09 -2.53597e-07 1.03514e-06 
18
0
-0.0642794
-0.000864068
0.0123005 -0.000344833 -1.31061e-09 -0.000344833 0.0104438 -2.53329e-07 -1.31061e-09 -2.53329e-07 1.03514e-06 
19
0
-0.0635009
-3.1718e-05
0.0121844 -0.0003403 -1.32057e-09 -0.0003403 0.0104285 -2.53807e-07 -1.32057e-09 -2.53807e-07 1.03514e-06 
20
0
-0.0633481
9.80234e-05
0.0121299 -0.00033799 -1.30633e-09 -0.00033799 0.0104236 -2.54451e-07 -1.30633e-09 -2.54451e-07 1.03514e-06 
21
0
-0.063316
-0.000855854
0.0121043 -0.000336848 -1.28343e-09 -0.000336848 0.010422 -2.55089e-07 -1.28343e-09 -2.55089e-07 1.03515e-06 
22
0
-0.0637839
0.000151733
0.0120923 -0.00033631 -1.26549e-09 -0.00033631 0.0104215 -2.55671e-07 -1.26549e-09 -2.55671e-07 1.03515e-06 
23
0
-0.0641539
-0.000129173
0.0120867 -0.000336034 -1.23366e-09 -0.000336034 0.0104214 -2.5619e-07 -1.23366e-09 -2.5619e-07 1.03516e-06 
24
0
-0.0644355
-0.000212737
0.012084 -0.000335908 -1.2096e-09 -0.000335908 0.0104213 -2.56647e-07 -1.2096e-09 -2.56647e-07 1.03516e-06 
25
0
-0.0650297
8.26748e-05
0.0120828 -0.000335849 -1.18855e-09 -0.000335849 0.0104213 -2.57048e-07 -1.18855e-09 -2.57048e-07 1.03517e-06 
26
0
-0.0672718
7.31726e-06
0.01909 -0.000335974 1.12001e-09 -0.000335974 0.0184283 -1.14822e-07 1.12001e-09 -1.14822e-07 1.03517e-06 
27
0
-0.0633664
-0.000315117
0.0155421 -0.000393968 -4.89171e-10 -0.000393968 0.0125755 -2.89208e-07 -4.89171e-10 -2.89208e-07 1.03518e-06 
28
0
-0.0623469
0.000334334
0.0137295 -0.000380134 -6.41033e-10 -0.000380134 0.0110775 -2.73739e-07 -6.41033e-10 -2.73739e-07 1.03518e-06 
29
0
-0.0620828
0.00044603
0.0128584 -0.000362072 -8.01752e-10 -0.000362072 0.0106284 -2.63648e-07 -8.01752e-10 -2.63648e-07 1.03519e-06 
30
0
-0.0620867
0.000300359
0.0124468 -0.000349932 -9.34384e-10 -0.000349932 0.0104875 -2.60131e-07 -9.34384e-10 -2.60131e-07 1.03519e-06 
31
0
-0.0622906
0.000353273
0.0122532 -0.000343028 -1.01752e-09 -0.000343028 0.0104426 -2.59112e-07 -1.01752e-09 -2.59112e-07 1.03519e-06 
32
0
-0.0626695
0.000801529
0.0121623 -0.000339384 -1.05927e-09 -0.000339384 0.0104282 -2.58903e-07 -1.05927e-09 -2.58903e-07 1.0352e-06 
33
0
-0.0627218
8.81832e-05
0.0121195 -0.000337533 -1.0728e-09 -0.000337533 0.0104236 -2.58937e-07 -1.0728e-09 -2.58937e-07 1.0352e-06 
34
0
-0.0628563
-0.000133288
0.0120995 -0.000336632 -1.08253e-09 -0.000336632 0.0104221 -2.59032e-07 -1.08253e-09 -2.59032e-07 1.0352e-06 
35
0
-0.0613504
-0.000273256
0.0120901 -0.000336198 -1.08468e-09 -0.000336198 0.0104216 -2.59134e-07 -1.08468e-09 -2.59134e-07 1.0352e-06 
36
0
-0.0608743
0.000415595
0.0120856 -0.000335991 -1.08989e-09 -0.000335991 0.0104215 -2.59235e-07 -1.08989e-09 -2.59235e-07 1.03521e-06 
37
0
-0.0609997
0.00125176
0.0120836 -0.000335881 -1.08457e-09 -0.000335881 0.0104214 -2.59321e-07 -1.08457e-09 -2.59321e-07 1.03521e-06 
38
0
-0.0611265
0.00097646
0.0120826 -0.000335816 -1.07319e-09 -0.000335816 0.0104214 -2.59395e-07 -1.07319e-09 -2.59395e-07 1.03521e-06 
39
0
-0.061556
0.00147237
0.0120822 -0.000335792 -1.0691e-09 -0.000335792 0.0104214 -2.59458e-07 -1.0691e-09 -2.59458e-07 1.03521e-06 
40
0
-0.0616378
0.000144
0.0120819 -0.000335772 -1.06048e-09 -0.000335772 0.0104214 -2.59513e-07 -1.06048e-09 -2.59513e-07 1.03521e-06 
41
0
-0.06189
0.000184128
0.0120818 -0.000335785 -1.06613e-09 -0.000335785 0.0104214 -2.5956e-07 -1.06613e-09 -2.5956e-07 1.03521e-06 
42
0
-0.0621518
0.000127799
0.0120818 -0.000335789 -1.06516e-09 -0.000335789 0.0104214 -2.59601e-07 -1.06516e-09 -2.59601e-07 1.03521e-06 
43
0
-0.0598347
-0.000245609
0.0120818 -0.000335791 -1.06319e-09 -0.000335791 0.0104214 -2.59636e-07 -1.06319e-09 -2.59636e-07 1.03522e-06 
44
0
-0.0585442
-0.000194264
0.0120817 -0.000335798 -1.07405e-09 -0.000335798 0.0104214 -2.59672e-07 -1.07405e-09 -2.59672e-07 1.03522e-06 
45
0
-0.0577215
-0.000914063
0.0120817 -0.0003358 -1.07993e-09 -0.0003358 0.0104214 -2.59702e-07 -1.07993e-09 -2.59702e-07 1.03522e-06 
46
0
-0.0577955
0.000323253
0.0120817 -0.000335812 -1.08872e-09 -0.000335812 0.0104214 -2.59727e-07 -1.08872e-09 -2.59727e-07 1.03522e-06 
47
0
-0.0576306
-1.46942e-05
0.0120817 -0.000335797 -1.08043e-09 -0.000335797 0.0104214 -2.59748e-07 -1.08043e-09 -2.59748e-07 1.03522e-06 
48
0
-0.0577592
-0.000251204
0.0120817 -0.000335796 -1.08046e-09 -0.000335796 0.0104214 -2.59766e-07 -1.08046e-09 -2.59766e-07 1.03522e-06 
49
0
-0.0577532
-0.000549232
0.0120817 -0.0003358 -1.0811e-09 -0.0003358 0.0104214 -2.59782e-07 -1.0811e-09 -2.59782e-07 1.03522e-06 
50
0
-0.0559051
-0.0010439
0.0120817 -0.000335806 -1.08311e-09 -0.000335806 0.0104214 -2.59795e-07 -1.08311e-09 -2.59795e-07 1.03522e-06 
51
0
-0.0553023
0.000104699
0.0120817 -0.000335816 -1.09459e-09 -0.000335816 0.0104214 -2.59809e-07 -1.09459e-09 -2.59809e-07 1.03522e-06 
52
0
-0.0549491
-0.000557048
0.0120817 -0.000335802 -1.09033e-09 -0.000335802 0.0104214 -2.5982e-07 -1.09033e-09 -2.5982e-07 1.03522e-06 
53
0
-0.0550208
1.17331e-05
0.0120817 -0.000335807 -1.09464e-09 -0.000335807 0.0104214 -2.59829e-07 -1.09464e-09 -2.59829e-07 1.03522e-06 
54
0
-0.0550114
-0.000658589
0.0120817 -0.0003358 -1.09079e-09 -0.0003358 0.0104214 -2.59837e-07 -1.09079e-09 -2.59837e-07 1.03522e-06 
55
0
-0.055493
0.000404248
0.0120817 -0.000335808 -1.09448e-09 -0.000335808 0.0104214 -2.59843e-07 -1.09448e-09 -2.59843e-07 1.03522e-06 
56
0
-0.0556609
-0.000171317
0.0120817 -0.000335794 -1.08535e-09 -0.000335794 0.0104214 -2.59849e-07 -1.08535e-09 -2.59849e-07 1.03522e-06 
57
0
-0.0562926
0.00109646
0.0120817 -0.000335798 -1.08633e-09 -0.000335798 0.0104214 -2.59854e-07 -1.08633e-09 -2.59854e-07 1.03522e-06 
58
0
-0.056386
-0.000192997
0.0120817 -0.000335779 -1.07445e-09 -0.000335779 0.0104214 -2.59858e-07 -1.07445e-09 -2.59858e-07 1.03522e-06 
59
0
-0.0554272
0.000142007
0.0120817 -0.000335793 -1.08043e-09 -0.000335793 0.0104214 -2.59862e-07 -1.08043e-09 -2.59862e-07 1.03522e-06 
60
0
-0.0550597
0.000203719
0.0120817 -0.000335792 -1.08365e-09 -0.000335792 0.0104214 -2.59864e-07 -1.08365e-09 -2.59864e-07 1.03522e-06 
61
0
-0.0548307
-0.000258337
0.0120817 -0.000335791 -1.08499e-09 -0.000335791 0.0104214 -2.59866e-07 -1.08499e-09 -2.59866e-07 1.03522e-06 
62
0
-0.057591
-0.000273851
0.0190889 -0.000335933 1.1688e-09 -0.000335933 0.0184286 -1.19165e-07 1.1688e-09 -1.19165e-07 1.03522e-06 
63
0
-0.0559828
0.0001489
0.0155416 -0.000393955 -3.98475e-10 -0.000393955 0.0125756 -2.91817e-07 -3.98475e-10 -2.91817e-07 1.03522e-06 
64
0
-0.0587668
-6.35742e-05
0.0225499 -0.00039409 1.47224e-09 -0.00039409 0.0205835 -1.3224e-07 1.47224e-09 -1.3224e-07 1.03522e-06 
65
0
-0.0562094
-0.000846653
0.0175381 -0.000432981 5.31798e-10 -0.000432981 0.0130438 -3.02407e-07 5.31798e-10 -3.02407e-07 1.03522e-06 
66
0
-0.0559742
-0.000158961
0.0147268 -0.000404048 -7.86059e-11 -0.000404048 0.0112122 -2.79172e-07 -7.86059e-11 -2.79172e-07 1.03522e-06 
67
0
-0.0539156
-0.000216065
0.0133346 -0.000375616 -5.37115e-10 -0.000375616 0.0106703 -2.66356e-07 -5.37115e-10 -2.66356e-07 1.03522e-06 
68
0
-0.0531739
0.000704972
0.0126715 -0.00035724 -8.11501e-10 -0.00035724 0.0105009 -2.61864e-07 -8.11501e-10 -2.61864e-07 1.03522e-06 
69
0
-0.0529873
0.000886092
0.0123588 -0.000346819 -9.52284e-10 -0.000346819 0.010447 -2.60437e-07 -9.52284e-10 -2.60437e-07 1.03522e-06 
70
0
-0.0528864
0.000244428
0.0122119 -0.000341298 -1.02463e-09 -0.000341298 0.0104297 -2.60009e-07 -1.02463e-09 -2.60009e-07 1.03522e-06 
71
0
-0.0528835
-4.36971e-06
0.0121428 -0.000338496 -1.06583e-09 -0.000338496 0.0104241 -2.59892e-07 -1.06583e-09 -2.59892e-07 1.03522e-06 
72
0
-0.0529461
1.23187e-05
0.0121104 -0.000337107 -1.08603e-09 -0.000337107 0.0104223 -2.59866e-07 -1.08603e-09 -2.59866e-07 1.03522e-06 
73
0
-0.0529757
-0.000303807
0.0120952 -0.000336426 -1.09386e-09 -0.000336426 0.0104217 -2.59865e-07 -1.09386e-09 -2.59865e-07 1.03522e-06 
74
0
-0.0531023
-0.000235588
0.0120881 -0.000336102 -1.09908e-09 -0.000336102 0.0104215 -2.59868e-07 -1.09908e-09 -2.59868e-07 1.03522e-06 
75
0
-0.0532439
-0.000103589
0.0120847 -0.000335945 -1.09961e-09 -0.000335945 0.0104215 -2.59871e-07 -1.09961e-09 -2.59871e-07 1.03522e-06 
76
0
-0.0519364
1.95927e-05
0.0120831 -0.000335867 -1.09805e-09 -0.000335867 0.0104215 -2.59873e-07 -1.09805e-09 -2.59873e-07 1.03522e-06 
77
0
-0.0513908
0.000249964
0.0120824 -0.000335829 -1.1018e-09 -0.000335829 0.0104214 -2.5988e-07 -1.1018e-09 -2.5988e-07 1.03522e-06 
78
0
-0.0511669
0.000527384
0.012082 -0.000335807 -1.10243e-09 -0.000335807 0.0104214 -2.59883e-07 -1.10243e-09 -2.59883e-07 1.03522e-06 
79
0
-0.0510556
0.000302283
0.0120819 -0.000335793 -1.10077e-09 -0.000335793 0.0104214 -2.59885e-07 -1.10077e-09 -2.59885e-07 1.03522e-06 
80
0
-0.0509319
-0.00033484
0.0120818 -0.000335791 -1.10206e-09 -0.000335791 0.0104214 -2.59886e-07 -1.10206e-09 -2.59886e-07 1.03522e-06 
81
0
-0.0510497
-0.000365334
0.0120818 -0.000335799 -1.10757e-09 -0.000335799 0.0104214 -2.59887e-07 -1.10757e-09 -2.59887e-07 1.03522e-06 
82
0
-0.0511858
-0.000761375
0.0120818 -0.000335803 -1.10884e-09 -0.000335803 0.0104214 -2.59888e-07 -1.10884e-09 -2.59888e-07 1.03522e-06 
83
0
-0.0501406
-9.3143e-05
0.0120817 -0.000335811 -1.11171e-09 -0.000335811 0.0104214 -2.59889e-07 -1.11171e-09 -2.59889e-07 1.03522e-06 
84
0
-0.0529855
0.000116671
0.0190889 -0.000335946 1.14556e-09 -0.000335946 0.0184286 -1.19203e-07 1.14556e-09 -1.19203e-07 1.03522e-06 
85
0
-0.0500496
-0.000674677
0.0155416 -0.000393957 -4.25666e-10 -0.000393957 0.0125756 -2.91839e-07 -4.25666e-10 -2.91839e-07 1.03522e-06 
86
0
0
0.000411612
0.0137292 -0.00038014 -5.90562e-10 -0.00038014 0.0110776 -2.75771e-07 -5.90562e-10 -2.75771e-07 1.03522e-06 
87
0
0
0.000521921
0.0128583 -0.000362073 -7.67485e-10 -0.000362073 0.0106285 -2.65352e-07 -7.67485e-10 -2.65352e-07 1.03522e-06 
88
0
0
-0.000175605
0.0124468 -0.000349932 -9.14357e-10 -0.000349932 0.0104876 -2.616e-07 -9.14357e-10 -2.616e-07 1.03522e-06 
89
0
-0.0500209
0.000117951
0.0122532 -0.000343038 -1.01316e-09 -0.000343038 0.0104427 -2.6039e-07 -1.01316e-09 -2.6039e-07 1.03522e-06 
90
0
-0.0504853
0.000831711
0.0121622 -0.000339393 -1.06333e-09 -0.000339393 0.0104283 -2.6002e-07 -1.06333e-09 -2.6002e-07 1.03522e-06 
91
0
0
-0.000451482
0.0121195 -0.000337536 -1.08199e-09 -0.000337536 0.0104237 -2.59913e-07 -1.08199e-09 -2.59913e-07 1.03522e-06 
92
0
0
-0.000115938
0.0120995 -0.000336643 -1.10485e-09 -0.000336643 0.0104222 -2.59891e-07 -1.10485e-09 -2.59891e-07 1.03522e-06 
93
0
0
-0.000127291
0.0120901 -0.000336202 -1.11154e-09 -0.000336202 0.0104217 -2.5989e-07 -1.11154e-09 -2.5989e-07 1.03522e-06 
94
0
0
0.000659387
0.0120856 -0.000335991 -1.11383e-09 -0.000335991 0.0104215 -2.59893e-07 -1.11383e-09 -2.59893e-07 1.03522e-06 
95
0
0
-2.23322e-05
0.0120836 -0.000335877 -1.10762e-09 -0.000335877 0.0104215 -2.59895e-07 -1.10762e-09 -2.59895e-07 1.03522e-06 
96
0
0
5.43152e-05
0.0120826 -0.000335835 -1.11114e-09 -0.000335835 0.0104214 -2.59897e-07 -1.11114e-09 -2.59897e-07 1.03522e-06 
97
0
0
-0.000561886
0.0120821 -0.000335814 -1.11089e-09 -0.000335814 0.0104214 -2.59898e-07 -1.11089e-09 -2.59898e-07 1.03522e-06 
98
0
-0.0501259
0.000323458
0.0120819 -0.000335813 -1.11509e-09 -0.000335813 0.0104214 -2.59899e-07 -1.11509e-09 -2.59899e-07 1.03522e-06 
99
0
0
-0.000477966
0.0120818 -0.000335798 -1.10886e-09 -0.000335798 0.0104214 -2.599e-07 -1.10886e-09 -2.599e-07 1.03522e-06 
100
0
0
-0.00112575
0.0120818 -0.000335805 -1.11644e-09 -0.000335805 0.0104214 -2.59893e-07 -1.11644e-09 -2.59893e-07 1.03522e-06 
101
0
-0.051837
0.000261786
0.0190889 -0.000335983 1.1277e-09 -0.000335983 0.0184286 -1.19205e-07 1.1277e-09 -1.19205e-07 1.03522e-06 
102
0
-0.0501498
0.000266965
0.0155416 -0.000393969 -4.36379e-10 -0.000393969 0.0125756 -2.9184e-07 -4.36379e-10 -2.9184e-07 1.03522e-06 
103
0
0
-8.28368e-05
0.0137293 -0.000380119 -5.84304e-10 -0.000380119 0.0110776 -2.75768e-07 -5.84304e-10 -2.75768e-07 1.03522e-06 
104
0
0
-7.08571e-05
0.0128583 -0.000362077 -7.68498e-10 -0.000362077 0.0106285 -2.65349e-07 -7.68498e-10 -2.65349e-07 1.03522e-06 
105
0
-0.0500437
-0.00044447
0.0124468 -0.000349946 -9.18564e-10 -0.000349946 0.0104876 -2.61596e-07 -9.18564e-10 -2.61596e-07 1.03522e-06 
106
0
-0.0503784
6.18832e-05
0.0122532 -0.000343048 -1.01526e-09 -0.000343048 0.0104427 -2.60386e-07 -1.01526e-09 -2.60386e-07 1.03522e-06 
107
0
-0.0507561
0.000151621
0.0121622 -0.000339398 -1.06318e-09 -0.000339398 0.0104283 -2.60016e-07 -1.06318e-09 -2.60016e-07 1.03522e-06 
108
0
0
0.000621636
0.0121195 -0.00033755 -1.08633e-09 -0.00033755 0.0104237 -2.5991e-07 -1.08633e-09 -2.5991e-07 1.03522e-06 
109
0
0
-0.000237667
0.0120995 -0.000336631 -1.10368e-09 -0.000336631 0.0104222 -2.59884e-07 -1.10368e-09 -2.59884e-07 1.03522e-06 
110
0
0
0.000351746
0.0120901 -0.000336199 -1.1219e-09 -0.000336199 0.0104217 -2.5988e-07 -1.1219e-09 -2.5988e-07 1.03522e-06 
111
0
0
-0.000665828
0.0120856 -0.000335982 -1.12471e-09 -0.000335982 0.0104215 -2.59881e-07 -1.12471e-09 -2.59881e-07 1.03522e-06 
112
0
0
0.000979953
0.0120836 -0.000335895 -1.13459e-09 -0.000335895 0.0104215 -2.59883e-07 -1.13459e-09 -2.59883e-07 1.03522e-06 
113
0
0
0.000124351
0.0120826 -0.000335826 -1.12305e-09 -0.000335826 0.0104214 -2.59884e-07 -1.12305e-09 -2.59884e-07 1.03522e-06 
114
0
0
-0.000870451
0.0120821 -0.000335809 -1.1257e-09 -0.000335809 0.0104214 -2.59883e-07 -1.1257e-09 -2.59883e-07 1.03522e-06 
115
0
0
-0.000958934
0.0120819 -0.000335817 -1.13662e-09 -0.000335817 0.0104214 -2.59885e-07 -1.13662e-09 -2.59885e-07 1.03522e-06 
116
0
0
0.000168237
0.0120818 -0.00033582 -1.14023e-09 -0.00033582 0.0104214 -2.59887e-07 -1.14023e-09 -2.59887e-07 1.03522e-06 
117
0
0
0.000678449
0.0120818 -0.000335803 -1.13456e-09 -0.000335803 0.0104214 -2.59886e-07 -1.13456e-09 -2.59886e-07 1.03522e-06 
118
0
0
-0.000560674
0.0120818 -0.000335788 -1.12869e-09 -0.000335788 0.0104214 -2.59884e-07 -1.12869e-09 -2.59884e-07 1.03522e-06 
119
0
0
-0.000139118
0.0120817 -0.000335802 -1.13779e-09 -0.000335802 0.0104214 -2.59883e-07 -1.13779e-09 -2.59883e-07 1.03522e-06 
120
0
0
0.000261716
0.0120817 -0.0003358 -1.1371e-09 -0.0003358 0.0104214 -2.59881e-07 -1.1371e-09 -2.59881e-07 1.03522e-06 
121
0
0
0.000458576
0.0120817 -0.000335793 -1.13468e-09 -0.000335793 0.0104214 -2.59882e-07 -1.13468e-09 -2.59882e-07 1.03522e-06 
122
0
0
-0.00105479
0.0190889 -0.000335906 1.13151e-09 -0.000335906 0.0184286 -1.19192e-07 1.13151e-09 -1.19192e-07 1.03522e-06 
123
0
0
-0.00103903
0.0155416 -0.00039395 -4.6322e-10 -0.00039395 0.0125756 -2.91833e-07 -4.6322e-10 -2.91833e-07 1.03522e-06 
124
0
0
-0.000126933
0.0225499 -0.000394173 1.39564e-09 -0.000394173 0.0205836 -1.32267e-07 1.39564e-09 -1.32267e-07 1.03522e-06 
125
0
0
-5.94617e-05
0.0175381 -0.000433012 4.30075e-10 -0.000433012 0.0130438 -3.02422e-07 4.30075e-10 -3.02422e-07 1.03522e-06 
126
0
0
-0.000712907
0.0245471 -0.000433174 1.66768e-09 -0.000433174 0.0210519 -1.35423e-07 1.66768e-09 -1.35423e-07 1.03522e-06 
127
0
0
-3.07712e-06
0.0188337 -0.000454849 1.05527e-09 -0.000454849 0.0131408 -3.04486e-07 1.05527e-09 -3.04486e-07 1.03522e-06 
128
0
0
-5.98011e-05
0.0154048 -0.000417344 1.58846e-10 -0.000417344 0.0112399 -2.79788e-07 1.58846e-10 -2.79788e-07 1.03522e-06 
129
0
0
-9.85961e-05
0.0136626 -0.00038337 -4.8823e-10 -0.00038337 0.010679 -2.66518e-07 -4.8823e-10 -2.66518e-07 1.03522e-06 
130
0
0
5.62517e-05
0.0128267 -0.000361556 -8.1756e-10 -0.000361556 0.0105038 -2.61898e-07 -8.1756e-10 -2.61898e-07 1.03522e-06 
131
0
0
6.24622e-05
0.0124319 -0.000349145 -9.79662e-10 -0.000349145 0.0104479 -2.60438e-07 -9.79662e-10 -2.60438e-07 1.03522e-06 
132
0
0
0.000101619
0.0122462 -0.000342519 -1.07077e-09 -0.000342519 0.01043 -2.60009e-07 -1.07077e-09 -2.60009e-07 1.03522e-06 
133
0
0
-0.00165031
0.0121589 -0.000339116 -1.11717e-09 -0.000339116 0.0104242 -2.59895e-07 -1.11717e-09 -2.59895e-07 1.03522e-06 
134
0
0
-0.000471645
0.0191661 -0.000339318 1.0864e-09 -0.000339318 0.0184314 -1.19157e-07 1.0864e-09 -1.19157e-07 1.03522e-06 
135
0
0
0.000499105
0.0155832 -0.000395423 -4.87067e-10 -0.000395423 0.0125763 -2.91821e-07 -4.87067e-10 -2.91821e-07 1.03522e-06 
136
0
0
0.000174114
0.0137496 -0.000380817 -6.30291e-10 -0.000380817 0.0110778 -2.75759e-07 -6.30291e-10 -2.75759e-07 1.03522e-06 
137
0
0
0.000730298
0.0207573 -0.000380949 1.3265e-09 -0.000380949 0.0190851 -1.23997e-07 1.3265e-09 -1.23997e-07 1.03522e-06 
138
0
0
-0.000426389
0.0164694 -0.000417776 2.43983e-11 -0.000417776 0.0127227 -2.95109e-07 2.43983e-11 -2.95109e-07 1.03522e-06 
139
0
0
0.000740582
0.0141867 -0.000393128 -3.92737e-10 -0.000393128 0.0111203 -2.76779e-07 -3.92737e-10 -2.76779e-07 1.03522e-06 
140
0
0
3.79608e-05
0.013076 -0.000368978 -7.07466e-10 -0.000368978 0.0106419 -2.65629e-07 -7.07466e-10 -2.65629e-07 1.03522e-06 
141
0
0
-0.000300282
0.0125493 -0.000353532 -9.2403e-10 -0.000353532 0.0104919 -2.61664e-07 -9.2403e-10 -2.61664e-07 1.03522e-06 
142
0
0
-0.000124391
0.0123014 -0.00034487 -1.05003e-09 -0.00034487 0.0104441 -2.60399e-07 -1.05003e-09 -2.60399e-07 1.03522e-06 
143
0
0
0.000289671
0.0121849 -0.000340312 -1.11361e-09 -0.000340312 0.0104288 -2.60018e-07 -1.11361e-09 -2.60018e-07 1.03522e-06 
144
0
0
-0.000524924
0.0121302 -0.000337997 -1.14085e-09 -0.000337997 0.0104238 -2.59912e-07 -1.14085e-09 -2.59912e-07 1.03522e-06 
145
0
0
-1.37148e-05
0.0121045 -0.000336868 -1.15984e-09 -0.000336868 0.0104222 -2.59888e-07 -1.15984e-09 -2.59888e-07 1.03522e-06 
146
0
0
-0.000580894
0.0120924 -0.000336308 -1.16271e-09 -0.000336308 0.0104217 -2.59885e-07 -1.16271e-09 -2.59885e-07 1.03522e-06 
147
0
0
0.000542485
0.0120867 -0.000336049 -1.16857e-09 -0.000336049 0.0104215 -2.59888e-07 -1.16857e-09 -2.59888e-07 1.03522e-06 
148
0
0
0.000688464
0.0120841 -0.000335906 -1.15897e-09 -0.000335906 0.0104215 -2.59889e-07 -1.15897e-09 -2.59889e-07 1.03522e-06 
149
0
0
-0.000335462
0.0120828 -0.000335837 -1.15726e-09 -0.000335837 0.0104214 -2.59893e-07 -1.15726e-09 -2.59893e-07 1.03522e-06 
150
0
0
-0.000746631
0.0120823 -0.000335822 -1.16665e-09 -0.000335822 0.0104214 -2.59895e-07 -1.16665e-09 -2.59895e-07 1.03522e-06 
151
0
0
0.000491226
0.012082 -0.00033582 -1.17383e-09 -0.00033582 0.0104214 -2.59896e-07 -1.17383e-09 -2.59896e-07 1.03522e-06 
152
0
0
-0.00020172
0.0120819 -0.000335798 -1.16552e-09 -0.000335798 0.0104214 -2.59898e-07 -1.16552e-09 -2.59898e-07 1.03522e-06 
153
0
0
-0.00143921
0.0120818 -0.0003358 -1.16975e-09 -0.0003358 0.0104214 -2.59899e-07 -1.16975e-09 -2.59899e-07 1.03522e-06 
154
0
0
-0.00137066
0.0120818 -0.000335821 -1.18266e-09 -0.000335821 0.0104214 -2.59901e-07 -1.18266e-09 -2.59901e-07 1.03522e-06 
155
0
0
-0.000786884
0.0120817 -0.000335827 -1.1883e-09 -0.000335827 0.0104214 -2.59903e-07 -1.1883e-09 -2.59903e-07 1.03522e-06 
156
0
0
-6.19379e-05
0.0120817 -0.00033582 -1.1854e-09 -0.00033582 0.0104214 -2.59904e-07 -1.1854e-09 -2.59904e-07 1.03522e-06 
157
0
0
0.000430819
0.0120817 -0.000335806 -1.18423e-09 -0.000335806 0.0104214 -2.59906e-07 -1.18423e-09 -2.59906e-07 1.03522e-06 
158
0
0
-4.3574e-06
0.0120817 -0.000335793 -1.17945e-09 -0.000335793 0.0104214 -2.59906e-07 -1.17945e-09 -2.59906e-07 1.03522e-06 
159
0
0
0.000308804
0.0120817 -0.000335795 -1.18297e-09 -0.000335795 0.0104214 -2.59906e-07 -1.18297e-09 -2.59906e-07 1.03522e-06 
160
0
0
0.000876542
0.0120817 -0.00033579 -1.18302e-09 -0.00033579 0.0104214 -2.59907e-07 -1.18302e-09 -2.59907e-07 1.03522e-06 
161
0
0
-0.00150682
0.0120817 -0.00033578 -1.17771e-09 -0.00033578 0.0104214 -2.59907e-07 -1.17771e-09 -2.59907e-07 1.03522e-06 
162
0
0
-0.000935391
0.0120817 -0.000335814 -1.19595e-09 -0.000335814 0.0104214 -2.59907e-07 -1.19595e-09 -2.59907e-07 1.03522e-06 
163
0
0
-0.00015857
0.0120817 -0.000335817 -1.19588e-09 -0.000335817 0.0104214 -2.59907e-07 -1.19588e-09 -2.59907e-07 1.03522e-06 
164
0
0
-0.00134965
0.0120817 -0.000335807 -1.18833e-09 -0.000335807 0.0104214 -2.59908e-07 -1.18833e-09 -2.59908e-07 1.03522e-06 
165
0
0
-0.000152296
0.0120817 -0.000335821 -1.19683e-09 -0.000335821 0.0104214 -2.59909e-07 -1.19683e-09 -2.59909e-07 1.03522e-06 
166
0
0
-0.000402043
0.0120817 -0.000335808 -1.18885e-09 -0.000335808 0.0104214 -2.59909e-07 -1.18885e-09 -2.59909e-07 1.03522e-06 
167
0
0
-0.000179562
0.0120817 -0.000335807 -1.18839e-09 -0.000335807 0.0104214 -2.59909e-07 -1.18839e-09 -2.59909e-07 1.03522e-06 
168
0
0
3.41488e-05
0.0120817 -0.000335803 -1.18675e-09 -0.000335803 0.0104214 -2.59908e-07 -1.18675e-09 -2.59908e-07 1.03522e-06 
169
0
0
0.000518725
0.0190889 -0.000335933 1.07102e-09 -0.000335933 0.0184286 -1.1924e-07 1.07102e-09 -1.1924e-07 1.03522e-06 
170
0
0
-0.000203095
0.0155416 -0.00039395 -5.2224e-10 -0.00039395 0.0125756 -2.91858e-07 -5.2224e-10 -2.91858e-07 1.03522e-06 
171
0
0
-0.000128403
0.0137292 -0.000380124 -6.68266e-10 -0.000380124 0.0110776 -2.7579e-07 -6.68266e-10 -2.7579e-07 1.03522e-06 
172
0
0
0.00122762
0.0207369 -0.000380277 1.29335e-09 -0.000380277 0.019085 -1.24044e-07 1.29335e-09 -1.24044e-07 1.03522e-06 
173
0
0
0.00128776
0.0164577 -0.00041746 -1.3296e-11 -0.00041746 0.0127226 -2.95131e-07 -1.3296e-11 -2.95131e-07 1.03522e-06 
174
0
0
0.000553261
0.0141809 -0.000392907 -4.09688e-10 -0.000392907 0.0111203 -2.768e-07 -4.09688e-10 -2.768e-07 1.03522e-06 
175
0
0
-0.000804696
0.0130732 -0.000368877 -7.33188e-10 -0.000368877 0.0106418 -2.6565e-07 -7.33188e-10 -2.6565e-07 1.03522e-06 
176
0
0
-5.38648e-05
0.012548 -0.000353501 -9.49472e-10 -0.000353501 0.0104919 -2.6168e-07 -9.49472e-10 -2.6168e-07 1.03522e-06 
177
0
0
0.000474967
0.0123008 -0.000344848 -1.06233e-09 -0.000344848 0.0104441 -2.60412e-07 -1.06233e-09 -2.60412e-07 1.03522e-06 
178
0
0
0.000403783
0.0121846 -0.00034029 -1.11836e-09 -0.00034029 0.0104288 -2.60028e-07 -1.11836e-09 -2.60028e-07 1.03522e-06 
179
0
0
-0.000396864
0.01213 -0.000337986 -1.14975e-09 -0.000337986 0.0104238 -2.59922e-07 -1.14975e-09 -2.59922e-07 1.03522e-06 
180
0
0
-0.000164975
0.0121044 -0.00033686 -1.16926e-09 -0.00033686 0.0104222 -2.59896e-07 -1.16926e-09 -2.59896e-07 1.03522e-06 
181
0
0
-0.000137701
0.0120924 -0.000336308 -1.18113e-09 -0.000336308 0.0104217 -2.59895e-07 -1.18113e-09 -2.59895e-07 1.03522e-06 
182
0
0
7.69626e-05
0.0120867 -0.000336041 -1.18791e-09 -0.000336041 0.0104215 -2.599e-07 -1.18791e-09 -2.599e-07 1.03522e-06 
183
0
0
-0.000260277
0.0120841 -0.000335911 -1.1898e-09 -0.000335911 0.0104215 -2.59904e-07 -1.1898e-09 -2.59904e-07 1.03522e-06 
184
0
0
8.40745e-05
0.0120828 -0.000335854 -1.1931e-09 -0.000335854 0.0104214 -2.59909e-07 -1.1931e-09 -2.59909e-07 1.03522e-06 
185
0
0
0.000384746
0.0120823 -0.000335822 -1.19044e-09 -0.000335822 0.0104214 -2.59911e-07 -1.19044e-09 -2.59911e-07 1.03522e-06 
186
0
0
-0.00128012
0.012082 -0.000335802 -1.18474e-09 -0.000335802 0.0104214 -2.59913e-07 -1.18474e-09 -2.59913e-07 1.03522e-06 
187
0
0
-0.000979822
0.0120818 -0.000335819 -1.19767e-09 -0.000335819 0.0104214 -2.59915e-07 -1.19767e-09 -2.59915e-07 1.03522e-06 
188
0
0
0.000278986
0.0120818 -0.000335821 -1.19898e-09 -0.000335821 0.0104214 -2.59917e-07 -1.19898e-09 -2.59917e-07 1.03522e-06 
189
0
0
-0.000454175
0.0120818 -0.000335801 -1.18945e-09 -0.000335801 0.0104214 -2.59917e-07 -1.18945e-09 -2.59917e-07 1.03522e-06 
190
0
0
-0.000318973
0.0120817 -0.000335805 -1.19402e-09 -0.000335805 0.0104214 -2.59916e-07 -1.19402e-09 -2.59916e-07 1.03522e-06 
191
0
0
-0.000715339
0.0120817 -0.000335804 -1.19666e-09 -0.000335804 0.0104214 -2.59916e-07 -1.19666e-09 -2.59916e-07 1.03522e-06 
192
0
0
-0.000673878
0.0120817 -0.00033581 -1.20187e-09 -0.00033581 0.0104214 -2.59917e-07 -1.20187e-09 -2.59917e-07 1.03522e-06 
193
0
0
0.000528282
0.0120817 -0.000335812 -1.20249e-09 -0.000335812 0.0104214 -2.5992e-07 -1.20249e-09 -2.5992e-07 1.03522e-06 
194
0
0
-0.00101809
0.0120817 -0.000335794 -1.18871e-09 -0.000335794 0.0104214 -2.59922e-07 -1.18871e-09 -2.59922e-07 1.03522e-06 
195
0
0
0.000152471
0.0120817 -0.000335811 -1.19515e-09 -0.000335811 0.0104214 -2.5992e-07 -1.19515e-09 -2.5992e-07 1.03522e-06 
196
0
0
0.00221852
0.0120817 -0.000335799 -1.1866e-09 -0.000335799 0.0104214 -2.59917e-07 -1.1866e-09 -2.59917e-07 1.03522e-06 
197
0
0
0.000771358
0.0120818 -0.000335762 -1.16982e-09 -0.000335762 0.0104214 -2.59916e-07 -1.16982e-09 -2.59916e-07 1.03522e-06 
198
0
0
9.75672e-05
0.0120818 -0.000335771 -1.17714e-09 -0.000335771 0.0104214 -2.59914e-07 -1.17714e-09 -2.59914e-07 1.03522e-06 
199
0
0
0.000284445
0.0120817 -0.000335785 -1.18592e-09 -0.000335785 0.0104214 -2.59911e-07 -1.18592e-09 -2.59911e-07 1.03522e-06 
200
0
0
0.00150339
0.0120817 -0.000335787 -1.18887e-09 -0.000335787 0.0104214 -2.59911e-07 -1.18887e-09 -2.59911e-07 1.03522e-06 
201
0
0
5.75549e-05
0.0120818 -0.000335769 -1.18129e-09 -0.000335769 0.0104214 -2.59912e-07 -1.18129e-09 -2.59912e-07 1.03522e-06 
202
0
0
-0.00120668
0.0120817 -0.000335785 -1.19221e-09 -0.000335785 0.0104214 -2.59914e-07 -1.19221e-09 -2.59914e-07 1.03522e-06 
203
0
0
-0.00102701
0.0120817 -0.000335811 -1.20534e-09 -0.000335811 0.0104214 -2.59917e-07 -1.20534e-09 -2.59917e-07 1.03522e-06 
204
0
0
-1.47367e-05
0.0190889 -0.000335985 1.03203e-09 -0.000335985 0.0184286 -1.19253e-07 1.03203e-09 -1.19253e-07 1.03522e-06 
205
0
0
-0.000501364
0.0155416 -0.000393971 -5.66996e-10 -0.000393971 0.0125756 -2.91864e-07 -5.66996e-10 -2.91864e-07 1.03522e-06 
206
0
0
-0.000475366
0.0225499 -0.000394155 1.32335e-09 -0.000394155 0.0205835 -1.32322e-07 1.32335e-09 -1.32322e-07 1.03522e-06 
207
0
0
-0.000128935
0.0175381 -0.000433012 3.08107e-10 -0.000433012 0.0130438 -3.02447e-07 3.08107e-10 -3.02447e-07 1.03522e-06 
208
0
0
-0.00056583
0.0147268 -0.00040403 -2.58779e-10 -0.00040403 0.0112122 -2.79212e-07 -2.58779e-10 -2.79212e-07 1.03522e-06 
209
0
0
-0.000335914
0.0133346 -0.000375622 -6.94137e-10 -0.000375622 0.0106703 -2.66397e-07 -6.94137e-10 -2.66397e-07 1.03522e-06 
210
0
0
-0.000411586
0.0203421 -0.000375784 1.22402e-09 -0.000375784 0.0186775 -1.20898e-07 1.22402e-09 -1.20898e-07 1.03522e-06 
211
0
0
-2.26223e-05
0.0162329 -0.000413204 -2.06742e-10 -0.000413204 0.012632 -2.92975e-07 -2.06742e-10 -2.92975e-07 1.03522e-06 
212
0
0
0.00131617
0.0140692 -0.00039017 -5.43779e-10 -0.00039017 0.0110941 -2.76102e-07 -5.43779e-10 -2.76102e-07 1.03522e-06 
213
0
0
0.000954594
0.0130199 -0.000367276 -8.12859e-10 -0.000367276 0.0106337 -2.65436e-07 -8.12859e-10 -2.65436e-07 1.03522e-06 
214
0
0
0.000528611
0.0125229 -0.000352599 -1.00057e-09 -0.000352599 0.0104893 -2.61618e-07 -1.00057e-09 -2.61618e-07 1.03522e-06 
215
0
0
-0.000530886
0.012289 -0.000344375 -1.11299e-09 -0.000344375 0.0104432 -2.60395e-07 -1.11299e-09 -2.60395e-07 1.03522e-06 
216
0
0
0.0010228
0.012179 -0.000340072 -1.18194e-09 -0.000340072 0.0104285 -2.60026e-07 -1.18194e-09 -2.60026e-07 1.03522e-06 
217
0
0
0.000495037
0.0121274 -0.000337867 -1.20116e-09 -0.000337867 0.0104237 -2.59923e-07 -1.20116e-09 -2.59923e-07 1.03522e-06 
218
0
0
-0.000344783
0.0121032 -0.000336789 -1.21552e-09 -0.000336789 0.0104222 -2.59899e-07 -1.21552e-09 -2.59899e-07 1.03522e-06 
219
0
0
0.000958196
0.0120918 -0.000336278 -1.22781e-09 -0.000336278 0.0104217 -2.59896e-07 -1.22781e-09 -2.59896e-07 1.03522e-06 
220
0
0
0.000538368
0.0120865 -0.00033601 -1.22075e-09 -0.00033601 0.0104215 -2.59897e-07 -1.22075e-09 -2.59897e-07 1.03522e-06 
221
0
0
0.000357276
0.012084 -0.00033589 -1.23106e-09 -0.00033589 0.0104215 -2.59905e-07 -1.23106e-09 -2.59905e-07 1.03522e-06 
222
0
0
0.000902285
0.0120828 -0.000335836 -1.23977e-09 -0.000335836 0.0104214 -2.5991e-07 -1.23977e-09 -2.5991e-07 1.03522e-06 
223
0
0
-0.000234557
0.0120822 -0.000335801 -1.23883e-09 -0.000335801 0.0104214 -2.59912e-07 -1.23883e-09 -2.59912e-07 1.03522e-06 
224
0
0
-0.00144491
0.012082 -0.000335804 -1.24876e-09 -0.000335804 0.0104214 -2.59913e-07 -1.24876e-09 -2.59913e-07 1.03522e-06 
225
0
0
-0.000525911
0.0120818 -0.000335823 -1.26371e-09 -0.000335823 0.0104214 -2.59914e-07 -1.26371e-09 -2.59914e-07 1.03522e-06 
226
0
0
-0.00153955
0.0120818 -0.000335815 -1.25974e-09 -0.000335815 0.0104214 -2.59916e-07 -1.25974e-09 -2.59916e-07 1.03522e-06 
227
0
0
0.000368745
0.0120817 -0.000335828 -1.26638e-09 -0.000335828 0.0104214 -2.59915e-07 -1.26638e-09 -2.59915e-07 1.03522e-06 
228
0
0
-0.000244364
0.0120817 -0.000335802 -1.25325e-09 -0.000335802 0.0104214 -2.59915e-07 -1.25325e-09 -2.59915e-07 1.03522e-06 
229
0
0
0.000536636
0.0120817 -0.000335802 -1.26034e-09 -0.000335802 0.0104214 -2.59916e-07 -1.26034e-09 -2.59916e-07 1.03522e-06 
230
0
0
-3.30191e-06
0.0120817 -0.00033579 -1.25706e-09 -0.00033579 0.0104214 -2.59916e-07 -1.25706e-09 -2.59916e-07 1.03522e-06 
231
0
0
0.000110558
0.0120817 -0.000335793 -1.26118e-09 -0.000335793 0.0104214 -2.59916e-07 -1.26118e-09 -2.59916e-07 1.03522e-06 
232
0
0
0.000407273
0.0190889 -0.00033592 9.88398e-10 -0.00033592 0.0184286 -1.19251e-07 9.88398e-10 -1.19251e-07 1.03522e-06 
233
0
0
-0.000199008
0.0155416 -0.000393946 -6.33652e-10 -0.000393946 0.0125756 -2.91863e-07 -6.33652e-10 -2.91863e-07 1.03522e-06 
234
0
0
0.000440997
0.0137292 -0.000380123 -7.69737e-10 -0.000380123 0.0110776 -2.75793e-07 -7.69737e-10 -2.75793e-07 1.03522e-06 
235
0
0
-0.000224104
0.0128583 -0.000362066 -9.29797e-10 -0.000362066 0.0106285 -2.65374e-07 -9.29797e-10 -2.65374e-07 1.03522e-06 
236
0
0
-0.000190266
0.0124468 -0.000349945 -1.07525e-09 -0.000349945 0.0104876 -2.6162e-07 -1.07525e-09 -2.6162e-07 1.03522e-06 
237
0
0
-0.000310242
0.0122532 -0.000343043 -1.16465e-09 -0.000343043 0.0104427 -2.60407e-07 -1.16465e-09 -2.60407e-07 1.03522e-06 
238
0
0
0.000202975
0.0121622 -0.000339402 -1.21507e-09 -0.000339402 0.0104283 -2.60034e-07 -1.21507e-09 -2.60034e-07 1.03522e-06 
239
0
0
-0.000101318
0.0121195 -0.00033755 -1.23544e-09 -0.00033755 0.0104237 -2.59926e-07 -1.23544e-09 -2.59926e-07 1.03522e-06 
240
0
0
-0.000634158
0.0120995 -0.000336643 -1.24773e-09 -0.000336643 0.0104222 -2.59899e-07 -1.24773e-09 -2.59899e-07 1.03522e-06 
241
0
0
-0.000266503
0.0191066 -0.0003368 9.87163e-10 -0.0003368 0.0184293 -1.19212e-07 9.87163e-10 -1.19212e-07 1.03522e-06 
242
0
0
0.000802418
0.0155511 -0.000394323 -6.32596e-10 -0.000394323 0.0125758 -2.91845e-07 -6.32596e-10 -2.91845e-07 1.03522e-06 
243
0
0
0.000497219
0.0137339 -0.000380273 -7.52307e-10 -0.000380273 0.0110777 -2.75781e-07 -7.52307e-10 -2.75781e-07 1.03522e-06 
244
0
0
0.000449519
0.0128605 -0.00036214 -9.17213e-10 -0.00036214 0.0106285 -2.65367e-07 -9.17213e-10 -2.65367e-07 1.03522e-06 
245
0
0
0.000423731
0.0124478 -0.000349968 -1.06785e-09 -0.000349968 0.0104876 -2.61626e-07 -1.06785e-09 -2.61626e-07 1.03522e-06 
246
0
0
0.00095116
0.0122537 -0.000343045 -1.16455e-09 -0.000343045 0.0104427 -2.60422e-07 -1.16455e-09 -2.60422e-07 1.03522e-06 
247
0
0
-6.04641e-07
0.0121625 -0.000339383 -1.21241e-09 -0.000339383 0.0104283 -2.60055e-07 -1.21241e-09 -2.60055e-07 1.03522e-06 
248
0
0
0.00121076
0.0121196 -0.000337547 -1.24627e-09 -0.000337547 0.0104237 -2.5995e-07 -1.24627e-09 -2.5995e-07 1.03522e-06 
249
0
0
0.000379851
0.0120995 -0.000336621 -1.25205e-09 -0.000336621 0.0104222 -2.59924e-07 -1.25205e-09 -2.59924e-07 1.03522e-06 
250
0
0
-0.000490071
0.0120901 -0.000336186 -1.26267e-09 -0.000336186 0.0104217 -2.5992e-07 -1.26267e-09 -2.5992e-07 1.03522e-06 
251
0
0
-0.00131104
0.0120857 -0.00033599 -1.27441e-09 -0.00033599 0.0104215 -2.59922e-07 -1.27441e-09 -2.59922e-07 1.03522e-06 
252
0
0
-0.000996957
0.0120836 -0.000335908 -1.28639e-09 -0.000335908 0.0104215 -2.59925e-07 -1.28639e-09 -2.59925e-07 1.03522e-06 
253
0
0
-0.000190815
0.0120826 -0.000335863 -1.28673e-09 -0.000335863 0.0104215 -2.59924e-07 -1.28673e-09 -2.59924e-07 1.03522e-06 
254
0
0
0.000642133
0.0120821 -0.000335828 -1.27801e-09 -0.000335828 0.0104214 -2.59923e-07 -1.27801e-09 -2.59923e-07 1.03522e-06 
255
0
0
-0.000806132
0.0120819 -0.0003358 -1.26694e-09 -0.0003358 0.0104214 -2.59923e-07 -1.26694e-09 -2.59923e-07 1.03522e-06 
256
0
0
-0.000180906
0.0120818 -0.000335811 -1.27625e-09 -0.000335811 0.0104214 -2.59921e-07 -1.27625e-09 -2.59921e-07 1.03522e-06 
257
0
0
-0.000702602
0.0120818 -0.000335805 -1.27567e-09 -0.000335805 0.0104214 -2.59921e-07 -1.27567e-09 -2.59921e-07 1.03522e-06 
258
0
0
-0.000113162
0.0120818 -0.00033581 -1.27878e-09 -0.00033581 0.0104214 -2.5992e-07 -1.27878e-09 -2.5992e-07 1.03522e-06 
259
0
0
0.000426443
0.0120817 -0.000335803 -1.27162e-09 -0.000335803 0.0104214 -2.59918e-07 -1.27162e-09 -2.59918e-07 1.03522e-06 
260
0
0
0.000631123
0.0120817 -0.000335792 -1.26283e-09 -0.000335792 0.0104214 -2.59917e-07 -1.26283e-09 -2.59917e-07 1.03522e-06 
261
0
0
0.00023404
0.0120817 -0.000335784 -1.26112e-09 -0.000335784 0.0104214 -2.59918e-07 -1.26112e-09 -2.59918e-07 1.03522e-06 
262
0
0
0.000176072
0.0120817 -0.000335788 -1.26289e-09 -0.000335788 0.0104214 -2.59913e-07 -1.26289e-09 -2.59913e-07 1.03522e-06 
263
0
0
-0.00128436
0.0120817 -0.00033579 -1.25967e-09 -0.00033579 0.0104214 -2.59909e-07 -1.25967e-09 -2.59909e-07 1.03522e-06 
264
0
0
-0.000424677
0.0120817 -0.000335814 -1.26758e-09 -0.000335814 0.0104214 -2.59907e-07 -1.26758e-09 -2.59907e-07 1.03522e-06 
265
0
0
0.000532859
0.0120817 -0.000335809 -1.26449e-09 -0.000335809 0.0104214 -2.59905e-07 -1.26449e-09 -2.59905e-07 1.03522e-06 
266
0
0
-0.000706923
0.0120817 -0.000335792 -1.25661e-09 -0.000335792 0.0104214 -2.59903e-07 -1.25661e-09 -2.59903e-07 1.03522e-06 
267
0
0
-0.000152987
0.0120817 -0.000335806 -1.26322e-09 -0.000335806 0.0104214 -2.59901e-07 -1.26322e-09 -2.59901e-07 1.03522e-06 
268
0
0
0.000839171
0.0120817 -0.000335802 -1.25974e-09 -0.000335802 0.0104214 -2.599e-07 -1.25974e-09 -2.599e-07 1.03522e-06 
269
0
0
0.000341948
0.0120817 -0.000335785 -1.25352e-09 -0.000335785 0.0104214 -2.59902e-07 -1.25352e-09 -2.59902e-07 1.03522e-06 
270
0
0
-0.000306557
0.0120817 -0.000335786 -1.25668e-09 -0.000335786 0.0104214 -2.59905e-07 -1.25668e-09 -2.59905e-07 1.03522e-06 
271
0
0
0.00013675
0.0120817 -0.000335797 -1.2639e-09 -0.000335797 0.0104214 -2.59906e-07 -1.2639e-09 -2.59906e-07 1.03522e-06 
272
0
0
3.2659e-05
0.0120817 -0.000335794 -1.26175e-09 -0.000335794 0.0104214 -2.59906e-07 -1.26175e-09 -2.59906e-07 1.03522e-06 
273
0
0
-0.000505077
0.0120817 -0.000335795 -1.26226e-09 -0.000335795 0.0104214 -2.59905e-07 -1.26226e-09 -2.59905e-07 1.03522e-06 
274
0
0
0.000637409
0.0120817 -0.000335803 -1.2679e-09 -0.000335803 0.0104214 -2.59906e-07 -1.2679e-09 -2.59906e-07 1.03522e-06 
275
0
0
0.000175871
0.0120817 -0.000335788 -1.26003e-09 -0.000335788 0.0104214 -2.59906e-07 -1.26003e-09 -2.59906e-07 1.03522e-06 
276
0
0
2.89021e-05
0.0120817 -0.00033579 -1.26082e-09 -0.00033579 0.0104214 -2.59907e-07 -1.26082e-09 -2.59907e-07 1.03522e-06 
277
0
0
0.000738417
0.0120817 -0.000335793 -1.26211e-09 -0.000335793 0.0104214 -2.59909e-07 -1.26211e-09 -2.59909e-07 1.03522e-06 
278
0
0
0.00100361
0.0120817 -0.000335783 -1.25587e-09 -0.000335783 0.0104214 -2.59909e-07 -1.25587e-09 -2.59909e-07 1.03522e-06 
279
0
0
0.00044521
0.0120817 -0.000335775 -1.25535e-09 -0.000335775 0.0104214 -2.59908e-07 -1.25535e-09 -2.59908e-07 1.03522e-06 
280
0
0
0.000989853
0.0120817 -0.000335781 -1.26375e-09 -0.000335781 0.0104214 -2.59911e-07 -1.26375e-09 -2.59911e-07 1.03522e-06 
281
0
0
-0.00091689
0.0120818 -0.000335774 -1.25399e-09 -0.000335774 0.0104214 -2.59908e-07 -1.25399e-09 -2.59908e-07 1.03522e-06 
282
0
0
-0.00256989
0.0120817 -0.000335802 -1.26548e-09 -0.000335802 0.0104214 -2.59906e-07 -1.26548e-09 -2.59906e-07 1.03522e-06 
283
0
0
0.000407408
0.0120817 -0.000335839 -1.28621e-09 -0.000335839 0.0104215 -2.59907e-07 -1.28621e-09 -2.59907e-07 1.03522e-06 
284
0
0
0.00064683
0.0120817 -0.000335806 -1.27232e-09 -0.000335806 0.0104214 -2.59911e-07 -1.27232e-09 -2.59911e-07 1.03522e-06 
285
0
0
-0.00145206
0.0120817 -0.000335789 -1.25908e-09 -0.000335789 0.0104214 -2.59912e-07 -1.25908e-09 -2.59912e-07 1.03522e-06 
286
0
0
0.000257425
0.0120817 -0.000335816 -1.26861e-09 -0.000335816 0.0104214 -2.59911e-07 -1.26861e-09 -2.59911e-07 1.03522e-06 
287
0
0
0.00113132
0.0120817 -0.000335799 -1.2596e-09 -0.000335799 0.0104214 -2.5991e-07 -1.2596e-09 -2.5991e-07 1.03522e-06 
288
0
0
0.000406224
0.0120817 -0.000335779 -1.25157e-09 -0.000335779 0.0104214 -2.5991e-07 -1.25157e-09 -2.5991e-07 1.03522e-06 
289
0
0
0.000206632
0.0120817 -0.000335783 -1.25678e-09 -0.000335783 0.0104214 -2.59911e-07 -1.25678e-09 -2.59911e-07 1.03522e-06 
290
0
0
0.00057774
0.0120817 -0.000335788 -1.25994e-09 -0.000335788 0.0104214 -2.59912e-07 -1.25994e-09 -2.59912e-07 1.03522e-06 
291
0
0
-0.000452831
0.0120817 -0.000335783 -1.25448e-09 -0.000335783 0.0104214 -2.59912e-07 -1.25448e-09 -2.59912e-07 1.03522e-06 
292
0
0
-0.000894501
0.0120817 -0.000335798 -1.26079e-09 -0.000335798 0.0104214 -2.59914e-07 -1.26079e-09 -2.59914e-07 1.03522e-06 
293
0
0
-0.000404975
0.0120817 -0.000335811 -1.28381e-09 -0.000335811 0.0104214 -2.59916e-07 -1.28381e-09 -2.59916e-07 1.03522e-06 
294
0
0
0.000876779
0.0120817 -0.000335808 -1.29373e-09 -0.000335808 0.0104214 -2.59916e-07 -1.29373e-09 -2.59916e-07 1.03522e-06 
295
0
0
0.000436681
0.0120817 -0.000335786 -1.28947e-09 -0.000335786 0.0104214 -2.59912e-07 -1.28947e-09 -2.59912e-07 1.03522e-06 
296
0
0
-0.000593741
0.0120817 -0.000335785 -1.29252e-09 -0.000335785 0.0104214 -2.59909e-07 -1.29252e-09 -2.59909e-07 1.03522e-06 
297
0
0
0.000837621
0.0120817 -0.000335801 -1.30196e-09 -0.000335801 0.0104214 -2.59906e-07 -1.30196e-09 -2.59906e-07 1.03522e-06 
298
0
0
0.000904527
0.0120817 -0.000335784 -1.29747e-09 -0.000335784 0.0104214 -2.59906e-07 -1.29747e-09 -2.59906e-07 1.03522e-06 
299
0
0
-0.000511708
0.0120817 -0.000335777 -1.29558e-09 -0.000335777 0.0104214 -2.59907e-07 -1.29558e-09 -2.59907e-07 1.03522e-06 
300
0
0
-0.000850694
0.0120817 -0.000335797 -1.30552e-09 -0.000335797 0.0104214 -2.59909e-07 -1.30552e-09 -2.59909e-07 1.03522e-06 
301
0
0
0.00135769
