0
0
0
0.000624835
0.00632102 -7.44339e-05 -4.31087e-09 -7.44339e-05 0.0065425 -1.42373e-07 -4.31087e-09 -1.42373e-07 1.21851e-06 
1
0
0
-0.000825108
0.0093053 -0.000180887 -4.24335e-09 -0.000180887 0.00905162 -1.84359e-07 -4.24335e-09 -1.84359e-07 1.03651e-06 
2
0
0
1.07298e-05
0.0107701 -0.000255992 -3.82452e-09 -0.000255992 0.00996569 -2.08417e-07 -3.82452e-09 -2.08417e-07 1.03685e-06 
3
0
0
0.000588791
0.0114639 -0.00029713 -3.4372e-09 -0.00029713 0.010272 -2.19331e-07 -3.4372e-09 -2.19331e-07 1.0371e-06 
4
0
0
0.000713258
0.0117902 -0.00031755 -3.16534e-09 -0.00031755 0.0103719 -2.2499e-07 -3.16534e-09 -2.2499e-07 1.03671e-06 
5
0
0
0.000283049
0.0119437 -0.000327267 -2.97727e-09 -0.000327267 0.0104043 -2.28781e-07 -2.97727e-09 -2.28781e-07 1.03631e-06 
6
0
0
-0.000449849
0.0120159 -0.000331811 -2.8274e-09 -0.000331811 0.0104149 -2.31865e-07 -2.8274e-09 -2.31865e-07 1.036e-06 
7
0
0
0.000283625
0.01205 -0.000333927 -2.70462e-09 -0.000333927 0.0104185 -2.34611e-07 -2.70462e-09 -2.34611e-07 1.03576e-06 
8
0
0
0.000837207
0.0120662 -0.000334894 -2.58723e-09 -0.000334894 0.0104197 -2.37129e-07 -2.58723e-09 -2.37129e-07 1.03558e-06 
9
0
0
-0.000346054
0.0120739 -0.000335336 -2.4767e-09 -0.000335336 0.0104202 -2.39454e-07 -2.4767e-09 -2.39454e-07 1.03545e-06 
10
0
0
-0.00115439
0.0120777 -0.000335563 -2.38531e-09 -0.000335563 0.0104205 -2.41593e-07 -2.38531e-09 -2.41593e-07 1.03535e-06 
11
0
0
-0.000455233
0.0120795 -0.000335683 -2.30334e-09 -0.000335683 0.0104206 -2.43553e-07 -2.30334e-09 -2.43553e-07 1.03528e-06 
12
0
0
0.000222618
0.0120804 -0.00033573 -2.21826e-09 -0.00033573 0.0104207 -2.45342e-07 -2.21826e-09 -2.45342e-07 1.03523e-06 
13
0
0
0.000385484
0.0120809 -0.000335744 -2.13711e-09 -0.000335744 0.0104208 -2.4697e-07 -2.13711e-09 -2.4697e-07 1.03519e-06 
14
0
0
-0.00109501
0.0120812 -0.000335751 -2.06772e-09 -0.000335751 0.0104209 -2.48441e-07 -2.06772e-09 -2.48441e-07 1.03517e-06 
15
0
0
-0.00112142
0.0120814 -0.000335781 -2.01803e-09 -0.000335781 0.010421 -2.49767e-07 -2.01803e-09 -2.49767e-07 1.03515e-06 
16
0
0
-0.000781716
0.0120815 -0.000335795 -1.96692e-09 -0.000335795 0.010421 -2.50957e-07 -1.96692e-09 -2.50957e-07 1.03514e-06 
17
0
0
0.000106885
0.0120815 -0.000335797 -1.91578e-09 -0.000335797 0.0104211 -2.52023e-07 -1.91578e-09 -2.52023e-07 1.03514e-06 
18
0
0
-0.00101424
0.0120816 -0.000335786 -1.86286e-09 -0.000335786 0.0104211 -2.52973e-07 -1.86286e-09 -2.52973e-07 1.03514e-06 
19
0
0
-4.46112e-05
0.0120816 -0.0003358 -1.82911e-09 -0.0003358 0.0104212 -2.53817e-07 -1.82911e-09 -2.53817e-07 1.03514e-06 
20
0
0
-0.000124751
0.0120816 -0.000335792 -1.78765e-09 -0.000335792 0.0104212 -2.54564e-07 -1.78765e-09 -2.54564e-07 1.03514e-06 
21
0
0
0.000186712
0.0120817 -0.000335791 -1.75457e-09 -0.000335791 0.0104212 -2.55225e-07 -1.75457e-09 -2.55225e-07 1.03515e-06 
22
0
0
0.000228179
0.0120817 -0.000335786 -1.71661e-09 -0.000335786 0.0104213 -2.55806e-07 -1.71661e-09 -2.55806e-07 1.03515e-06 
23
0
0
-0.00067015
0.0120817 -0.000335784 -1.68545e-09 -0.000335784 0.0104213 -2.5632e-07 -1.68545e-09 -2.5632e-07 1.03516e-06 
24
0
0
-0.00081482
0.0120817 -0.000335798 -1.66723e-09 -0.000335798 0.0104213 -2.56771e-07 -1.66723e-09 -2.56771e-07 1.03516e-06 
25
0
0
0.000941032
0.0120817 -0.000335807 -1.64882e-09 -0.000335807 0.0104213 -2.57164e-07 -1.64882e-09 -2.57164e-07 1.03517e-06 
26
0
0
0.000654929
0.0120817 -0.000335782 -1.61581e-09 -0.000335782 0.0104213 -2.57508e-07 -1.61581e-09 -2.57508e-07 1.03517e-06 
27
0
0
0.000637965
0.0120817 -0.000335778 -1.59761e-09 -0.000335778 0.0104213 -2.57807e-07 -1.59761e-09 -2.57807e-07 1.03518e-06 
28
0
0
-0.000640835
0.0120817 -0.000335777 -1.58439e-09 -0.000335777 0.0104214 -2.58071e-07 -1.58439e-09 -2.58071e-07 1.03518e-06 
29
0
0
0.000253761
0.0120817 -0.000335797 -1.58402e-09 -0.000335797 0.0104214 -2.58305e-07 -1.58402e-09 -2.58305e-07 1.03519e-06 
30
0
0
-0.000178422
0.0120817 -0.000335791 -1.56246e-09 -0.000335791 0.0104214 -2.58509e-07 -1.56246e-09 -2.58509e-07 1.03519e-06 
31
0
0
-0.000781939
0.0120817 -0.000335795 -1.55172e-09 -0.000335795 0.0104214 -2.58691e-07 -1.55172e-09 -2.58691e-07 1.03519e-06 
32
0
0
-7.79597e-05
0.0120817 -0.000335807 -1.54757e-09 -0.000335807 0.0104214 -2.58853e-07 -1.54757e-09 -2.58853e-07 1.0352e-06 
33
0
0
-0.000561537
0.0120817 -0.0003358 -1.53558e-09 -0.0003358 0.0104214 -2.58996e-07 -1.53558e-09 -2.58996e-07 1.0352e-06 
34
0
0
-0.000573954
0.0120817 -0.000335805 -1.53329e-09 -0.000335805 0.0104214 -2.59121e-07 -1.53329e-09 -2.59121e-07 1.0352e-06 
35
0
0
-0.000168492
0.0120817 -0.000335808 -1.53142e-09 -0.000335808 0.0104214 -2.5923e-07 -1.53142e-09 -2.5923e-07 1.0352e-06 
36
0
0
-0.000752976
0.0120817 -0.000335802 -1.52533e-09 -0.000335802 0.0104214 -2.59326e-07 -1.52533e-09 -2.59326e-07 1.03521e-06 
37
0
0
-0.00118968
0.0120817 -0.00033581 -1.5254e-09 -0.00033581 0.0104214 -2.5941e-07 -1.5254e-09 -2.5941e-07 1.03521e-06 
38
0
0
-0.000390988
0.0120817 -0.000335819 -1.51388e-09 -0.000335819 0.0104214 -2.59478e-07 -1.51388e-09 -2.59478e-07 1.03521e-06 
39
0
0
0.000291933
0.0120817 -0.00033581 -1.49788e-09 -0.00033581 0.0104214 -2.59538e-07 -1.49788e-09 -2.59538e-07 1.03521e-06 
40
0
0
0.000816293
0.0120817 -0.000335796 -1.48391e-09 -0.000335796 0.0104214 -2.5959e-07 -1.48391e-09 -2.5959e-07 1.03521e-06 
41
0
0
-0.00154162
0.0120817 -0.000335783 -1.47247e-09 -0.000335783 0.0104214 -2.59636e-07 -1.47247e-09 -2.59636e-07 1.03521e-06 
42
0
0
0.000388087
0.0120817 -0.000335815 -1.48633e-09 -0.000335815 0.0104214 -2.59676e-07 -1.48633e-09 -2.59676e-07 1.03521e-06 
43
0
0
-0.000686352
0.0120817 -0.000335797 -1.47292e-09 -0.000335797 0.0104214 -2.59711e-07 -1.47292e-09 -2.59711e-07 1.03522e-06 
44
0
0
-0.000408177
0.0120817 -0.000335807 -1.47725e-09 -0.000335807 0.0104214 -2.5974e-07 -1.47725e-09 -2.5974e-07 1.03522e-06 
45
0
0
0.000589704
0.0120817 -0.000335806 -1.47584e-09 -0.000335806 0.0104214 -2.59766e-07 -1.47584e-09 -2.59766e-07 1.03522e-06 
46
0
0
-6.39526e-05
0.0120817 -0.00033579 -1.45995e-09 -0.00033579 0.0104214 -2.5979e-07 -1.45995e-09 -2.5979e-07 1.03522e-06 
47
0
0
0.000800263
0.0120817 -0.000335794 -1.458e-09 -0.000335794 0.0104214 -2.5981e-07 -1.458e-09 -2.5981e-07 1.03522e-06 
48
0
0
-0.000290842
0.0120817 -0.000335782 -1.4494e-09 -0.000335782 0.0104214 -2.59827e-07 -1.4494e-09 -2.59827e-07 1.03522e-06 
49
0
0
-1.51617e-05
0.0120817 -0.000335795 -1.45564e-09 -0.000335795 0.0104214 -2.59841e-07 -1.45564e-09 -2.59841e-07 1.03522e-06 
50
0
0
0.000506026
0.0120817 -0.000335796 -1.45528e-09 -0.000335796 0.0104214 -2.59854e-07 -1.45528e-09 -2.59854e-07 1.03522e-06 
51
0
0
0.00059831
0.0120817 -0.000335787 -1.45081e-09 -0.000335787 0.0104214 -2.59866e-07 -1.45081e-09 -2.59866e-07 1.03522e-06 
52
0
0
0.000467457
0.0120817 -0.000335783 -1.44904e-09 -0.000335783 0.0104214 -2.59878e-07 -1.44904e-09 -2.59878e-07 1.03522e-06 
53
0
0
0.000122354
0.0120817 -0.000335783 -1.45029e-09 -0.000335783 0.0104214 -2.59887e-07 -1.45029e-09 -2.59887e-07 1.03522e-06 
54
0
0
0.000374195
0.0120817 -0.000335789 -1.45345e-09 -0.000335789 0.0104214 -2.59895e-07 -1.45345e-09 -2.59895e-07 1.03522e-06 
55
0
0
5.97653e-06
0.0120817 -0.000335787 -1.4521e-09 -0.000335787 0.0104214 -2.59902e-07 -1.4521e-09 -2.59902e-07 1.03522e-06 
56
0
0
-0.000293367
0.0120817 -0.000335792 -1.455e-09 -0.000335792 0.0104214 -2.59908e-07 -1.455e-09 -2.59908e-07 1.03522e-06 
57
0
0
-0.00041421
0.0120817 -0.000335799 -1.45856e-09 -0.000335799 0.0104214 -2.59913e-07 -1.45856e-09 -2.59913e-07 1.03522e-06 
58
0
0
-0.000148813
0.0120817 -0.000335803 -1.46197e-09 -0.000335803 0.0104214 -2.59916e-07 -1.46197e-09 -2.59916e-07 1.03522e-06 
59
0
0
0.00072391
0.0120817 -0.000335801 -1.46257e-09 -0.000335801 0.0104214 -2.59918e-07 -1.46257e-09 -2.59918e-07 1.03522e-06 
60
0
0
4.05098e-05
0.0120817 -0.000335786 -1.45623e-09 -0.000335786 0.0104214 -2.59922e-07 -1.45623e-09 -2.59922e-07 1.03522e-06 
61
0
0
-0.000124069
0.0120817 -0.000335791 -1.4608e-09 -0.000335791 0.0104214 -2.59925e-07 -1.4608e-09 -2.59925e-07 1.03522e-06 
62
0
0
-0.00057892
0.0120817 -0.000335796 -1.46384e-09 -0.000335796 0.0104214 -2.59928e-07 -1.46384e-09 -2.59928e-07 1.03522e-06 
63
0
0
0.000413943
0.0120817 -0.000335805 -1.46905e-09 -0.000335805 0.0104214 -2.5993e-07 -1.46905e-09 -2.5993e-07 1.03522e-06 
64
0
0
0.000491843
0.0120817 -0.000335793 -1.46587e-09 -0.000335793 0.0104214 -2.59932e-07 -1.46587e-09 -2.59932e-07 1.03522e-06 
65
0
0
-0.000320116
0.0120817 -0.000335787 -1.46647e-09 -0.000335787 0.0104214 -2.59933e-07 -1.46647e-09 -2.59933e-07 1.03522e-06 
66
0
0
0.000740755
0.0120817 -0.000335797 -1.475e-09 -0.000335797 0.0104214 -2.59935e-07 -1.475e-09 -2.59935e-07 1.03522e-06 
67
0
0
-0.00121146
0.0120817 -0.000335784 -1.46946e-09 -0.000335784 0.0104214 -2.59936e-07 -1.46946e-09 -2.59936e-07 1.03522e-06 
68
0
0
0.000611567
0.0120817 -0.000335811 -1.48555e-09 -0.000335811 0.0104214 -2.59938e-07 -1.48555e-09 -2.59938e-07 1.03522e-06 
69
0
0
-0.00039124
0.0120817 -0.000335792 -1.47656e-09 -0.000335792 0.0104214 -2.59939e-07 -1.47656e-09 -2.59939e-07 1.03522e-06 
70
0
0
-0.00103052
0.0120817 -0.0003358 -1.48043e-09 -0.0003358 0.0104214 -2.59938e-07 -1.48043e-09 -2.59938e-07 1.03522e-06 
71
0
0
-0.000279544
0.0120817 -0.000335814 -1.48744e-09 -0.000335814 0.0104214 -2.59938e-07 -1.48744e-09 -2.59938e-07 1.03522e-06 
72
0
0
-0.000799172
0.0120817 -0.000335807 -1.48388e-09 -0.000335807 0.0104214 -2.59938e-07 -1.48388e-09 -2.59938e-07 1.03522e-06 
73
0
0
0.000160629
0.0120817 -0.000335813 -1.48818e-09 -0.000335813 0.0104214 -2.59938e-07 -1.48818e-09 -2.59938e-07 1.03522e-06 
74
0
0
5.15194e-06
0.0120817 -0.000335799 -1.48191e-09 -0.000335799 0.0104214 -2.59938e-07 -1.48191e-09 -2.59938e-07 1.03522e-06 
75
0
0
-0.000317267
0.0120817 -0.000335797 -1.48201e-09 -0.000335797 0.0104214 -2.59939e-07 -1.48201e-09 -2.59939e-07 1.03522e-06 
76
0
0
-0.00043338
0.0120817 -0.000335801 -1.48481e-09 -0.000335801 0.0104214 -2.5994e-07 -1.48481e-09 -2.5994e-07 1.03522e-06 
77
0
0
-0.000438002
0.0120817 -0.000335805 -1.48739e-09 -0.000335805 0.0104214 -2.59941e-07 -1.48739e-09 -2.59941e-07 1.03522e-06 
78
0
0
-0.000554451
0.0120817 -0.000335806 -1.48938e-09 -0.000335806 0.0104214 -2.59942e-07 -1.48938e-09 -2.59942e-07 1.03522e-06 
79
0
0
0.000409463
0.0120817 -0.000335808 -1.48677e-09 -0.000335808 0.0104214 -2.59942e-07 -1.48677e-09 -2.59942e-07 1.03522e-06 
80
0
0
0.000143652
0.0120817 -0.000335794 -1.47723e-09 -0.000335794 0.0104214 -2.59942e-07 -1.47723e-09 -2.59942e-07 1.03522e-06 
81
0
0
-0.000232594
0.0120817 -0.000335793 -1.47679e-09 -0.000335793 0.0104214 -2.59943e-07 -1.47679e-09 -2.59943e-07 1.03522e-06 
82
0
0
-0.000291839
0.0120817 -0.000335798 -1.48048e-09 -0.000335798 0.0104214 -2.59943e-07 -1.48048e-09 -2.59943e-07 1.03522e-06 
83
0
0
0.000448426
0.0120817 -0.000335801 -1.48208e-09 -0.000335801 0.0104214 -2.59944e-07 -1.48208e-09 -2.59944e-07 1.03522e-06 
84
0
0
0.00057362
0.0120817 -0.000335791 -1.47674e-09 -0.000335791 0.0104214 -2.59945e-07 -1.47674e-09 -2.59945e-07 1.03522e-06 
85
0
0
-0.000239792
0.0120817 -0.000335785 -1.47486e-09 -0.000335785 0.0104214 -2.59946e-07 -1.47486e-09 -2.59946e-07 1.03522e-06 
86
0
0
-0.000515273
0.0120817 -0.000335795 -1.4737e-09 -0.000335795 0.0104214 -2.59944e-07 -1.4737e-09 -2.59944e-07 1.03522e-06 
87
0
0
0.000238889
0.0120817 -0.000335804 -1.47303e-09 -0.000335804 0.0104214 -2.59943e-07 -1.47303e-09 -2.59943e-07 1.03522e-06 
88
0
0
0.000717756
0.0120817 -0.000335795 -1.46569e-09 -0.000335795 0.0104214 -2.59944e-07 -1.46569e-09 -2.59944e-07 1.03522e-06 
89
0
0
0.000353035
0.0120817 -0.000335784 -1.4594e-09 -0.000335784 0.0104214 -2.59944e-07 -1.4594e-09 -2.59944e-07 1.03522e-06 
90
0
0
0.000690492
0.0120817 -0.000335786 -1.46093e-09 -0.000335786 0.0104214 -2.59945e-07 -1.46093e-09 -2.59945e-07 1.03522e-06 
91
0
0
0.000604027
0.0120817 -0.000335781 -1.45907e-09 -0.000335781 0.0104214 -2.59945e-07 -1.45907e-09 -2.59945e-07 1.03522e-06 
92
0
0
0.000930614
0.0120817 -0.00033578 -1.45982e-09 -0.00033578 0.0104214 -2.59944e-07 -1.45982e-09 -2.59944e-07 1.03522e-06 
93
0
0
0.000861203
0.0120817 -0.000335775 -1.45799e-09 -0.000335775 0.0104214 -2.59944e-07 -1.45799e-09 -2.59944e-07 1.03522e-06 
94
0
0
-0.000202636
0.0120818 -0.000335774 -1.45326e-09 -0.000335774 0.0104214 -2.59942e-07 -1.45326e-09 -2.59942e-07 1.03522e-06 
95
0
0
0.000644827
0.0120817 -0.000335791 -1.45978e-09 -0.000335791 0.0104214 -2.59941e-07 -1.45978e-09 -2.59941e-07 1.03522e-06 
96
0
0
-0.000322947
0.0120817 -0.000335783 -1.45509e-09 -0.000335783 0.0104214 -2.5994e-07 -1.45509e-09 -2.5994e-07 1.03522e-06 
97
0
0
0.000273551
0.0120817 -0.000335796 -1.46213e-09 -0.000335796 0.0104214 -2.59939e-07 -1.46213e-09 -2.59939e-07 1.03522e-06 
98
0
0
0.00110991
0.0120817 -0.000335791 -1.45966e-09 -0.000335791 0.0104214 -2.59939e-07 -1.45966e-09 -2.59939e-07 1.03522e-06 
99
0
0
0.00072258
0.0120817 -0.000335776 -1.45185e-09 -0.000335776 0.0104214 -2.5994e-07 -1.45185e-09 -2.5994e-07 1.03522e-06 
100
0
0
-0.000828091
0.0120817 -0.000335777 -1.45323e-09 -0.000335777 0.0104214 -2.5994e-07 -1.45323e-09 -2.5994e-07 1.03522e-06 
101
0
0
-0.000281773
0.0120817 -0.000335802 -1.46736e-09 -0.000335802 0.0104214 -2.59942e-07 -1.46736e-09 -2.59942e-07 1.03522e-06 
102
0
0
0.000282861
0.0120817 -0.000335802 -1.46795e-09 -0.000335802 0.0104214 -2.59943e-07 -1.46795e-09 -2.59943e-07 1.03522e-06 
103
0
0
-0.000170128
0.0120817 -0.000335794 -1.46355e-09 -0.000335794 0.0104214 -2.59944e-07 -1.46355e-09 -2.59944e-07 1.03522e-06 
104
0
0
-1.41568e-06
0.0120817 -0.000335798 -1.46656e-09 -0.000335798 0.0104214 -2.59945e-07 -1.46656e-09 -2.59945e-07 1.03522e-06 
105
0
0
-0.00019268
0.0120817 -0.000335796 -1.46691e-09 -0.000335796 0.0104214 -2.59945e-07 -1.46691e-09 -2.59945e-07 1.03522e-06 
106
0
0
0.00024897
0.0120817 -0.000335799 -1.47042e-09 -0.000335799 0.0104214 -2.59945e-07 -1.47042e-09 -2.59945e-07 1.03522e-06 
107
0
0
-0.000410928
0.0120817 -0.000335793 -1.46931e-09 -0.000335793 0.0104214 -2.59946e-07 -1.46931e-09 -2.59946e-07 1.03522e-06 
108
0
0
3.56053e-05
0.0120817 -0.000335801 -1.47584e-09 -0.000335801 0.0104214 -2.59946e-07 -1.47584e-09 -2.59946e-07 1.03522e-06 
109
0
0
0.000202887
0.0120817 -0.000335797 -1.47461e-09 -0.000335797 0.0104214 -2.59947e-07 -1.47461e-09 -2.59947e-07 1.03522e-06 
110
0
0
0.000319542
0.0120817 -0.000335793 -1.47177e-09 -0.000335793 0.0104214 -2.59946e-07 -1.47177e-09 -2.59946e-07 1.03522e-06 
111
0
0
6.39695e-05
0.0120817 -0.000335789 -1.47057e-09 -0.000335789 0.0104214 -2.59945e-07 -1.47057e-09 -2.59945e-07 1.03522e-06 
112
0
0
-2.08216e-05
0.0120817 -0.000335792 -1.47283e-09 -0.000335792 0.0104214 -2.59944e-07 -1.47283e-09 -2.59944e-07 1.03522e-06 
113
0
0
0.000146293
0.0120817 -0.000335795 -1.47484e-09 -0.000335795 0.0104214 -2.59944e-07 -1.47484e-09 -2.59944e-07 1.03522e-06 
114
0
0
-0.000157061
0.0120817 -0.000335793 -1.47509e-09 -0.000335793 0.0104214 -2.59943e-07 -1.47509e-09 -2.59943e-07 1.03522e-06 
115
0
0
0.000353472
0.0120817 -0.000335797 -1.47869e-09 -0.000335797 0.0104214 -2.59943e-07 -1.47869e-09 -2.59943e-07 1.03522e-06 
116
0
0
0.000308484
0.0120817 -0.00033579 -1.4769e-09 -0.00033579 0.0104214 -2.59944e-07 -1.4769e-09 -2.59944e-07 1.03522e-06 
117
0
0
0.000154118
0.0120817 -0.000335789 -1.47828e-09 -0.000335789 0.0104214 -2.59944e-07 -1.47828e-09 -2.59944e-07 1.03522e-06 
118
0
0
0.00064537
0.0120817 -0.00033579 -1.48078e-09 -0.00033579 0.0104214 -2.59945e-07 -1.48078e-09 -2.59945e-07 1.03522e-06 
119
0
0
-4.92354e-05
0.0120817 -0.000335783 -1.47794e-09 -0.000335783 0.0104214 -2.59945e-07 -1.47794e-09 -2.59945e-07 1.03522e-06 
120
0
0
0.000298542
0.0120817 -0.000335792 -1.48319e-09 -0.000335792 0.0104214 -2.59946e-07 -1.48319e-09 -2.59946e-07 1.03522e-06 
121
0
0
-0.000577267
0.0120817 -0.000335789 -1.4826e-09 -0.000335789 0.0104214 -2.59947e-07 -1.4826e-09 -2.59947e-07 1.03522e-06 
122
0
0
-0.000505823
0.0120817 -0.000335802 -1.49047e-09 -0.000335802 0.0104214 -2.59947e-07 -1.49047e-09 -2.59947e-07 1.03522e-06 
123
0
0
-8.78072e-05
0.0120817 -0.000335806 -1.49332e-09 -0.000335806 0.0104214 -2.59947e-07 -1.49332e-09 -2.59947e-07 1.03522e-06 
124
0
0
-0.000422341
0.0120817 -0.000335801 -1.49217e-09 -0.000335801 0.0104214 -2.59947e-07 -1.49217e-09 -2.59947e-07 1.03522e-06 
125
0
0
0.000850383
0.0120817 -0.000335804 -1.49622e-09 -0.000335804 0.0104214 -2.59947e-07 -1.49622e-09 -2.59947e-07 1.03522e-06 
126
0
0
0.00011205
0.0120817 -0.000335785 -1.48467e-09 -0.000335785 0.0104214 -2.59945e-07 -1.48467e-09 -2.59945e-07 1.03522e-06 
127
0
0
0.000932295
0.0120817 -0.00033579 -1.48645e-09 -0.00033579 0.0104214 -2.59944e-07 -1.48645e-09 -2.59944e-07 1.03522e-06 
128
0
0
0.000910393
0.0120817 -0.000335779 -1.48022e-09 -0.000335779 0.0104214 -2.59943e-07 -1.48022e-09 -2.59943e-07 1.03522e-06 
129
0
0
6.51627e-05
0.0120817 -0.000335775 -1.47887e-09 -0.000335775 0.0104214 -2.59943e-07 -1.47887e-09 -2.59943e-07 1.03522e-06 
130
0
0
5.71057e-05
0.0120817 -0.000335787 -1.48647e-09 -0.000335787 0.0104214 -2.59942e-07 -1.48647e-09 -2.59942e-07 1.03522e-06 
131
0
0
0.000470241
0.0120817 -0.000335791 -1.49032e-09 -0.000335791 0.0104214 -2.59942e-07 -1.49032e-09 -2.59942e-07 1.03522e-06 
132
0
0
-0.0001224
0.0120817 -0.000335786 -1.48914e-09 -0.000335786 0.0104214 -2.59943e-07 -1.48914e-09 -2.59943e-07 1.03522e-06 
133
0
0
-0.000338126
0.0120817 -0.000335794 -1.49525e-09 -0.000335794 0.0104214 -2.59943e-07 -1.49525e-09 -2.59943e-07 1.03522e-06 
134
0
0
-0.000358715
0.0120817 -0.0003358 -1.48933e-09 -0.0003358 0.0104214 -2.59939e-07 -1.48933e-09 -2.59939e-07 1.03522e-06 
135
0
0
0.000320631
0.0120817 -0.000335803 -1.48338e-09 -0.000335803 0.0104214 -2.59937e-07 -1.48338e-09 -2.59937e-07 1.03522e-06 
136
0
0
8.64663e-05
0.0120817 -0.000335793 -1.47412e-09 -0.000335793 0.0104214 -2.59936e-07 -1.47412e-09 -2.59936e-07 1.03522e-06 
137
0
0
-0.000239107
0.0120817 -0.000335793 -1.47272e-09 -0.000335793 0.0104214 -2.59936e-07 -1.47272e-09 -2.59936e-07 1.03522e-06 
138
0
0
0.000242406
0.0120817 -0.000335798 -1.47537e-09 -0.000335798 0.0104214 -2.59935e-07 -1.47537e-09 -2.59935e-07 1.03522e-06 
139
0
0
-2.35518e-05
0.0120817 -0.000335793 -1.4726e-09 -0.000335793 0.0104214 -2.59934e-07 -1.4726e-09 -2.59934e-07 1.03522e-06 
140
0
0
0.000291118
0.0120817 -0.000335795 -1.47427e-09 -0.000335795 0.0104214 -2.59934e-07 -1.47427e-09 -2.59934e-07 1.03522e-06 
141
0
0
5.5002e-05
0.0120817 -0.000335791 -1.4726e-09 -0.000335791 0.0104214 -2.59935e-07 -1.4726e-09 -2.59935e-07 1.03522e-06 
142
0
0
0.000315811
0.0120817 -0.000335793 -1.46456e-09 -0.000335793 0.0104214 -2.59933e-07 -1.46456e-09 -2.59933e-07 1.03522e-06 
143
0
0
-0.000435551
0.0120817 -0.00033579 -1.45599e-09 -0.00033579 0.0104214 -2.59932e-07 -1.45599e-09 -2.59932e-07 1.03522e-06 
144
0
0
-4.32913e-05
0.0120817 -0.0003358 -1.4586e-09 -0.0003358 0.0104214 -2.59932e-07 -1.4586e-09 -2.59932e-07 1.03522e-06 
145
0
0
0.00070887
0.0120817 -0.000335798 -1.45627e-09 -0.000335798 0.0104214 -2.59931e-07 -1.45627e-09 -2.59931e-07 1.03522e-06 
146
0
0
0.000374124
0.0120817 -0.000335785 -1.44948e-09 -0.000335785 0.0104214 -2.5993e-07 -1.44948e-09 -2.5993e-07 1.03522e-06 
147
0
0
-0.0002602
0.0120817 -0.000335786 -1.45095e-09 -0.000335786 0.0104214 -2.5993e-07 -1.45095e-09 -2.5993e-07 1.03522e-06 
148
0
0
-0.00075554
0.0120817 -0.000335796 -1.4573e-09 -0.000335796 0.0104214 -2.59931e-07 -1.4573e-09 -2.59931e-07 1.03522e-06 
149
0
0
-0.00057444
0.0120817 -0.000335808 -1.46451e-09 -0.000335808 0.0104214 -2.59931e-07 -1.46451e-09 -2.59931e-07 1.03522e-06 
150
0
0
8.70519e-05
0.0120817 -0.000335809 -1.45567e-09 -0.000335809 0.0104214 -2.59929e-07 -1.45567e-09 -2.59929e-07 1.03522e-06 
151
0
0
-0.000391269
0.0120817 -0.000335799 -1.44303e-09 -0.000335799 0.0104214 -2.59926e-07 -1.44303e-09 -2.59926e-07 1.03522e-06 
152
0
0
0.000379051
0.0120817 -0.000335803 -1.44155e-09 -0.000335803 0.0104214 -2.59924e-07 -1.44155e-09 -2.59924e-07 1.03522e-06 
153
0
0
-0.000702682
0.0120817 -0.000335792 -1.43411e-09 -0.000335792 0.0104214 -2.59923e-07 -1.43411e-09 -2.59923e-07 1.03522e-06 
154
0
0
0.000284092
0.0120817 -0.000335806 -1.4415e-09 -0.000335806 0.0104214 -2.59923e-07 -1.4415e-09 -2.59923e-07 1.03522e-06 
155
0
0
-0.000193683
0.0120817 -0.000335795 -1.43585e-09 -0.000335795 0.0104214 -2.59923e-07 -1.43585e-09 -2.59923e-07 1.03522e-06 
156
0
0
-0.00018081
0.0120817 -0.000335798 -1.43858e-09 -0.000335798 0.0104214 -2.59923e-07 -1.43858e-09 -2.59923e-07 1.03522e-06 
157
0
0
-0.000455305
0.0120817 -0.0003358 -1.43999e-09 -0.0003358 0.0104214 -2.59923e-07 -1.43999e-09 -2.59923e-07 1.03522e-06 
158
0
0
-0.000511074
0.0120817 -0.000335804 -1.43996e-09 -0.000335804 0.0104214 -2.59919e-07 -1.43996e-09 -2.59919e-07 1.03522e-06 
159
0
0
0.000109191
0.0120817 -0.000335807 -1.43826e-09 -0.000335807 0.0104214 -2.59916e-07 -1.43826e-09 -2.59916e-07 1.03522e-06 
160
0
0
-0.00012312
0.0120817 -0.000335798 -1.43008e-09 -0.000335798 0.0104214 -2.59915e-07 -1.43008e-09 -2.59915e-07 1.03522e-06 
161
0
0
-0.000422332
0.0120817 -0.000335799 -1.43308e-09 -0.000335799 0.0104214 -2.59914e-07 -1.43308e-09 -2.59914e-07 1.03522e-06 
162
0
0
0.000572764
0.0120817 -0.000335803 -1.43854e-09 -0.000335803 0.0104214 -2.59915e-07 -1.43854e-09 -2.59915e-07 1.03522e-06 
163
0
0
6.83045e-05
0.0120817 -0.000335789 -1.42999e-09 -0.000335789 0.0104214 -2.59914e-07 -1.42999e-09 -2.59914e-07 1.03522e-06 
164
0
0
-4.58767e-05
0.0120817 -0.000335792 -1.42968e-09 -0.000335792 0.0104214 -2.59913e-07 -1.42968e-09 -2.59913e-07 1.03522e-06 
165
0
0
-0.00086887
0.0120817 -0.000335795 -1.4325e-09 -0.000335795 0.0104214 -2.59914e-07 -1.4325e-09 -2.59914e-07 1.03522e-06 
166
0
0
-0.000435204
0.0120817 -0.000335809 -1.44074e-09 -0.000335809 0.0104214 -2.59918e-07 -1.44074e-09 -2.59918e-07 1.03522e-06 
167
0
0
0.00093721
0.0120817 -0.000335808 -1.44051e-09 -0.000335808 0.0104214 -2.59922e-07 -1.44051e-09 -2.59922e-07 1.03522e-06 
168
0
0
0.000462948
0.0120817 -0.000335785 -1.42707e-09 -0.000335785 0.0104214 -2.59923e-07 -1.42707e-09 -2.59923e-07 1.03522e-06 
169
0
0
-0.000277421
0.0120817 -0.000335784 -1.42458e-09 -0.000335784 0.0104214 -2.59921e-07 -1.42458e-09 -2.59921e-07 1.03522e-06 
170
0
0
0.000297646
0.0120817 -0.000335796 -1.43006e-09 -0.000335796 0.0104214 -2.59917e-07 -1.43006e-09 -2.59917e-07 1.03522e-06 
171
0
0
-0.00113145
0.0120817 -0.000335791 -1.42808e-09 -0.000335791 0.0104214 -2.59915e-07 -1.42808e-09 -2.59915e-07 1.03522e-06 
172
0
0
1.32372e-05
0.0120817 -0.000335812 -1.43895e-09 -0.000335812 0.0104214 -2.59915e-07 -1.43895e-09 -2.59915e-07 1.03522e-06 
173
0
0
0.00025473
0.0120817 -0.000335802 -1.43205e-09 -0.000335802 0.0104214 -2.59917e-07 -1.43205e-09 -2.59917e-07 1.03522e-06 
174
0
0
-0.000771078
0.0120817 -0.000335794 -1.42949e-09 -0.000335794 0.0104214 -2.5992e-07 -1.42949e-09 -2.5992e-07 1.03522e-06 
175
0
0
0.00065022
0.0120817 -0.000335807 -1.43915e-09 -0.000335807 0.0104214 -2.59919e-07 -1.43915e-09 -2.59919e-07 1.03522e-06 
176
0
0
0.00152457
0.0120817 -0.00033579 -1.43077e-09 -0.00033579 0.0104214 -2.59919e-07 -1.43077e-09 -2.59919e-07 1.03522e-06 
177
0
0
-0.000579024
0.0120818 -0.000335769 -1.41953e-09 -0.000335769 0.0104214 -2.59919e-07 -1.41953e-09 -2.59919e-07 1.03522e-06 
178
0
0
-0.0013483
0.0120817 -0.000335795 -1.43441e-09 -0.000335795 0.0104214 -2.59919e-07 -1.43441e-09 -2.59919e-07 1.03522e-06 
179
0
0
-0.000728175
0.0120817 -0.000335817 -1.44683e-09 -0.000335817 0.0104214 -2.59919e-07 -1.44683e-09 -2.59919e-07 1.03522e-06 
180
0
0
0.000303591
0.0120817 -0.000335815 -1.44638e-09 -0.000335815 0.0104214 -2.59919e-07 -1.44638e-09 -2.59919e-07 1.03522e-06 
181
0
0
1.43435e-05
0.0120817 -0.000335798 -1.43813e-09 -0.000335798 0.0104214 -2.59919e-07 -1.43813e-09 -2.59919e-07 1.03522e-06 
182
0
0
0.000609665
0.0120817 -0.000335796 -1.43559e-09 -0.000335796 0.0104214 -2.59919e-07 -1.43559e-09 -2.59919e-07 1.03522e-06 
183
0
0
0.000935534
0.0120817 -0.000335786 -1.43015e-09 -0.000335786 0.0104214 -2.59919e-07 -1.43015e-09 -2.59919e-07 1.03522e-06 
184
0
0
-8.74733e-07
0.0120817 -0.000335777 -1.42637e-09 -0.000335777 0.0104214 -2.59918e-07 -1.42637e-09 -2.59918e-07 1.03522e-06 
185
0
0
0.00047338
0.0120817 -0.000335789 -1.43324e-09 -0.000335789 0.0104214 -2.59918e-07 -1.43324e-09 -2.59918e-07 1.03522e-06 
186
0
0
-4.52885e-05
0.0120817 -0.000335785 -1.43088e-09 -0.000335785 0.0104214 -2.59918e-07 -1.43088e-09 -2.59918e-07 1.03522e-06 
187
0
0
0.0008047
0.0120817 -0.000335792 -1.43446e-09 -0.000335792 0.0104214 -2.59918e-07 -1.43446e-09 -2.59918e-07 1.03522e-06 
188
0
0
9.01921e-07
0.0120817 -0.000335782 -1.42953e-09 -0.000335782 0.0104214 -2.59919e-07 -1.42953e-09 -2.59919e-07 1.03522e-06 
189
0
0
-0.000335189
0.0120817 -0.00033579 -1.43491e-09 -0.00033579 0.0104214 -2.59919e-07 -1.43491e-09 -2.59919e-07 1.03522e-06 
190
0
0
-0.000588961
0.0120817 -0.000335799 -1.43661e-09 -0.000335799 0.0104214 -2.59918e-07 -1.43661e-09 -2.59918e-07 1.03522e-06 
191
0
0
-0.000487318
0.0120817 -0.000335806 -1.43815e-09 -0.000335806 0.0104214 -2.59917e-07 -1.43815e-09 -2.59917e-07 1.03522e-06 
192
0
0
0.000819878
0.0120817 -0.000335807 -1.43762e-09 -0.000335807 0.0104214 -2.59917e-07 -1.43762e-09 -2.59917e-07 1.03522e-06 
193
0
0
-0.00104965
0.0120817 -0.000335787 -1.42659e-09 -0.000335787 0.0104214 -2.59917e-07 -1.42659e-09 -2.59917e-07 1.03522e-06 
194
0
0
-0.000638281
0.0120817 -0.000335809 -1.4398e-09 -0.000335809 0.0104214 -2.59916e-07 -1.4398e-09 -2.59916e-07 1.03522e-06 
195
0
0
-0.000130354
0.0120817 -0.000335811 -1.44131e-09 -0.000335811 0.0104214 -2.59917e-07 -1.44131e-09 -2.59917e-07 1.03522e-06 
196
0
0
-0.000652699
0.0120817 -0.000335803 -1.43892e-09 -0.000335803 0.0104214 -2.59916e-07 -1.43892e-09 -2.59916e-07 1.03522e-06 
197
0
0
6.62329e-05
0.0120817 -0.000335809 -1.44375e-09 -0.000335809 0.0104214 -2.59916e-07 -1.44375e-09 -2.59916e-07 1.03522e-06 
198
0
0
0.000248558
0.0120817 -0.0003358 -1.44145e-09 -0.0003358 0.0104214 -2.59914e-07 -1.44145e-09 -2.59914e-07 1.03522e-06 
199
0
0
-0.000588298
0.0120817 -0.000335793 -1.44023e-09 -0.000335793 0.0104214 -2.59912e-07 -1.44023e-09 -2.59912e-07 1.03522e-06 
200
0
0
-0.000471412
0.0120817 -0.000335804 -1.44843e-09 -0.000335804 0.0104214 -2.59911e-07 -1.44843e-09 -2.59911e-07 1.03522e-06 
201
0
0
0.000475965
0.0120817 -0.000335806 -1.45127e-09 -0.000335806 0.0104214 -2.59911e-07 -1.45127e-09 -2.59911e-07 1.03522e-06 
202
0
0
-9.07802e-05
0.0120817 -0.000335792 -1.44454e-09 -0.000335792 0.0104214 -2.59911e-07 -1.44454e-09 -2.59911e-07 1.03522e-06 
203
0
0
-0.00108925
0.0120817 -0.000335796 -1.44815e-09 -0.000335796 0.0104214 -2.5991e-07 -1.44815e-09 -2.5991e-07 1.03522e-06 
204
0
0
-0.000290137
0.0120817 -0.000335813 -1.45852e-09 -0.000335813 0.0104214 -2.5991e-07 -1.45852e-09 -2.5991e-07 1.03522e-06 
205
0
0
-0.000629797
0.0120817 -0.000335807 -1.4558e-09 -0.000335807 0.0104214 -2.59911e-07 -1.4558e-09 -2.59911e-07 1.03522e-06 
206
0
0
-0.000710909
0.0120817 -0.00033581 -1.45525e-09 -0.00033581 0.0104214 -2.59912e-07 -1.45525e-09 -2.59912e-07 1.03522e-06 
207
0
0
0.000543386
0.0120817 -0.000335812 -1.45549e-09 -0.000335812 0.0104214 -2.59912e-07 -1.45549e-09 -2.59912e-07 1.03522e-06 
208
0
0
-4.06622e-05
0.0120817 -0.000335793 -1.44478e-09 -0.000335793 0.0104214 -2.59912e-07 -1.44478e-09 -2.59912e-07 1.03522e-06 
209
0
0
0.00052716
0.0120817 -0.000335795 -1.44711e-09 -0.000335795 0.0104214 -2.59912e-07 -1.44711e-09 -2.59912e-07 1.03522e-06 
210
0
0
-0.000138125
0.0120817 -0.000335787 -1.44402e-09 -0.000335787 0.0104214 -2.59912e-07 -1.44402e-09 -2.59912e-07 1.03522e-06 
211
0
0
-0.000607138
0.0120817 -0.000335795 -1.44884e-09 -0.000335795 0.0104214 -2.59913e-07 -1.44884e-09 -2.59913e-07 1.03522e-06 
212
0
0
0.000918237
0.0120817 -0.000335805 -1.45483e-09 -0.000335805 0.0104214 -2.59913e-07 -1.45483e-09 -2.59913e-07 1.03522e-06 
213
0
0
0.00027241
0.0120817 -0.000335785 -1.44437e-09 -0.000335785 0.0104214 -2.59914e-07 -1.44437e-09 -2.59914e-07 1.03522e-06 
214
0
0
-0.00123573
0.0120817 -0.000335787 -1.44746e-09 -0.000335787 0.0104214 -2.59914e-07 -1.44746e-09 -2.59914e-07 1.03522e-06 
215
0
0
-3.88903e-06
0.0120817 -0.000335812 -1.45976e-09 -0.000335812 0.0104214 -2.59919e-07 -1.45976e-09 -2.59919e-07 1.03522e-06 
216
0
0
-0.000703839
0.0120817 -0.000335802 -1.45325e-09 -0.000335802 0.0104214 -2.59923e-07 -1.45325e-09 -2.59923e-07 1.03522e-06 
217
0
0
0.000893666
0.0120817 -0.000335809 -1.45785e-09 -0.000335809 0.0104214 -2.59924e-07 -1.45785e-09 -2.59924e-07 1.03522e-06 
218
0
0
-0.000290298
0.0120817 -0.000335787 -1.44655e-09 -0.000335787 0.0104214 -2.59925e-07 -1.44655e-09 -2.59925e-07 1.03522e-06 
219
0
0
-0.000454265
0.0120817 -0.000335797 -1.45262e-09 -0.000335797 0.0104214 -2.59925e-07 -1.45262e-09 -2.59925e-07 1.03522e-06 
220
0
0
0.000853872
0.0120817 -0.000335803 -1.45594e-09 -0.000335803 0.0104214 -2.59925e-07 -1.45594e-09 -2.59925e-07 1.03522e-06 
221
0
0
0.000902258
0.0120817 -0.000335785 -1.44683e-09 -0.000335785 0.0104214 -2.59925e-07 -1.44683e-09 -2.59925e-07 1.03522e-06 
222
0
0
-0.000319931
0.0120817 -0.000335777 -1.44459e-09 -0.000335777 0.0104214 -2.59926e-07 -1.44459e-09 -2.59926e-07 1.03522e-06 
223
0
0
0.000109108
0.0120817 -0.000335794 -1.4418e-09 -0.000335794 0.0104214 -2.59924e-07 -1.4418e-09 -2.59924e-07 1.03522e-06 
224
0
0
-0.000418006
0.0120817 -0.000335793 -1.43232e-09 -0.000335793 0.0104214 -2.59923e-07 -1.43232e-09 -2.59923e-07 1.03522e-06 
225
0
0
0.000550303
0.0120817 -0.000335801 -1.43203e-09 -0.000335801 0.0104214 -2.59923e-07 -1.43203e-09 -2.59923e-07 1.03522e-06 
226
0
0
-1.11379e-05
0.0120817 -0.000335789 -1.42311e-09 -0.000335789 0.0104214 -2.59922e-07 -1.42311e-09 -2.59922e-07 1.03522e-06 
227
0
0
-0.000422015
0.0120817 -0.000335793 -1.42506e-09 -0.000335793 0.0104214 -2.59922e-07 -1.42506e-09 -2.59922e-07 1.03522e-06 
228
0
0
3.59156e-06
0.0120817 -0.000335801 -1.42931e-09 -0.000335801 0.0104214 -2.59922e-07 -1.42931e-09 -2.59922e-07 1.03522e-06 
229
0
0
0.000409524
0.0120817 -0.000335798 -1.42748e-09 -0.000335798 0.0104214 -2.59921e-07 -1.42748e-09 -2.59921e-07 1.03522e-06 
230
0
0
-0.000254142
0.0120817 -0.00033579 -1.41824e-09 -0.00033579 0.0104214 -2.59919e-07 -1.41824e-09 -2.59919e-07 1.03522e-06 
231
0
0
-0.000159027
0.0120817 -0.000335797 -1.4194e-09 -0.000335797 0.0104214 -2.59918e-07 -1.4194e-09 -2.59918e-07 1.03522e-06 
232
0
0
0.000495351
0.0120817 -0.000335799 -1.41883e-09 -0.000335799 0.0104214 -2.59918e-07 -1.41883e-09 -2.59918e-07 1.03522e-06 
233
0
0
-4.50335e-05
0.0120817 -0.000335789 -1.41336e-09 -0.000335789 0.0104214 -2.59918e-07 -1.41336e-09 -2.59918e-07 1.03522e-06 
234
0
0
0.000343243
0.0120817 -0.000335794 -1.41655e-09 -0.000335794 0.0104214 -2.59918e-07 -1.41655e-09 -2.59918e-07 1.03522e-06 
235
0
0
0.000497457
0.0120817 -0.000335789 -1.41436e-09 -0.000335789 0.0104214 -2.59918e-07 -1.41436e-09 -2.59918e-07 1.03522e-06 
236
0
0
0.000684431
0.0120817 -0.000335785 -1.41258e-09 -0.000335785 0.0104214 -2.59917e-07 -1.41258e-09 -2.59917e-07 1.03522e-06 
237
0
0
0.00031128
0.0120817 -0.000335781 -1.41095e-09 -0.000335781 0.0104214 -2.59916e-07 -1.41095e-09 -2.59916e-07 1.03522e-06 
238
0
0
0.000325866
0.0120817 -0.000335785 -1.41112e-09 -0.000335785 0.0104214 -2.59913e-07 -1.41112e-09 -2.59913e-07 1.03522e-06 
239
0
0
-0.00013255
0.0120817 -0.000335786 -1.41e-09 -0.000335786 0.0104214 -2.59911e-07 -1.41e-09 -2.59911e-07 1.03522e-06 
240
0
0
3.1503e-07
0.0120817 -0.000335794 -1.41362e-09 -0.000335794 0.0104214 -2.5991e-07 -1.41362e-09 -2.5991e-07 1.03522e-06 
241
0
0
-0.000315067
0.0120817 -0.000335795 -1.41405e-09 -0.000335795 0.0104214 -2.5991e-07 -1.41405e-09 -2.5991e-07 1.03522e-06 
242
0
0
-0.000125665
0.0120817 -0.0003358 -1.41728e-09 -0.0003358 0.0104214 -2.5991e-07 -1.41728e-09 -2.5991e-07 1.03522e-06 
243
0
0
-0.000415975
0.0120817 -0.000335799 -1.41731e-09 -0.000335799 0.0104214 -2.59909e-07 -1.41731e-09 -2.59909e-07 1.03522e-06 
244
0
0
-0.000592799
0.0120817 -0.000335804 -1.42055e-09 -0.000335804 0.0104214 -2.59909e-07 -1.42055e-09 -2.59909e-07 1.03522e-06 
245
0
0
-0.000115332
0.0120817 -0.000335808 -1.42388e-09 -0.000335808 0.0104214 -2.5991e-07 -1.42388e-09 -2.5991e-07 1.03522e-06 
246
0
0
0.000495741
0.0120817 -0.000335802 -1.41746e-09 -0.000335802 0.0104214 -2.59911e-07 -1.41746e-09 -2.59911e-07 1.03522e-06 
247
0
0
-0.000199254
0.0120817 -0.00033579 -1.40896e-09 -0.00033579 0.0104214 -2.59912e-07 -1.40896e-09 -2.59912e-07 1.03522e-06 
248
0
0
7.32836e-05
0.0120817 -0.000335797 -1.41167e-09 -0.000335797 0.0104214 -2.59912e-07 -1.41167e-09 -2.59912e-07 1.03522e-06 
249
0
0
-0.000238624
0.0120817 -0.000335795 -1.41023e-09 -0.000335795 0.0104214 -2.59912e-07 -1.41023e-09 -2.59912e-07 1.03522e-06 
250
0
0
-0.00051308
0.0120817 -0.000335799 -1.41198e-09 -0.000335799 0.0104214 -2.59913e-07 -1.41198e-09 -2.59913e-07 1.03522e-06 
251
0
0
-0.000384748
0.0120817 -0.000335805 -1.41551e-09 -0.000335805 0.0104214 -2.59913e-07 -1.41551e-09 -2.59913e-07 1.03522e-06 
252
0
0
0.000781868
0.0120817 -0.000335805 -1.41635e-09 -0.000335805 0.0104214 -2.59913e-07 -1.41635e-09 -2.59913e-07 1.03522e-06 
253
0
0
0.000300974
0.0120817 -0.000335787 -1.40766e-09 -0.000335787 0.0104214 -2.59913e-07 -1.40766e-09 -2.59913e-07 1.03522e-06 
254
0
0
0.000428831
0.0120817 -0.000335787 -1.41323e-09 -0.000335787 0.0104214 -2.59916e-07 -1.41323e-09 -2.59916e-07 1.03522e-06 
255
0
0
-0.000193859
0.0120817 -0.000335786 -1.41625e-09 -0.000335786 0.0104214 -2.59918e-07 -1.41625e-09 -2.59918e-07 1.03522e-06 
256
0
0
0.000377003
0.0120817 -0.000335795 -1.42421e-09 -0.000335795 0.0104214 -2.59919e-07 -1.42421e-09 -2.59919e-07 1.03522e-06 
257
0
0
0.000118196
0.0120817 -0.000335789 -1.42291e-09 -0.000335789 0.0104214 -2.5992e-07 -1.42291e-09 -2.5992e-07 1.03522e-06 
258
0
0
0.000119208
0.0120817 -0.000335791 -1.42604e-09 -0.000335791 0.0104214 -2.5992e-07 -1.42604e-09 -2.5992e-07 1.03522e-06 
259
0
0
-0.000129847
0.0120817 -0.000335792 -1.4281e-09 -0.000335792 0.0104214 -2.5992e-07 -1.4281e-09 -2.5992e-07 1.03522e-06 
260
0
0
-0.000110262
0.0120817 -0.000335796 -1.43202e-09 -0.000335796 0.0104214 -2.5992e-07 -1.43202e-09 -2.5992e-07 1.03522e-06 
261
0
0
-0.000809735
0.0120817 -0.000335798 -1.4345e-09 -0.000335798 0.0104214 -2.59921e-07 -1.4345e-09 -2.59921e-07 1.03522e-06 
262
0
0
-0.000647909
0.0120817 -0.000335809 -1.44067e-09 -0.000335809 0.0104214 -2.59923e-07 -1.44067e-09 -2.59923e-07 1.03522e-06 
263
0
0
0.000220723
0.0120817 -0.000335811 -1.44133e-09 -0.000335811 0.0104214 -2.59924e-07 -1.44133e-09 -2.59924e-07 1.03522e-06 
264
0
0
-0.000231675
0.0120817 -0.000335798 -1.43434e-09 -0.000335798 0.0104214 -2.59925e-07 -1.43434e-09 -2.59925e-07 1.03522e-06 
265
0
0
-0.000226589
0.0120817 -0.0003358 -1.43596e-09 -0.0003358 0.0104214 -2.59924e-07 -1.43596e-09 -2.59924e-07 1.03522e-06 
266
0
0
-0.000166798
0.0120817 -0.000335801 -1.43718e-09 -0.000335801 0.0104214 -2.59923e-07 -1.43718e-09 -2.59923e-07 1.03522e-06 
267
0
0
-0.0002151
0.0120817 -0.0003358 -1.4382e-09 -0.0003358 0.0104214 -2.59923e-07 -1.4382e-09 -2.59923e-07 1.03522e-06 
268
0
0
-0.00047003
0.0120817 -0.000335801 -1.43986e-09 -0.000335801 0.0104214 -2.59923e-07 -1.43986e-09 -2.59923e-07 1.03522e-06 
269
0
0
-6.20865e-05
0.0120817 -0.000335805 -1.44354e-09 -0.000335805 0.0104214 -2.59924e-07 -1.44354e-09 -2.59924e-07 1.03522e-06 
270
0
0
0.000343966
0.0120817 -0.0003358 -1.43616e-09 -0.0003358 0.0104214 -2.59923e-07 -1.43616e-09 -2.59923e-07 1.03522e-06 
271
0
0
6.11393e-05
0.0120817 -0.000335792 -1.42784e-09 -0.000335792 0.0104214 -2.59922e-07 -1.42784e-09 -2.59922e-07 1.03522e-06 
272
0
0
0.000252015
0.0120817 -0.000335793 -1.42651e-09 -0.000335793 0.0104214 -2.59922e-07 -1.42651e-09 -2.59922e-07 1.03522e-06 
273
0
0
0.000620433
0.0120817 -0.000335791 -1.42399e-09 -0.000335791 0.0104214 -2.59921e-07 -1.42399e-09 -2.59921e-07 1.03522e-06 
274
0
0
0.00057626
0.0120817 -0.000335784 -1.41977e-09 -0.000335784 0.0104214 -2.5992e-07 -1.41977e-09 -2.5992e-07 1.03522e-06 
275
0
0
-2.74289e-05
0.0120817 -0.000335782 -1.41911e-09 -0.000335782 0.0104214 -2.59919e-07 -1.41911e-09 -2.59919e-07 1.03522e-06 
276
0
0
0.000421587
0.0120817 -0.000335791 -1.42498e-09 -0.000335791 0.0104214 -2.59919e-07 -1.42498e-09 -2.59919e-07 1.03522e-06 
277
0
0
-0.00129068
0.0120817 -0.000335787 -1.42431e-09 -0.000335787 0.0104214 -2.59919e-07 -1.42431e-09 -2.59919e-07 1.03522e-06 
278
0
0
-0.000270558
0.0120817 -0.000335813 -1.43552e-09 -0.000335813 0.0104214 -2.59918e-07 -1.43552e-09 -2.59918e-07 1.03522e-06 
279
0
0
-0.000268772
0.0120817 -0.000335806 -1.42922e-09 -0.000335806 0.0104214 -2.59918e-07 -1.42922e-09 -2.59918e-07 1.03522e-06 
280
0
0
0.000314426
0.0120817 -0.000335804 -1.42677e-09 -0.000335804 0.0104214 -2.59918e-07 -1.42677e-09 -2.59918e-07 1.03522e-06 
281
0
0
-0.000155642
0.0120817 -0.000335794 -1.42144e-09 -0.000335794 0.0104214 -2.59917e-07 -1.42144e-09 -2.59917e-07 1.03522e-06 
282
0
0
-0.000522155
0.0120817 -0.000335797 -1.42415e-09 -0.000335797 0.0104214 -2.59917e-07 -1.42415e-09 -2.59917e-07 1.03522e-06 
283
0
0
0.000955754
0.0120817 -0.000335805 -1.42884e-09 -0.000335805 0.0104214 -2.59917e-07 -1.42884e-09 -2.59917e-07 1.03522e-06 
284
0
0
0.000581733
0.0120817 -0.000335784 -1.4177e-09 -0.000335784 0.0104214 -2.59917e-07 -1.4177e-09 -2.59917e-07 1.03522e-06 
285
0
0
-0.000361716
0.0120817 -0.000335782 -1.41791e-09 -0.000335782 0.0104214 -2.59918e-07 -1.41791e-09 -2.59918e-07 1.03522e-06 
286
0
0
0.000193327
0.0120817 -0.000335796 -1.42645e-09 -0.000335796 0.0104214 -2.59919e-07 -1.42645e-09 -2.59919e-07 1.03522e-06 
287
0
0
-0.000273045
0.0120817 -0.000335793 -1.42711e-09 -0.000335793 0.0104214 -2.59923e-07 -1.42711e-09 -2.59923e-07 1.03522e-06 
288
0
0
0.000218894
0.0120817 -0.000335799 -1.4328e-09 -0.000335799 0.0104214 -2.59926e-07 -1.4328e-09 -2.59926e-07 1.03522e-06 
289
0
0
0.000215571
0.0120817 -0.000335793 -1.43187e-09 -0.000335793 0.0104214 -2.59927e-07 -1.43187e-09 -2.59927e-07 1.03522e-06 
290
0
0
0.000270471
0.0120817 -0.000335791 -1.43246e-09 -0.000335791 0.0104214 -2.59926e-07 -1.43246e-09 -2.59926e-07 1.03522e-06 
291
0
0
-0.000715776
0.0120817 -0.00033579 -1.43275e-09 -0.00033579 0.0104214 -2.59926e-07 -1.43275e-09 -2.59926e-07 1.03522e-06 
292
0
0
-0.00072307
0.0120817 -0.000335805 -1.44196e-09 -0.000335805 0.0104214 -2.59926e-07 -1.44196e-09 -2.59926e-07 1.03522e-06 
293
0
0
-0.000813878
0.0120817 -0.000335811 -1.44584e-09 -0.000335811 0.0104214 -2.59927e-07 -1.44584e-09 -2.59927e-07 1.03522e-06 
294
0
0
0.000341548
0.0120817 -0.000335814 -1.44831e-09 -0.000335814 0.0104214 -2.59928e-07 -1.44831e-09 -2.59928e-07 1.03522e-06 
295
0
0
0.000333345
0.0120817 -0.000335797 -1.43008e-09 -0.000335797 0.0104214 -2.59927e-07 -1.43008e-09 -2.59927e-07 1.03522e-06 
296
0
0
0.000525553
0.0120817 -0.000335791 -1.42094e-09 -0.000335791 0.0104214 -2.59927e-07 -1.42094e-09 -2.59927e-07 1.03522e-06 
297
0
0
0.000361978
0.0120817 -0.000335785 -1.41518e-09 -0.000335785 0.0104214 -2.59926e-07 -1.41518e-09 -2.59926e-07 1.03522e-06 
298
0
0
-0.000828073
0.0120817 -0.000335786 -1.41441e-09 -0.000335786 0.0104214 -2.59926e-07 -1.41441e-09 -2.59926e-07 1.03522e-06 
299
0
0
-0.000149121
0.0120817 -0.000335805 -1.42407e-09 -0.000335805 0.0104214 -2.59927e-07 -1.42407e-09 -2.59927e-07 1.03522e-06 
300
0
0
0.000305035
0.0120817 -0.000335802 -1.42119e-09 -0.000335802 0.0104214 -2.59927e-07 -1.42119e-09 -2.59927e-07 1.03522e-06 
301
0
0
5.92047e-05
0.0120817 -0.000335793 -1.41597e-09 -0.000335793 0.0104214 -2.59928e-07 -1.41597e-09 -2.59928e-07 1.03522e-06 
302
0
0
0.000227884
0.0120817 -0.000335794 -1.41617e-09 -0.000335794 0.0104214 -2.59929e-07 -1.41617e-09 -2.59929e-07 1.03522e-06 
303
0
0
-0.000454447
0.0120817 -0.000335791 -1.41167e-09 -0.000335791 0.0104214 -2.59934e-07 -1.41167e-09 -2.59934e-07 1.03522e-06 
304
0
0
-0.000833575
0.0120817 -0.000335801 -1.41537e-09 -0.000335801 0.0104214 -2.59935e-07 -1.41537e-09 -2.59935e-07 1.03522e-06 
305
0
0
0.000874596
0.0120817 -0.000335811 -1.41993e-09 -0.000335811 0.0104214 -2.59936e-07 -1.41993e-09 -2.59936e-07 1.03522e-06 
306
0
0
-0.000490734
0.0120817 -0.000335788 -1.40684e-09 -0.000335788 0.0104214 -2.59937e-07 -1.40684e-09 -2.59937e-07 1.03522e-06 
307
0
