0
0
0
-0.000176719
0.00800061 -2.68385e-11 1.2769e-14 -2.68385e-11 0.00900061 -9.84301e-12 1.2769e-14 -9.84301e-12 1.24978e-06 
1
0
0
-0.000524378
0.0150026 4.13553e-09 -1.41017e-11 4.13553e-09 0.0170026 -6.44479e-09 -1.41017e-11 -6.44479e-09 1.03722e-06 
2
0
0
0.000289843
0.0220062 2.95324e-08 -3.58783e-11 2.95324e-08 0.0250061 -1.73337e-08 -3.58783e-11 -1.73337e-08 1.03685e-06 
3
0
0
-0.000692172
0.0290117 6.00472e-09 -4.82868e-11 6.00472e-09 0.0330113 -3.11467e-08 -4.82868e-11 -3.11467e-08 1.03711e-06 
4
0
0
-0.000473425
0.036019 7.20398e-08 -6.8919e-11 7.20398e-08 0.0410185 -4.77373e-08 -6.8919e-11 -4.77373e-08 1.03672e-06 
5
0
0
-0.000309558
0.043028 1.26264e-07 -7.46056e-11 1.26264e-07 0.0490275 -6.68852e-08 -7.46056e-11 -6.68852e-08 1.03632e-06 
6
0
0
-0.0011588
0.0500387 1.65647e-07 -6.86072e-11 1.65647e-07 0.0570384 -8.82426e-08 -6.86072e-11 -8.82426e-08 1.03601e-06 
7
0
-0.0538758
-0.000802565
0.0570507 3.5906e-07 -6.93156e-11 3.5906e-07 0.0650513 -1.11424e-07 -6.93156e-11 -1.11424e-07 1.03577e-06 
8
0
-0.0689727
-0.00116228
0.0640641 5.0773e-07 -4.02992e-11 5.0773e-07 0.0730661 -1.36046e-07 -4.02992e-11 -1.36046e-07 1.03559e-06 
9
0
-0.0859703
9.12803e-06
0.0710785 7.54904e-07 -1.04055e-11 7.54904e-07 0.0810826 -1.61744e-07 -1.04055e-11 -1.61744e-07 1.03545e-06 
10
0
-0.10426
0.000134245
0.0780938 7.35615e-07 6.89524e-11 7.35615e-07 0.0891008 -1.88182e-07 6.89524e-11 -1.88182e-07 1.03535e-06 
11
0
-0.123937
-0.000421544
0.0851099 6.79095e-07 1.44612e-10 6.79095e-07 0.0971206 -2.15054e-07 1.44612e-10 -2.15054e-07 1.03528e-06 
12
0
-0.144936
-0.00103084
0.0921267 7.8365e-07 2.08449e-10 7.8365e-07 0.105142 -2.42088e-07 2.08449e-10 -2.42088e-07 1.03523e-06 
13
0
-0.167618
8.91023e-05
0.099144 1.09478e-06 2.72652e-10 1.09478e-06 0.113165 -2.69052e-07 2.72652e-10 -2.69052e-07 1.03519e-06 
14
0
-0.191162
-0.000353435
0.106162 1.03702e-06 4.02106e-10 1.03702e-06 0.121188 -2.95741e-07 4.02106e-10 -2.95741e-07 1.03517e-06 
15
0
-0.216382
0.000710159
0.11318 1.14125e-06 5.01252e-10 1.14125e-06 0.129214 -3.21988e-07 5.01252e-10 -3.21988e-07 1.03515e-06 
16
0
-0.241873
2.97003e-05
0.120198 8.26049e-07 6.57854e-10 8.26049e-07 0.13724 -3.47652e-07 6.57854e-10 -3.47652e-07 1.03515e-06 
17
0
-0.268489
5.73694e-05
0.127217 7.81129e-07 7.67897e-10 7.81129e-07 0.145267 -3.7262e-07 7.67897e-10 -3.7262e-07 1.03514e-06 
18
0
-0.2956
0.000217278
0.134236 7.2138e-07 8.98955e-10 7.2138e-07 0.153294 -3.96804e-07 8.98955e-10 -3.96804e-07 1.03514e-06 
19
0
-0.32383
0.0004629
0.141255 5.82531e-07 1.043e-09 5.82531e-07 0.161323 -4.2014e-07 1.043e-09 -4.2014e-07 1.03514e-06 
20
0
-0.352079
-0.00033423
0.148274 3.13621e-07 1.2001e-09 3.13621e-07 0.169352 -4.42579e-07 1.2001e-09 -4.42579e-07 1.03515e-06 
21
0
-0.381351
-0.000107583
0.155293 4.51973e-07 1.31646e-09 4.51973e-07 0.177382 -4.64092e-07 1.31646e-09 -4.64092e-07 1.03515e-06 
22
0
-0.4106
-0.00017382
0.162313 4.7257e-07 1.46901e-09 4.7257e-07 0.185412 -4.84662e-07 1.46901e-09 -4.84662e-07 1.03515e-06 
23
0
-0.440056
-0.000668958
0.169332 5.33228e-07 1.61696e-09 5.33228e-07 0.193443 -5.04281e-07 1.61696e-09 -5.04281e-07 1.03516e-06 
24
0
-0.471079
0.000221551
0.176352 8.95988e-07 1.74424e-09 8.95988e-07 0.201475 -5.22957e-07 1.74424e-09 -5.22957e-07 1.03517e-06 
25
0
-0.501487
-0.000394071
0.183371 7.15565e-07 1.93547e-09 7.15565e-07 0.209506 -5.40698e-07 1.93547e-09 -5.40698e-07 1.03517e-06 
26
0
-0.532267
-0.000309943
0.190391 9.31165e-07 2.07177e-09 9.31165e-07 0.217538 -5.57523e-07 2.07177e-09 -5.57523e-07 1.03518e-06 
27
0
-0.563616
0.000284258
0.197411 1.09907e-06 2.22761e-09 1.09907e-06 0.22557 -5.73457e-07 2.22761e-09 -5.73457e-07 1.03518e-06 
28
0
-0.594932
4.04619e-06
0.20443 8.55925e-07 2.41538e-09 8.55925e-07 0.233603 -5.88523e-07 2.41538e-09 -5.88523e-07 1.03519e-06 
29
0
-0.626028
-0.000497634
0.21145 8.0949e-07 2.571e-09 8.0949e-07 0.241636 -6.02753e-07 2.571e-09 -6.02753e-07 1.03519e-06 
30
0
-0.657733
-0.000536996
0.21847 1.14117e-06 2.70525e-09 1.14117e-06 0.249669 -6.16179e-07 2.70525e-09 -6.16179e-07 1.03519e-06 
31
0
-0.689726
-0.000390438
0.22549 1.51581e-06 2.85572e-09 1.51581e-06 0.257702 -6.28833e-07 2.85572e-09 -6.28833e-07 1.0352e-06 
32
0
-0.721663
-0.000699368
0.23251 1.78571e-06 3.01901e-09 1.78571e-06 0.265735 -6.40748e-07 3.01901e-09 -6.40748e-07 1.0352e-06 
33
0
-0.754093
0.000119527
0.23953 2.32186e-06 3.16196e-09 2.32186e-06 0.273769 -6.5196e-07 3.16196e-09 -6.5196e-07 1.0352e-06 
34
0
-0.785915
-0.000500366
0.24655 2.17446e-06 3.35863e-09 2.17446e-06 0.281802 -6.62503e-07 3.35863e-09 -6.62503e-07 1.03521e-06 
35
0
-0.818255
-0.00022945
0.253569 2.57017e-06 3.4958e-09 2.57017e-06 0.289836 -6.72404e-07 3.4958e-09 -6.72404e-07 1.03521e-06 
36
0
-0.851254
0.000597883
0.260589 2.73271e-06 3.66396e-09 2.73271e-06 0.29787 -6.81701e-07 3.66396e-09 -6.81701e-07 1.03521e-06 
37
0
-0.88339
-9.32885e-06
0.267609 2.12972e-06 3.87305e-09 2.12972e-06 0.305903 -6.90426e-07 3.87305e-09 -6.90426e-07 1.03521e-06 
38
0
-0.915221
-0.000485982
0.274629 2.09274e-06 4.01864e-09 2.09274e-06 0.313937 -6.98609e-07 4.01864e-09 -6.98609e-07 1.03521e-06 
39
0
-0.947711
-0.000535641
0.281649 2.52428e-06 4.15055e-09 2.52428e-06 0.321971 -7.06278e-07 4.15055e-09 -7.06278e-07 1.03522e-06 
40
0
-0.980581
0.000388902
0.288669 3.01807e-06 4.29921e-09 3.01807e-06 0.330005 -7.13465e-07 4.29921e-09 -7.13465e-07 1.03522e-06 
41
0
-1.01301
0.000484153
0.295689 2.56982e-06 4.50451e-09 2.56982e-06 0.33804 -7.20196e-07 4.50451e-09 -7.20196e-07 1.03522e-06 
42
0
-1.04609
0.000641459
0.302709 2.01074e-06 4.68437e-09 2.01074e-06 0.346074 -7.26499e-07 4.68437e-09 -7.26499e-07 1.03522e-06 
43
0
-1.07825
-0.000107142
0.309729 1.2687e-06 4.8665e-09 1.2687e-06 0.354108 -7.32397e-07 4.8665e-09 -7.32397e-07 1.03522e-06 
44
0
-1.11092
6.49005e-05
0.316749 1.3409e-06 4.99675e-09 1.3409e-06 0.362142 -7.37918e-07 4.99675e-09 -7.37918e-07 1.03522e-06 
45
0
-1.14371
-0.00025699
0.323769 1.22046e-06 5.16017e-09 1.22046e-06 0.370177 -7.43083e-07 5.16017e-09 -7.43083e-07 1.03522e-06 
46
0
-1.17612
-0.000419969
0.330789 1.47176e-06 5.30435e-09 1.47176e-06 0.378211 -7.47914e-07 5.30435e-09 -7.47914e-07 1.03522e-06 
47
0
-1.20938
0.000754825
0.337809 1.92275e-06 5.44766e-09 1.92275e-06 0.386245 -7.52426e-07 5.44766e-09 -7.52426e-07 1.03522e-06 
48
0
-1.24143
-0.000535573
0.344829 9.61687e-07 5.66624e-09 9.61687e-07 0.39428 -7.56646e-07 5.66624e-09 -7.56646e-07 1.03522e-06 
49
0
-1.2745
-0.000536634
0.351849 1.57678e-06 5.7714e-09 1.57678e-06 0.402314 -7.60592e-07 5.7714e-09 -7.60592e-07 1.03522e-06 
50
0
-1.30772
-0.000241209
0.358869 2.20674e-06 5.91453e-09 2.20674e-06 0.410349 -7.64278e-07 5.91453e-09 -7.64278e-07 1.03522e-06 
51
0
-1.34095
1.58511e-05
0.365889 2.47003e-06 6.08138e-09 2.47003e-06 0.418383 -7.67721e-07 6.08138e-09 -7.67721e-07 1.03522e-06 
52
0
-1.37408
0.000321765
0.372909 2.40203e-06 6.25428e-09 2.40203e-06 0.426418 -7.70937e-07 6.25428e-09 -7.70937e-07 1.03522e-06 
53
0
-1.40617
-0.000220745
0.379929 1.92436e-06 6.43393e-09 1.92436e-06 0.434452 -7.73942e-07 6.43393e-09 -7.73942e-07 1.03522e-06 
54
0
-1.43872
-0.000165563
0.386949 2.178e-06 6.56686e-09 2.178e-06 0.442487 -7.76744e-07 6.56686e-09 -7.76744e-07 1.03522e-06 
55
0
-1.47117
-0.000637317
0.393969 2.36058e-06 6.71912e-09 2.36058e-06 0.450521 -7.7936e-07 6.71912e-09 -7.7936e-07 1.03522e-06 
56
0
-1.50422
-0.000186655
0.400989 3.21431e-06 6.84522e-09 3.21431e-06 0.458556 -7.81805e-07 6.84522e-09 -7.81805e-07 1.03522e-06 
57
0
-1.5372
5.84795e-05
0.408009 3.43558e-06 7.01446e-09 3.43558e-06 0.46659 -7.84085e-07 7.01446e-09 -7.84085e-07 1.03523e-06 
58
0
-1.57088
0.000577608
0.415029 3.30254e-06 7.18571e-09 3.30254e-06 0.474625 -7.86213e-07 7.18571e-09 -7.86213e-07 1.03523e-06 
59
0
-1.60359
-0.000392804
0.422049 2.39452e-06 7.37899e-09 2.39452e-06 0.482659 -7.88198e-07 7.37899e-09 -7.88198e-07 1.03523e-06 
60
0
-1.63701
0.00057365
0.429069 2.94231e-06 7.49494e-09 2.94231e-06 0.490694 -7.90049e-07 7.49494e-09 -7.90049e-07 1.03523e-06 
61
0
-1.66963
-0.000201385
0.436089 2.01103e-06 7.69575e-09 2.01103e-06 0.498728 -7.91775e-07 7.69575e-09 -7.91775e-07 1.03523e-06 
62
0
-1.70307
0.000415279
0.443109 2.27892e-06 7.82299e-09 2.27892e-06 0.506763 -7.93386e-07 7.82299e-09 -7.93386e-07 1.03523e-06 
63
0
-1.73563
-0.000101947
0.450129 1.57053e-06 8.00824e-09 1.57053e-06 0.514798 -7.94891e-07 8.00824e-09 -7.94891e-07 1.03523e-06 
64
0
-1.76838
-0.000560667
0.457149 1.68783e-06 8.14424e-09 1.68783e-06 0.522832 -7.96294e-07 8.14424e-09 -7.96294e-07 1.03523e-06 
65
0
-1.80274
0.000738401
0.464169 2.56095e-06 8.26799e-09 2.56095e-06 0.530867 -7.97603e-07 8.26799e-09 -7.97603e-07 1.03523e-06 
66
0
-1.83462
-6.73042e-05
0.471189 1.28209e-06 8.48937e-09 1.28209e-06 0.538901 -7.98823e-07 8.48937e-09 -7.98823e-07 1.03523e-06 
67
0
-1.86878
0.000674732
0.478209 1.34845e-06 8.61667e-09 1.34845e-06 0.546936 -7.99963e-07 8.61667e-09 -7.99963e-07 1.03523e-06 
68
0
-1.90166
0.000755632
0.485229 1.41496e-07 8.81286e-09 1.41496e-07 0.554971 -8.01026e-07 8.81286e-09 -8.01026e-07 1.03523e-06 
69
0
-1.93432
0.000258938
0.492249 -1.22363e-06 8.98867e-09 -1.22363e-06 0.563005 -8.02016e-07 8.98867e-09 -8.02016e-07 1.03523e-06 
70
0
-1.96718
-0.000263118
0.499269 -1.72931e-06 9.12781e-09 -1.72931e-06 0.57104 -8.0294e-07 9.12781e-09 -8.0294e-07 1.03523e-06 
71
0
-2.0004
0.000230287
0.506289 -1.30486e-06 9.25217e-09 -1.30486e-06 0.579075 -8.03802e-07 9.25217e-09 -8.03802e-07 1.03523e-06 
72
0
-2.03312
0.000267227
0.513309 -1.7716e-06 9.42552e-09 -1.7716e-06 0.587109 -8.04604e-07 9.42552e-09 -8.04604e-07 1.03523e-06 
73
0
-2.06556
-0.000272886
0.520329 -2.31234e-06 9.58647e-09 -2.31234e-06 0.595144 -8.05353e-07 9.58647e-09 -8.05353e-07 1.03523e-06 
74
0
-2.09856
3.24697e-05
0.527349 -1.84964e-06 9.71156e-09 -1.84964e-06 0.603178 -8.0605e-07 9.71156e-09 -8.0605e-07 1.03523e-06 
75
0
-2.13129
-0.000113824
0.534369 -1.95892e-06 9.87285e-09 -1.95892e-06 0.611213 -8.06701e-07 9.87285e-09 -8.06701e-07 1.03523e-06 
76
0
-2.16389
-0.000723726
0.541389 -1.78799e-06 1.00181e-08 -1.78799e-06 0.619248 -8.07307e-07 1.00181e-08 -8.07307e-07 1.03523e-06 
77
0
-2.19755
-0.000208171
0.548409 -4.26998e-07 1.01314e-08 -4.26998e-07 0.627282 -8.07871e-07 1.01314e-08 -8.07871e-07 1.03523e-06 
78
0
-2.23061
9.23539e-05
0.555429 -6.42826e-08 1.02989e-08 -6.42826e-08 0.635317 -8.08397e-07 1.02989e-08 -8.08397e-07 1.03523e-06 
79
0
-2.26367
-0.000287414
0.562449 -2.96503e-07 1.0469e-08 -2.96503e-07 0.643352 -8.08888e-07 1.0469e-08 -8.08888e-07 1.03523e-06 
80
0
-2.29656
0.000300302
0.569469 2.37054e-07 1.06052e-08 2.37054e-07 0.651386 -8.09347e-07 1.06052e-08 -8.09347e-07 1.03523e-06 
81
0
-2.32915
-0.000253772
0.576489 -4.25738e-07 1.07845e-08 -4.25738e-07 0.659421 -8.09775e-07 1.07845e-08 -8.09775e-07 1.03523e-06 
82
0
-2.36206
-0.000912129
0.583509 5.26408e-08 1.09134e-08 5.26408e-08 0.667456 -8.10174e-07 1.09134e-08 -8.10174e-07 1.03523e-06 
83
0
-2.39585
-8.23933e-05
0.590529 1.91913e-06 1.10207e-08 1.91913e-06 0.67549 -8.10545e-07 1.10207e-08 -8.10545e-07 1.03523e-06 
84
0
-2.42865
-0.000167794
0.597549 2.04632e-06 1.12035e-08 2.04632e-06 0.683525 -8.10893e-07 1.12035e-08 -8.10893e-07 1.03523e-06 
85
0
-2.46162
-0.000356164
0.604569 2.35918e-06 1.13555e-08 2.35918e-06 0.69156 -8.11218e-07 1.13555e-08 -8.11218e-07 1.03523e-06 
86
0
-2.49487
-7.06919e-05
0.611589 3.08595e-06 1.14959e-08 3.08595e-06 0.699594 -8.11519e-07 1.14959e-08 -8.11519e-07 1.03523e-06 
87
0
-2.52855
0.000917273
0.618609 3.19367e-06 1.16598e-08 3.19367e-06 0.707629 -8.118e-07 1.16598e-08 -8.118e-07 1.03523e-06 
88
0
-2.56167
0.000712565
0.625629 1.10442e-06 1.18741e-08 1.10442e-06 0.715664 -8.12063e-07 1.18741e-08 -8.12063e-07 1.03523e-06 
89
0
-2.59421
1.64954e-05
0.632649 -5.47297e-07 1.20409e-08 -5.47297e-07 0.723698 -8.12308e-07 1.20409e-08 -8.12308e-07 1.03523e-06 
90
0
-2.62663
-0.000661377
0.639669 -6.32662e-07 1.21654e-08 -6.32662e-07 0.731733 -8.12537e-07 1.21654e-08 -8.12537e-07 1.03523e-06 
91
0
-2.65933
-0.000807149
0.646689 8.41744e-07 1.22725e-08 8.41744e-07 0.739768 -8.12752e-07 1.22725e-08 -8.12752e-07 1.03523e-06 
92
0
-2.69284
-0.000157252
0.653709 2.67211e-06 1.23983e-08 2.67211e-06 0.747802 -8.12949e-07 1.23983e-08 -8.12949e-07 1.03523e-06 
93
0
-2.72577
4.22334e-05
0.660729 2.99414e-06 1.25743e-08 2.99414e-06 0.755837 -8.13134e-07 1.25743e-08 -8.13134e-07 1.03523e-06 
94
0
-2.75903
4.19361e-05
0.667749 2.84585e-06 1.27408e-08 2.84585e-06 0.763872 -8.13308e-07 1.27408e-08 -8.13308e-07 1.03523e-06 
95
0
-2.7923
0.000450015
0.674769 2.6972e-06 1.28986e-08 2.6972e-06 0.771906 -8.1347e-07 1.28986e-08 -8.1347e-07 1.03523e-06 
96
0
-2.8251
-3.89649e-05
0.681789 1.55648e-06 1.30783e-08 1.55648e-06 0.779941 -8.1362e-07 1.30783e-08 -8.1362e-07 1.03523e-06 
97
0
-2.85882
0.000531319
0.688809 1.60422e-06 1.32143e-08 1.60422e-06 0.787976 -8.13762e-07 1.32143e-08 -8.13762e-07 1.03523e-06 
98
0
-2.89158
0.000547335
0.695829 2.39078e-07 1.33997e-08 2.39078e-07 0.79601 -8.13893e-07 1.33997e-08 -8.13893e-07 1.03523e-06 
99
0
-2.92436
0.000928514
0.702849 -1.17965e-06 1.35663e-08 -1.17965e-06 0.804045 -8.14016e-07 1.35663e-08 -8.14016e-07 1.03523e-06 
100
0
-2.95643
-5.87533e-05
0.709869 -3.57662e-06 1.37505e-08 -3.57662e-06 0.81208 -8.14131e-07 1.37505e-08 -8.14131e-07 1.03523e-06 
101
0
-2.98927
0.000302523
0.716889 -3.47438e-06 1.38616e-08 -3.47438e-06 0.820114 -8.14239e-07 1.38616e-08 -8.14239e-07 1.03523e-06 
102
0
-3.02141
-0.000700068
0.723909 -4.30303e-06 1.40254e-08 -4.30303e-06 0.828149 -8.1434e-07 1.40254e-08 -8.1434e-07 1.03523e-06 
103
0
-3.05446
-0.000394623
0.730929 -2.52657e-06 1.41227e-08 -2.52657e-06 0.836184 -8.14435e-07 1.41227e-08 -8.14435e-07 1.03523e-06 
104
0
-3.08757
-5.49525e-05
0.737949 -1.53613e-06 1.42721e-08 -1.53613e-06 0.844218 -8.14523e-07 1.42721e-08 -8.14523e-07 1.03523e-06 
105
0
-3.12042
-9.08891e-05
0.744969 -1.43811e-06 1.44378e-08 -1.43811e-06 0.852253 -8.14606e-07 1.44378e-08 -8.14606e-07 1.03523e-06 
106
0
-3.15381
0.000100937
0.751989 -1.2423e-06 1.45889e-08 -1.2423e-06 0.860288 -8.14684e-07 1.45889e-08 -8.14684e-07 1.03523e-06 
107
0
-3.18623
-0.000262849
0.759009 -1.56357e-06 1.47522e-08 -1.56357e-06 0.868322 -8.14757e-07 1.47522e-08 -8.14757e-07 1.03523e-06 
108
0
-3.21884
-0.000360056
0.766029 -8.93223e-07 1.48848e-08 -8.93223e-07 0.876357 -8.14823e-07 1.48848e-08 -8.14823e-07 1.03523e-06 
109
0
-3.25172
-0.000468121
0.773049 5.18979e-08 1.50227e-08 5.18979e-08 0.884392 -8.14887e-07 1.50227e-08 -8.14887e-07 1.03523e-06 
110
0
-3.28487
7.88643e-05
0.780069 1.30695e-06 1.51608e-08 1.30695e-06 0.892426 -8.14947e-07 1.51608e-08 -8.14947e-07 1.03523e-06 
111
0
-3.31824
0.000460928
0.787089 1.03741e-06 1.53362e-08 1.03741e-06 0.900461 -8.15002e-07 1.53362e-08 -8.15002e-07 1.03523e-06 
112
0
-3.35063
-0.000177443
0.794109 -3.1702e-07 1.55178e-08 -3.1702e-07 0.908496 -8.15055e-07 1.55178e-08 -8.15055e-07 1.03523e-06 
113
0
-3.38357
-0.000507821
0.801129 1.42412e-07 1.56435e-08 1.42412e-07 0.91653 -8.15106e-07 1.56435e-08 -8.15106e-07 1.03523e-06 
114
0
-3.41676
1.79714e-05
0.808149 1.55948e-06 1.57699e-08 1.55948e-06 0.924565 -8.15153e-07 1.57699e-08 -8.15153e-07 1.03523e-06 
115
0
-3.4494
-0.000304289
0.815169 1.45914e-06 1.59417e-08 1.45914e-06 0.9326 -8.15195e-07 1.59417e-08 -8.15195e-07 1.03523e-06 
116
0
-3.48249
0.000121315
0.822189 2.30443e-06 1.60785e-08 2.30443e-06 0.940634 -8.15234e-07 1.60785e-08 -8.15234e-07 1.03523e-06 
117
0
-3.51494
-0.000482896
0.829209 1.89715e-06 1.62492e-08 1.89715e-06 0.948669 -8.15273e-07 1.62492e-08 -8.15273e-07 1.03523e-06 
118
0
-3.54831
-0.000141901
0.836229 3.29129e-06 1.63706e-08 3.29129e-06 0.956704 -8.1531e-07 1.63706e-08 -8.1531e-07 1.03523e-06 
119
0
-3.58108
0.000115855
0.843249 3.67062e-06 1.65324e-08 3.67062e-06 0.964738 -8.15345e-07 1.65324e-08 -8.15345e-07 1.03523e-06 
120
0
-3.61406
-9.16438e-05
0.850269 3.27067e-06 1.66993e-08 3.27067e-06 0.972773 -8.15377e-07 1.66993e-08 -8.15377e-07 1.03523e-06 
121
0
-3.64737
0.000949548
0.857289 3.50328e-06 1.68451e-08 3.50328e-06 0.980808 -8.15409e-07 1.68451e-08 -8.15409e-07 1.03523e-06 
122
0
-3.67955
8.12238e-05
0.864309 5.23012e-07 1.7057e-08 5.23012e-07 0.988842 -8.15436e-07 1.7057e-08 -8.15436e-07 1.03523e-06 
123
0
-3.71193
-0.000358687
0.871329 2.22078e-07 1.71816e-08 2.22078e-07 0.996877 -8.15462e-07 1.71816e-08 -8.15462e-07 1.03523e-06 
124
0
-3.74459
-0.000567127
0.878349 1.29981e-06 1.7303e-08 1.29981e-06 1.00491 -8.15489e-07 1.7303e-08 -8.15489e-07 1.03523e-06 
125
0
-3.77885
0.000735837
0.885369 3.04615e-06 1.74319e-08 3.04615e-06 1.01295 -8.15515e-07 1.74319e-08 -8.15515e-07 1.03523e-06 
126
0
-3.81043
-0.000808128
0.892389 6.51101e-07 1.76521e-08 6.51101e-07 1.02098 -8.15539e-07 1.76521e-08 -8.15539e-07 1.03523e-06 
127
0
-3.8438
2.68705e-05
0.899409 3.201e-06 1.77337e-08 3.201e-06 1.02902 -8.15562e-07 1.77337e-08 -8.15562e-07 1.03523e-06 
128
0
-3.87634
-0.000627093
0.906429 3.06579e-06 1.79118e-08 3.06579e-06 1.03705 -8.15584e-07 1.79118e-08 -8.15584e-07 1.03523e-06 
129
0
-3.90915
-0.000586721
0.913449 5.06546e-06 1.80305e-08 5.06546e-06 1.04508 -8.15606e-07 1.80305e-08 -8.15606e-07 1.03523e-06 
130
0
-3.94231
-0.000232438
0.920469 6.94816e-06 1.81703e-08 6.94816e-06 1.05312 -8.15626e-07 1.81703e-08 -8.15626e-07 1.03523e-06 
131
0
-3.97523
-9.61541e-05
0.927489 7.67083e-06 1.83341e-08 7.67083e-06 1.06115 -8.15643e-07 1.83341e-08 -8.15643e-07 1.03523e-06 
132
0
-4.00856
-0.000208709
0.934509 7.94398e-06 1.84942e-08 7.94398e-06 1.06919 -8.15659e-07 1.84942e-08 -8.15659e-07 1.03523e-06 
133
0
-4.04082
-0.000746224
0.941529 8.59855e-06 1.8643e-08 8.59855e-06 1.07722 -8.15674e-07 1.8643e-08 -8.15674e-07 1.03523e-06 
134
0
-4.07376
-4.28156e-05
0.948549 1.10819e-05 1.87597e-08 1.10819e-05 1.08526 -8.1569e-07 1.87597e-08 -8.1569e-07 1.03523e-06 
135
0
-4.10682
7.36321e-05
0.955569 1.118e-05 1.89369e-08 1.118e-05 1.09329 -8.15705e-07 1.89369e-08 -8.15705e-07 1.03523e-06 
136
0
-4.13994
0.00018145
0.962589 1.08783e-05 1.91022e-08 1.08783e-05 1.10133 -8.15719e-07 1.91022e-08 -8.15719e-07 1.03523e-06 
137
0
-4.17267
-6.68323e-05
0.969609 1.02008e-05 1.92667e-08 1.02008e-05 1.10936 -8.15733e-07 1.92667e-08 -8.15733e-07 1.03523e-06 
138
0
-4.20547
-0.00029757
0.976629 1.03861e-05 1.94107e-08 1.03861e-05 1.1174 -8.15747e-07 1.94107e-08 -8.15747e-07 1.03523e-06 
139
0
-4.2393
0.000800391
0.983649 1.13851e-05 1.95485e-08 1.13851e-05 1.12543 -8.15762e-07 1.95485e-08 -8.15762e-07 1.03523e-06 
140
0
-4.27166
0.000527176
0.990669 8.49983e-06 1.97621e-08 8.49983e-06 1.13347 -8.15774e-07 1.97621e-08 -8.15774e-07 1.03523e-06 
141
0
-4.30489
0.000982147
0.997689 6.56964e-06 1.99205e-08 6.56964e-06 1.1415 -8.15787e-07 1.99205e-08 -8.15787e-07 1.03523e-06 
142
0
-4.33735
0.000682725
1.00471 2.99029e-06 2.011e-08 2.99029e-06 1.14954 -8.15801e-07 2.011e-08 -8.15801e-07 1.03523e-06 
143
0
-4.36981
0.000215407
1.01173 4.70133e-07 2.02648e-08 4.70133e-07 1.15757 -8.15814e-07 2.02648e-08 -8.15814e-07 1.03523e-06 
144
0
-4.40169
-0.000828392
1.01875 -3.63496e-07 2.03988e-08 -3.63496e-07 1.16561 -8.15828e-07 2.03988e-08 -8.15828e-07 1.03523e-06 
145
0
-4.43502
-0.000110249
1.02577 2.62962e-06 2.04865e-08 2.62962e-06 1.17364 -8.15838e-07 2.04865e-08 -8.15838e-07 1.03523e-06 
146
0
-4.46714
-0.000710906
1.03279 2.98887e-06 2.06576e-08 2.98887e-06 1.18167 -8.15851e-07 2.06576e-08 -8.15851e-07 1.03523e-06 
147
0
-4.50059
-0.000145202
1.03981 5.58667e-06 2.07736e-08 5.58667e-06 1.18971 -8.15862e-07 2.07736e-08 -8.15862e-07 1.03523e-06 
148
0
-4.53353
-0.000115234
1.04683 6.08248e-06 2.09437e-08 6.08248e-06 1.19774 -8.15871e-07 2.09437e-08 -8.15871e-07 1.03523e-06 
149
0
-4.56638
-0.000297392
1.05385 6.46892e-06 2.1099e-08 6.46892e-06 1.20578 -8.1588e-07 2.1099e-08 -8.1588e-07 1.03523e-06 
150
0
-4.59944
-8.06013e-05
1.06087 7.55016e-06 2.12398e-08 7.55016e-06 1.21381 -8.15888e-07 2.12398e-08 -8.15888e-07 1.03523e-06 
151
0
-4.63266
0.0001607
1.06789 7.81e-06 2.13992e-08 7.81e-06 1.22185 -8.15894e-07 2.13992e-08 -8.15894e-07 1.03523e-06 
152
0
-4.66486
-0.00070148
1.07491 7.14312e-06 2.15671e-08 7.14312e-06 1.22988 -8.15904e-07 2.15671e-08 -8.15904e-07 1.03523e-06 
153
0
-4.69843
-0.00059258
1.08193 9.81255e-06 2.16728e-08 9.81255e-06 1.23792 -8.15912e-07 2.16728e-08 -8.15912e-07 1.03523e-06 
154
0
-4.73069
-0.000977044
1.08895 1.20751e-05 2.18162e-08 1.20751e-05 1.24595 -8.1592e-07 2.18162e-08 -8.1592e-07 1.03523e-06 
155
0
-4.76338
-0.000837536
1.09597 1.58617e-05 2.19345e-08 1.58617e-05 1.25399 -8.15926e-07 2.19345e-08 -8.15926e-07 1.03523e-06 
156
0
-4.79668
0.000167188
1.10299 1.91219e-05 2.20751e-08 1.91219e-05 1.26202 -8.15932e-07 2.20751e-08 -8.15932e-07 1.03523e-06 
157
0
-4.8291
-0.000137978
1.11001 1.84088e-05 2.22741e-08 1.84088e-05 1.27006 -8.1594e-07 2.22741e-08 -8.1594e-07 1.03523e-06 
158
0
-4.86161
-0.000467793
1.11703 1.89125e-05 2.24199e-08 1.89125e-05 1.27809 -8.15948e-07 2.24199e-08 -8.15948e-07 1.03523e-06 
159
0
-4.89449
0.000111156
1.12405 2.07477e-05 2.25508e-08 2.07477e-05 1.28613 -8.15957e-07 2.25508e-08 -8.15957e-07 1.03523e-06 
160
0
-4.92696
-0.000516907
1.13107 2.02489e-05 2.27279e-08 2.02489e-05 1.29416 -8.15964e-07 2.27279e-08 -8.15964e-07 1.03523e-06 
161
0
-4.9596
-0.000897736
1.13809 2.23081e-05 2.28508e-08 2.23081e-05 1.30219 -8.15973e-07 2.28508e-08 -8.15973e-07 1.03523e-06 
162
0
-4.99262
-0.000779519
1.14511 2.59427e-05 2.29699e-08 2.59427e-05 1.31023 -8.1598e-07 2.29699e-08 -8.1598e-07 1.03523e-06 
163
0
-5.02634
-0.000560281
1.15213 2.91121e-05 2.31131e-08 2.91121e-05 1.31826 -8.15987e-07 2.31131e-08 -8.15987e-07 1.03523e-06 
164
0
-5.05939
-0.000765098
1.15915 3.13908e-05 2.32714e-08 3.13908e-05 1.3263 -8.15995e-07 2.32714e-08 -8.15995e-07 1.03523e-06 
165
0
-5.09305
0.000224685
1.16617 3.45395e-05 2.34088e-08 3.45395e-05 1.33433 -8.16004e-07 2.34088e-08 -8.16004e-07 1.03523e-06 
166
0
-5.12621
0.000299196
1.17319 3.35464e-05 2.36108e-08 3.35464e-05 1.34237 -8.16011e-07 2.36108e-08 -8.16011e-07 1.03523e-06 
167
0
-5.1595
0.00117203
1.18021 3.22325e-05 2.37844e-08 3.22325e-05 1.3504 -8.16018e-07 2.37844e-08 -8.16018e-07 1.03523e-06 
168
0
-5.19158
0.000624707
1.18723 2.71973e-05 2.40002e-08 2.71973e-05 1.35844 -8.16027e-07 2.40002e-08 -8.16027e-07 1.03523e-06 
169
0
-5.22422
-1.13545e-05
1.19425 2.44749e-05 2.41493e-08 2.44749e-05 1.36647 -8.16035e-07 2.41493e-08 -8.16035e-07 1.03523e-06 
170
0
-5.2586
0.0014562
1.20127 2.44754e-05 2.42752e-08 2.44754e-05 1.37451 -8.16045e-07 2.42752e-08 -8.16045e-07 1.03523e-06 
171
0
-5.29067
5.00231e-05
1.20829 1.81201e-05 2.45148e-08 1.81201e-05 1.38254 -8.1605e-07 2.45148e-08 -8.1605e-07 1.03523e-06 
172
0
-5.32264
-0.000979254
1.21531 1.78537e-05 2.46212e-08 1.78537e-05 1.39058 -8.1606e-07 2.46212e-08 -8.1606e-07 1.03523e-06 
173
0
-5.35613
-0.000487276
1.22233 2.2096e-05 2.47043e-08 2.2096e-05 1.39861 -8.16066e-07 2.47043e-08 -8.16066e-07 1.03523e-06 
174
0
-5.38957
-0.000126125
1.22935 2.41948e-05 2.48614e-08 2.41948e-05 1.40665 -8.16073e-07 2.48614e-08 -8.16073e-07 1.03523e-06 
175
0
-5.42275
0.000385753
1.23637 2.47053e-05 2.50313e-08 2.47053e-05 1.41468 -8.16081e-07 2.50313e-08 -8.16081e-07 1.03523e-06 
176
0
-5.45488
-0.000789437
1.24339 2.29371e-05 2.52165e-08 2.29371e-05 1.42271 -8.16089e-07 2.52165e-08 -8.16089e-07 1.03523e-06 
177
0
-5.48913
0.000415476
1.25041 2.64277e-05 2.5311e-08 2.64277e-05 1.43075 -8.16098e-07 2.5311e-08 -8.16098e-07 1.03523e-06 
178
0
-5.52169
-6.49963e-05
1.25743 2.45059e-05 2.55173e-08 2.45059e-05 1.43878 -8.16103e-07 2.55173e-08 -8.16103e-07 1.03523e-06 
179
0
-5.55562
0.000110097
1.26445 2.4752e-05 2.56574e-08 2.4752e-05 1.44682 -8.16108e-07 2.56574e-08 -8.16108e-07 1.03523e-06 
180
0
-5.58843
0.000117968
1.27147 2.42014e-05 2.5822e-08 2.42014e-05 1.45485 -8.16115e-07 2.5822e-08 -8.16115e-07 1.03523e-06 
181
0
-5.62092
5.02857e-05
1.27849 2.36119e-05 2.59791e-08 2.36119e-05 1.46289 -8.16124e-07 2.59791e-08 -8.16124e-07 1.03523e-06 
182
0
-5.65454
0.000872707
1.28551 2.33314e-05 2.61292e-08 2.33314e-05 1.47092 -8.1613e-07 2.61292e-08 -8.1613e-07 1.03523e-06 
183
0
-5.68683
0.000341944
1.29253 1.92374e-05 2.63327e-08 1.92374e-05 1.47896 -8.16136e-07 2.63327e-08 -8.16136e-07 1.03523e-06 
184
0
-5.71851
-0.000743459
1.29955 1.75951e-05 2.64743e-08 1.75951e-05 1.48699 -8.16143e-07 2.64743e-08 -8.16143e-07 1.03523e-06 
185
0
-5.75104
-0.00116647
1.30657 2.10303e-05 2.65626e-08 2.10303e-05 1.49503 -8.1615e-07 2.65626e-08 -8.1615e-07 1.03523e-06 
186
0
-5.7855
0.000196404
1.31359 2.64773e-05 2.6667e-08 2.64773e-05 1.50306 -8.16157e-07 2.6667e-08 -8.16157e-07 1.03523e-06 
187
0
-5.81834
0.000214957
1.32061 2.54982e-05 2.68785e-08 2.54982e-05 1.5111 -8.16162e-07 2.68785e-08 -8.16162e-07 1.03523e-06 
188
0
-5.85175
0.000611233
1.32763 2.44258e-05 2.70455e-08 2.44258e-05 1.51913 -8.1617e-07 2.70455e-08 -8.1617e-07 1.03523e-06 
189
0
-5.88472
0.000371342
1.33465 2.14507e-05 2.7229e-08 2.14507e-05 1.52717 -8.16176e-07 2.7229e-08 -8.16176e-07 1.03523e-06 
190
0
-5.91808
0.000383191
1.34167 1.96147e-05 2.73827e-08 1.96147e-05 1.5352 -8.16183e-07 2.73827e-08 -8.16183e-07 1.03523e-06 
191
0
-5.95002
-0.000924735
1.34869 1.7712e-05 2.75433e-08 1.7712e-05 1.54323 -8.16191e-07 2.75433e-08 -8.16191e-07 1.03523e-06 
192
0
-5.98357
-9.4755e-05
1.35571 2.21608e-05 2.76236e-08 2.21608e-05 1.55127 -8.162e-07 2.76236e-08 -8.162e-07 1.03523e-06 
193
0
-6.01672
0.000170704
1.36273 2.25752e-05 2.77996e-08 2.25752e-05 1.5593 -8.16204e-07 2.77996e-08 -8.16204e-07 1.03523e-06 
194
0
-6.04987
-1.18665e-05
1.36975 2.16874e-05 2.7971e-08 2.16874e-05 1.56734 -8.1621e-07 2.7971e-08 -8.1621e-07 1.03523e-06 
195
0
-6.08314
7.66852e-06
1.37677 2.16972e-05 2.81197e-08 2.16972e-05 1.57537 -8.16216e-07 2.81197e-08 -8.16216e-07 1.03523e-06 
196
0
-6.11635
-1.41401e-05
1.38379 2.16103e-05 2.82739e-08 2.16103e-05 1.58341 -8.16224e-07 2.82739e-08 -8.16224e-07 1.03523e-06 
197
0
-6.1489
-0.000518916
1.39081 2.1632e-05 2.84266e-08 2.1632e-05 1.59144 -8.16232e-07 2.84266e-08 -8.16232e-07 1.03523e-06 
198
0
-6.18171
1.5868e-05
1.39783 2.41859e-05 2.85484e-08 2.41859e-05 1.59948 -8.16238e-07 2.85484e-08 -8.16238e-07 1.03523e-06 
199
0
-6.21445
-0.000141095
1.40485 2.4057e-05 2.87181e-08 2.4057e-05 1.60751 -8.16244e-07 2.87181e-08 -8.16244e-07 1.03523e-06 
200
0
-6.24749
-2.55786e-05
1.41187 2.47229e-05 2.88643e-08 2.47229e-05 1.61555 -8.16251e-07 2.88643e-08 -8.16251e-07 1.03523e-06 
201
0
-6.27955
-0.000745905
1.41889 2.48043e-05 2.90209e-08 2.48043e-05 1.62358 -8.16256e-07 2.90209e-08 -8.16256e-07 1.03523e-06 
202
0
-6.3131
0.000268192
1.42591 2.85723e-05 2.91293e-08 2.85723e-05 1.63162 -8.16261e-07 2.91293e-08 -8.16261e-07 1.03523e-06 
203
0
-6.34551
-0.000292843
1.43293 2.71442e-05 2.93242e-08 2.71442e-05 1.63965 -8.16267e-07 2.93242e-08 -8.16267e-07 1.03523e-06 
204
0
-6.37776
-0.000844763
1.43995 2.86086e-05 2.94544e-08 2.86086e-05 1.64769 -8.16274e-07 2.94544e-08 -8.16274e-07 1.03523e-06 
205
0
-6.41137
0.000616865
1.44697 3.29468e-05 2.9565e-08 3.29468e-05 1.65572 -8.16281e-07 2.9565e-08 -8.16281e-07 1.03523e-06 
206
0
-6.44461
0.00095604
1.45399 2.96786e-05 2.97852e-08 2.96786e-05 1.66375 -8.16286e-07 2.97852e-08 -8.16286e-07 1.03523e-06 
207
0
-6.47753
0.000933421
1.46101 2.4616e-05 2.99803e-08 2.4616e-05 1.67179 -8.16293e-07 2.99803e-08 -8.16293e-07 1.03523e-06 
208
0
-6.50986
-0.000231897
1.46803 1.96484e-05 3.01536e-08 1.96484e-05 1.67982 -8.163e-07 3.01536e-08 -8.163e-07 1.03523e-06 
209
0
-6.54329
0.000165506
1.47505 2.08272e-05 3.02543e-08 2.08272e-05 1.68786 -8.16307e-07 3.02543e-08 -8.16307e-07 1.03523e-06 
210
0
-6.57625
1.65504e-05
1.48207 1.98977e-05 3.04187e-08 1.98977e-05 1.69589 -8.16314e-07 3.04187e-08 -8.16314e-07 1.03523e-06 
211
0
-6.609
-0.000542095
1.48909 1.97601e-05 3.05668e-08 1.97601e-05 1.70393 -8.16319e-07 3.05668e-08 -8.16319e-07 1.03523e-06 
212
0
-6.64252
5.68822e-05
1.49611 2.26226e-05 3.06855e-08 2.26226e-05 1.71196 -8.16325e-07 3.06855e-08 -8.16325e-07 1.03523e-06 
213
0
-6.67529
0.000376726
1.50313 2.22666e-05 3.08604e-08 2.22666e-05 1.72 -8.1633e-07 3.08604e-08 -8.1633e-07 1.03523e-06 
214
0
-6.70809
0.00045019
1.51015 2.0175e-05 3.1035e-08 2.0175e-05 1.72803 -8.16337e-07 3.1035e-08 -8.16337e-07 1.03523e-06 
215
0
-6.7403
-0.000158528
1.51717 1.76737e-05 3.12002e-08 1.76737e-05 1.73607 -8.16343e-07 3.12002e-08 -8.16343e-07 1.03523e-06 
216
0
-6.77313
-0.000129187
1.52419 1.84921e-05 3.13232e-08 1.84921e-05 1.7441 -8.16349e-07 3.13232e-08 -8.16349e-07 1.03523e-06 
217
0
-6.80632
0.000337415
1.53121 1.91532e-05 3.14687e-08 1.91532e-05 1.75214 -8.16356e-07 3.14687e-08 -8.16356e-07 1.03523e-06 
218
0
-6.83817
0.000245094
1.53823 1.72404e-05 3.16452e-08 1.72404e-05 1.76017 -8.16362e-07 3.16452e-08 -8.16362e-07 1.03523e-06 
219
0
-6.87105
0.000281407
1.54525 1.58313e-05 3.17965e-08 1.58313e-05 1.76821 -8.1637e-07 3.17965e-08 -8.1637e-07 1.03523e-06 
220
0
-6.90329
-0.00100026
1.55227 1.42136e-05 3.19534e-08 1.42136e-05 1.77624 -8.16377e-07 3.19534e-08 -8.16377e-07 1.03523e-06 
221
0
-6.9367
-0.000556099
1.55929 1.97651e-05 3.20335e-08 1.97651e-05 1.78427 -8.16382e-07 3.20335e-08 -8.16382e-07 1.03523e-06 
222
0
-6.97004
0.00022162
1.56631 2.28437e-05 3.21851e-08 2.28437e-05 1.79231 -8.16385e-07 3.21851e-08 -8.16385e-07 1.03523e-06 
223
0
-7.00277
0.000283601
1.57333 2.15423e-05 3.2375e-08 2.15423e-05 1.80034 -8.16389e-07 3.2375e-08 -8.16389e-07 1.03523e-06 
224
0
-7.03484
-0.000531066
1.58035 1.98835e-05 3.25398e-08 1.98835e-05 1.80838 -8.16395e-07 3.25398e-08 -8.16395e-07 1.03523e-06 
225
0
-7.06845
0.000130086
1.58737 2.28617e-05 3.26482e-08 2.28617e-05 1.81641 -8.164e-07 3.26482e-08 -8.164e-07 1.03523e-06 
226
0
-7.10162
-0.000100626
1.59439 2.20675e-05 3.28256e-08 2.20675e-05 1.82445 -8.16403e-07 3.28256e-08 -8.16403e-07 1.03523e-06 
227
0
-7.13443
-0.000335477
1.60141 2.2597e-05 3.2972e-08 2.2597e-05 1.83248 -8.16411e-07 3.2972e-08 -8.16411e-07 1.03523e-06 
228
0
-7.16735
-0.000142018
1.60843 2.44857e-05 3.31079e-08 2.44857e-05 1.84052 -8.16417e-07 3.31079e-08 -8.16417e-07 1.03523e-06 
229
0
-7.20068
-6.57255e-05
1.61545 2.52603e-05 3.32636e-08 2.52603e-05 1.84855 -8.16424e-07 3.32636e-08 -8.16424e-07 1.03523e-06 
230
0
-7.23324
0.000114459
1.62247 2.5594e-05 3.34207e-08 2.5594e-05 1.85659 -8.1643e-07 3.34207e-08 -8.1643e-07 1.03523e-06 
231
0
-7.26641
0.000345692
1.62949 2.48748e-05 3.35821e-08 2.48748e-05 1.86462 -8.16435e-07 3.35821e-08 -8.16435e-07 1.03523e-06 
232
0
-7.29889
0.000131257
1.63651 2.27934e-05 3.37523e-08 2.27934e-05 1.87266 -8.16441e-07 3.37523e-08 -8.16441e-07 1.03523e-06 
233
0
-7.33185
-0.000204019
1.64353 2.19691e-05 3.38991e-08 2.19691e-05 1.88069 -8.16447e-07 3.38991e-08 -8.16447e-07 1.03523e-06 
234
0
-7.36505
0.00012078
1.65055 2.31294e-05 3.40333e-08 2.31294e-05 1.88873 -8.16453e-07 3.40333e-08 -8.16453e-07 1.03523e-06 
235
0
-7.39668
-0.000762242
1.65757 2.23608e-05 3.41993e-08 2.23608e-05 1.89676 -8.16459e-07 3.41993e-08 -8.16459e-07 1.03523e-06 
236
0
-7.43036
-2.87033e-05
1.66459 2.68694e-05 3.42999e-08 2.68694e-05 1.90479 -8.16466e-07 3.42999e-08 -8.16466e-07 1.03523e-06 
237
0
-7.46374
0.00140176
1.67161 2.69923e-05 3.44773e-08 2.69923e-05 1.91283 -8.16472e-07 3.44773e-08 -8.16472e-07 1.03523e-06 
238
0
-7.49604
0.000256912
1.67863 1.84896e-05 3.47178e-08 1.84896e-05 1.92086 -8.16478e-07 3.47178e-08 -8.16478e-07 1.03523e-06 
239
0
-7.52883
0.00022795
1.68565 1.68844e-05 3.48383e-08 1.68844e-05 1.9289 -8.16485e-07 3.48383e-08 -8.16485e-07 1.03523e-06 
240
0
-7.56101
-0.000269876
1.69267 1.54487e-05 3.49862e-08 1.54487e-05 1.93693 -8.16492e-07 3.49862e-08 -8.16492e-07 1.03523e-06 
241
0
-7.59551
0.00150106
1.69969 1.70472e-05 3.51089e-08 1.70472e-05 1.94497 -8.16499e-07 3.51089e-08 -8.16499e-07 1.03523e-06 
242
0
-7.62718
-0.000101992
1.70671 7.79328e-06 3.53592e-08 7.79328e-06 1.953 -8.16506e-07 3.53592e-08 -8.16506e-07 1.03523e-06 
243
0
-7.66063
0.000316127
1.71373 8.37177e-06 3.54528e-08 8.37177e-06 1.96104 -8.16514e-07 3.54528e-08 -8.16514e-07 1.03523e-06 
244
0
-7.69286
-0.000862333
1.72075 6.36771e-06 3.5618e-08 6.36771e-06 1.96907 -8.1652e-07 3.5618e-08 -8.1652e-07 1.03523e-06 
245
0
-7.72657
-0.000151343
1.72777 1.16715e-05 3.57053e-08 1.16715e-05 1.97711 -8.16526e-07 3.57053e-08 -8.16526e-07 1.03523e-06 
246
0
-7.76027
0.000952261
1.73479 1.25653e-05 3.58759e-08 1.25653e-05 1.98514 -8.16531e-07 3.58759e-08 -8.16531e-07 1.03523e-06 
247
0
-7.79279
0.00040641
1.74181 6.55569e-06 3.60944e-08 6.55569e-06 1.99318 -8.16535e-07 3.60944e-08 -8.16535e-07 1.03523e-06 
248
0
-7.82588
6.19503e-05
1.74883 3.95215e-06 3.62382e-08 3.95215e-06 2.00121 -8.16543e-07 3.62382e-08 -8.16543e-07 1.03523e-06 
249
0
-7.85818
-0.000547219
1.75585 3.51164e-06 3.63743e-08 3.51164e-06 2.00925 -8.16549e-07 3.63743e-08 -8.16549e-07 1.03523e-06 
250
0
-7.8919
0.000180471
1.76287 6.92854e-06 3.64855e-08 6.92854e-06 2.01728 -8.16554e-07 3.64855e-08 -8.16554e-07 1.03523e-06 
251
0
-7.92423
-0.000626763
1.76989 5.73101e-06 3.66658e-08 5.73101e-06 2.02531 -8.16559e-07 3.66658e-08 -8.16559e-07 1.03523e-06 
252
0
-7.95806
0.000541734
1.77691 9.68356e-06 3.67756e-08 9.68356e-06 2.03335 -8.16566e-07 3.67756e-08 -8.16566e-07 1.03523e-06 
253
0
-7.99107
0.000620979
1.78393 6.1608e-06 3.69805e-08 6.1608e-06 2.04138 -8.1657e-07 3.69805e-08 -8.1657e-07 1.03523e-06 
254
0
-8.02424
0.000686507
1.79095 2.11427e-06 3.71537e-08 2.11427e-06 2.04942 -8.16575e-07 3.71537e-08 -8.16575e-07 1.03523e-06 
255
0
-8.0563
0.00049542
1.79797 -2.37144e-06 3.73222e-08 -2.37144e-06 2.05745 -8.1658e-07 3.73222e-08 -8.1658e-07 1.03523e-06 
256
0
-8.08798
-0.000864849
1.80499 -5.635e-06 3.74712e-08 -5.635e-06 2.06549 -8.16587e-07 3.74712e-08 -8.16587e-07 1.03523e-06 
257
0
-8.12131
-0.000488249
1.81201 -5.25077e-08 3.75452e-08 -5.25077e-08 2.07352 -8.16596e-07 3.75452e-08 -8.16596e-07 1.03523e-06 
258
0
-8.15397
-0.000810359
1.81903 3.08973e-06 3.76922e-08 3.08973e-06 2.08156 -8.16601e-07 3.76922e-08 -8.16601e-07 1.03523e-06 
259
0
-8.18709
-0.000805691
1.82605 8.35841e-06 3.78153e-08 8.35841e-06 2.08959 -8.16607e-07 3.78153e-08 -8.16607e-07 1.03523e-06 
260
0
-8.22048
0.000145212
1.83307 1.36169e-05 3.79505e-08 1.36169e-05 2.09763 -8.16612e-07 3.79505e-08 -8.16612e-07 1.03523e-06 
261
0
-8.25364
6.42383e-05
1.84009 1.26066e-05 3.81437e-08 1.26066e-05 2.10566 -8.16617e-07 3.81437e-08 -8.16617e-07 1.03523e-06 
262
0
-8.28664
-2.81584e-06
1.84711 1.21302e-05 3.83014e-08 1.21302e-05 2.1137 -8.16625e-07 3.83014e-08 -8.16625e-07 1.03523e-06 
263
0
-8.31879
-0.000360151
1.85413 1.20991e-05 3.84519e-08 1.20991e-05 2.12173 -8.16631e-07 3.84519e-08 -8.16631e-07 1.03523e-06 
264
0
-8.352
0.000232318
1.86115 1.44586e-05 3.85802e-08 1.44586e-05 2.12977 -8.16638e-07 3.85802e-08 -8.16638e-07 1.03523e-06 
265
0
-8.38487
0.000405951
1.86817 1.28486e-05 3.87581e-08 1.28486e-05 2.1378 -8.16647e-07 3.87581e-08 -8.16647e-07 1.03523e-06 
266
0
-8.41727
-0.000365115
1.87519 1.00623e-05 3.89281e-08 1.00623e-05 2.14583 -8.16654e-07 3.89281e-08 -8.16654e-07 1.03523e-06 
267
0
-8.45086
0.000385807
1.88221 1.24828e-05 3.90431e-08 1.24828e-05 2.15387 -8.16661e-07 3.90431e-08 -8.16661e-07 1.03523e-06 
268
0
-8.48335
-0.000818
1.88923 9.81264e-06 3.92291e-08 9.81264e-06 2.1619 -8.16668e-07 3.92291e-08 -8.16668e-07 1.03523e-06 
269
0
-8.51616
-0.000841167
1.89625 1.53388e-05 3.93221e-08 1.53388e-05 2.16994 -8.16675e-07 3.93221e-08 -8.16675e-07 1.03523e-06 
270
0
-8.54935
-0.000211234
1.90327 2.10442e-05 3.94502e-08 2.10442e-05 2.17797 -8.1668e-07 3.94502e-08 -8.1668e-07 1.03523e-06 
271
0
-8.58273
0.000561316
1.91029 2.24448e-05 3.96235e-08 2.24448e-05 2.18601 -8.16685e-07 3.96235e-08 -8.16685e-07 1.03523e-06 
272
0
-8.61459
-0.00107519
1.91731 1.85257e-05 3.98233e-08 1.85257e-05 2.19404 -8.16692e-07 3.98233e-08 -8.16692e-07 1.03523e-06 
273
0
-8.64798
-0.000587831
1.92433 2.59142e-05 3.9895e-08 2.59142e-05 2.20208 -8.16704e-07 3.9895e-08 -8.16704e-07 1.03523e-06 
274
0
-8.68176
0.000636826
1.93135 2.99458e-05 4.00482e-08 2.99458e-05 2.21011 -8.16707e-07 4.00482e-08 -8.16707e-07 1.03523e-06 
275
0
-8.71492
0.000602824
1.93837 2.54576e-05 4.02669e-08 2.54576e-05 2.21815 -8.16712e-07 4.02669e-08 -8.16712e-07 1.03523e-06 
276
0
-8.74784
2.16126e-05
1.94539 2.11912e-05 4.04407e-08 2.11912e-05 2.22618 -8.1672e-07 4.04407e-08 -8.1672e-07 1.03523e-06 
277
0
-8.78015
-0.000567045
1.95241 2.09894e-05 4.05734e-08 2.09894e-05 2.23422 -8.16727e-07 4.05734e-08 -8.16727e-07 1.03523e-06 
278
0
-8.81353
-0.000151867
1.95943 2.49342e-05 4.06872e-08 2.49342e-05 2.24225 -8.16733e-07 4.06872e-08 -8.16733e-07 1.03523e-06 
279
0
-8.84625
-9.95248e-05
1.96645 2.59578e-05 4.08509e-08 2.59578e-05 2.25029 -8.1674e-07 4.08509e-08 -8.1674e-07 1.03523e-06 
280
0
-8.87921
5.63838e-05
1.97347 2.66138e-05 4.10062e-08 2.66138e-05 2.25832 -8.16747e-07 4.10062e-08 -8.16747e-07 1.03523e-06 
281
0
-8.91176
-0.000187426
1.98049 2.61621e-05 4.11678e-08 2.61621e-05 2.26636 -8.16754e-07 4.11678e-08 -8.16754e-07 1.03523e-06 
282
0
-8.9442
-0.000463641
1.98751 2.74514e-05 4.13081e-08 2.74514e-05 2.27439 -8.1676e-07 4.13081e-08 -8.1676e-07 1.03523e-06 
283
0
-8.9766
-0.00139058
1.99453 3.07264e-05 4.14388e-08 3.07264e-05 2.28242 -8.16766e-07 4.14388e-08 -8.16766e-07 1.03523e-06 
284
0
-9.01105
0.000694224
2.00155 4.06845e-05 4.15265e-08 4.06845e-05 2.29046 -8.16773e-07 4.15265e-08 -8.16773e-07 1.03523e-06 
285
0
-9.04306
-4.609e-07
2.00857 3.56201e-05 4.17744e-08 3.56201e-05 2.29849 -8.16775e-07 4.17744e-08 -8.16775e-07 1.03523e-06 
286
0
-9.07668
0.000725348
2.01559 3.55732e-05 4.1912e-08 3.55732e-05 2.30653 -8.16781e-07 4.1912e-08 -8.16781e-07 1.03523e-06 
287
0
-9.1086
0.000152603
2.02261 3.02472e-05 4.21079e-08 3.02472e-05 2.31456 -8.16787e-07 4.21079e-08 -8.16787e-07 1.03523e-06 
288
0
-9.14066
-0.0001521
2.02963 2.90831e-05 4.22431e-08 2.90831e-05 2.3226 -8.16794e-07 4.22431e-08 -8.16794e-07 1.03523e-06 
289
0
-9.17339
-8.40446e-05
2.03665 3.01468e-05 4.23748e-08 3.01468e-05 2.33063 -8.168e-07 4.23748e-08 -8.168e-07 1.03523e-06 
290
0
-9.20648
0.000372589
2.04367 3.07142e-05 4.25254e-08 3.07142e-05 2.33867 -8.16806e-07 4.25254e-08 -8.16806e-07 1.03523e-06 
291
0
-9.23871
-0.000119064
2.05069 2.7916e-05 4.2704e-08 2.7916e-05 2.3467 -8.16812e-07 4.2704e-08 -8.16812e-07 1.03523e-06 
292
0
-9.27141
-0.000705014
2.05771 2.87468e-05 4.28362e-08 2.87468e-05 2.35474 -8.16819e-07 4.28362e-08 -8.16819e-07 1.03523e-06 
293
0
-9.30627
0.00161556
2.06473 3.39315e-05 4.29495e-08 3.39315e-05 2.36277 -8.16826e-07 4.29495e-08 -8.16826e-07 1.03523e-06 
294
0
-9.3388
0.0010526
2.07176 2.18436e-05 4.32261e-08 2.18436e-05 2.37081 -8.16832e-07 4.32261e-08 -8.16832e-07 1.03523e-06 
295
0
-9.37129
0.00023979
2.07878 1.39237e-05 4.33907e-08 1.39237e-05 2.37884 -8.1684e-07 4.33907e-08 -8.1684e-07 1.03523e-06 
296
0
-9.40454
-0.00015831
2.0858 1.20744e-05 4.35122e-08 1.20744e-05 2.38688 -8.16847e-07 4.35122e-08 -8.16847e-07 1.03523e-06 
297
0
-9.43734
-0.000118389
2.09282 1.32156e-05 4.36404e-08 1.32156e-05 2.39491 -8.16855e-07 4.36404e-08 -8.16855e-07 1.03523e-06 
298
0
-9.47071
0.000540028
2.09984 1.40592e-05 4.37869e-08 1.40592e-05 2.40294 -8.16862e-07 4.37869e-08 -8.16862e-07 1.03523e-06 
299
0
-9.50275
-0.000499963
2.10686 9.91641e-06 4.39751e-08 9.91641e-06 2.41098 -8.16868e-07 4.39751e-08 -8.16868e-07 1.03523e-06 
300
0
-9.53716
0.00074294
2.11388 1.36671e-05 4.40775e-08 1.36671e-05 2.41901 -8.16875e-07 4.40775e-08 -8.16875e-07 1.03523e-06 
301
0
-9.5691
-3.09457e-05
2.1209 7.94903e-06 4.42899e-08 7.94903e-06 2.42705 -8.1688e-07 4.42899e-08 -8.1688e-07 1.03523e-06 
302
0
-9.60235
0.000293174
2.12792 8.13529e-06 4.44142e-08 8.13529e-06 2.43508 -8.16889e-07 4.44142e-08 -8.16889e-07 1.03523e-06 
303
0
-9.63534
0.000480561
2.13494 5.8333e-06 4.45798e-08 5.8333e-06 2.44312 -8.16897e-07 4.45798e-08 -8.16897e-07 1.03523e-06 
304
0
-9.66798
0.00067494
2.14196 2.08012e-06 4.47483e-08 2.08012e-06 2.45115 -8.16905e-07 4.47483e-08 -8.16905e-07 1.03523e-06 
305
0
-9.70059
0.000551806
2.14898 -3.1878e-06 4.4919e-08 -3.1878e-06 2.45919 -8.16912e-07 4.4919e-08 -8.16912e-07 1.03523e-06 
306
0
-9.73314
-0.000286848
2.156 -7.51792e-06 4.50742e-08 -7.51792e-06 2.46722 -8.16916e-07 4.50742e-08 -8.16916e-07 1.03523e-06 
307
0
-9.76531
