0
0
0
0.000856247
0.00632102 -7.44339e-05 -4.31087e-09 -7.44339e-05 0.0065425 -1.42373e-07 -4.31087e-09 -1.42373e-07 1.21851e-06 
1
0
0
5.96594e-05
0.00930531 -0.000180887 -4.19709e-09 -0.000180887 0.00905162 -1.8436e-07 -4.19709e-09 -1.8436e-07 1.03651e-06 
2
0
0
-0.000584065
0.0107701 -0.00025599 -3.72706e-09 -0.00025599 0.00996569 -2.08421e-07 -3.72706e-09 -2.08421e-07 1.03685e-06 
3
0
0
-6.82316e-05
0.0114639 -0.000297134 -3.29838e-09 -0.000297134 0.010272 -2.19339e-07 -3.29838e-09 -2.19339e-07 1.0371e-06 
4
0
0
0.000911834
0.0117902 -0.000317559 -2.9958e-09 -0.000317559 0.0103719 -2.25002e-07 -2.9958e-09 -2.25002e-07 1.03671e-06 
5
0
0
0.00049126
0.0119437 -0.000327268 -2.78044e-09 -0.000327268 0.0104043 -2.28798e-07 -2.78044e-09 -2.28798e-07 1.03631e-06 
6
0
0
0.000644586
0.0120159 -0.000331808 -2.62436e-09 -0.000331808 0.0104149 -2.31886e-07 -2.62436e-09 -2.31886e-07 1.036e-06 
7
0
0
0.000451841
0.01205 -0.000333909 -2.49528e-09 -0.000333909 0.0104184 -2.34634e-07 -2.49528e-09 -2.34634e-07 1.03576e-06 
8
0
0
-0.000337669
0.0120662 -0.000334885 -2.38399e-09 -0.000334885 0.0104197 -2.37156e-07 -2.38399e-09 -2.37156e-07 1.03558e-06 
9
0
0
-0.000108803
0.0120739 -0.000335351 -2.28741e-09 -0.000335351 0.0104202 -2.39483e-07 -2.28741e-09 -2.39483e-07 1.03545e-06 
10
0
0
0.000608367
0.0120777 -0.000335565 -2.19261e-09 -0.000335565 0.0104205 -2.41626e-07 -2.19261e-09 -2.41626e-07 1.03535e-06 
11
0
0
-0.000622052
0.0120795 -0.000335656 -2.09887e-09 -0.000335656 0.0104206 -2.43588e-07 -2.09887e-09 -2.43588e-07 1.03528e-06 
12
0
0
-0.000168386
0.0120804 -0.000335722 -2.02486e-09 -0.000335722 0.0104207 -2.45376e-07 -2.02486e-09 -2.45376e-07 1.03523e-06 
13
0
0
0.000502289
0.0120809 -0.000335747 -1.95077e-09 -0.000335747 0.0104208 -2.46994e-07 -1.95077e-09 -2.46994e-07 1.03519e-06 
14
0
0
1.85003e-05
0.0120812 -0.000335751 -1.87824e-09 -0.000335751 0.0104209 -2.48458e-07 -1.87824e-09 -2.48458e-07 1.03517e-06 
15
0
0
0.0007041
0.0120814 -0.000335763 -1.81871e-09 -0.000335763 0.010421 -2.49776e-07 -1.81871e-09 -2.49776e-07 1.03515e-06 
16
0
0
0.000409871
0.0120815 -0.00033576 -1.75804e-09 -0.00033576 0.010421 -2.50958e-07 -1.75804e-09 -2.50958e-07 1.03514e-06 
17
0
0
0.000451363
0.0120815 -0.000335765 -1.70893e-09 -0.000335765 0.0104211 -2.52016e-07 -1.70893e-09 -2.52016e-07 1.03514e-06 
18
0
0
0.000184084
0.0120816 -0.000335768 -1.66397e-09 -0.000335768 0.0104211 -2.5296e-07 -1.66397e-09 -2.5296e-07 1.03514e-06 
19
0
0
0.000575812
0.0120816 -0.000335775 -1.62567e-09 -0.000335775 0.0104212 -2.53799e-07 -1.62567e-09 -2.53799e-07 1.03514e-06 
20
0
0
0.000199728
0.0120817 -0.000335772 -1.58691e-09 -0.000335772 0.0104212 -2.54544e-07 -1.58691e-09 -2.54544e-07 1.03514e-06 
21
0
0
-0.00039461
0.0120817 -0.000335778 -1.55735e-09 -0.000335778 0.0104212 -2.55201e-07 -1.55735e-09 -2.55201e-07 1.03515e-06 
22
0
0
0.000159138
0.0120817 -0.000335791 -1.53481e-09 -0.000335791 0.0104213 -2.55783e-07 -1.53481e-09 -2.55783e-07 1.03515e-06 
23
0
0
-0.000234143
0.0120817 -0.000335787 -1.5069e-09 -0.000335787 0.0104213 -2.56297e-07 -1.5069e-09 -2.56297e-07 1.03516e-06 
24
0
0
-0.000100358
0.0120817 -0.000335793 -1.48657e-09 -0.000335793 0.0104213 -2.56751e-07 -1.48657e-09 -2.56751e-07 1.03516e-06 
25
0
0
-0.000233282
0.0120817 -0.000335793 -1.46613e-09 -0.000335793 0.0104213 -2.57149e-07 -1.46613e-09 -2.57149e-07 1.03517e-06 
26
0
0
0.000510833
0.0120817 -0.000335796 -1.4511e-09 -0.000335796 0.0104213 -2.57501e-07 -1.4511e-09 -2.57501e-07 1.03517e-06 
27
0
0
0.000112421
0.0120817 -0.000335786 -1.43161e-09 -0.000335786 0.0104213 -2.5781e-07 -1.43161e-09 -2.5781e-07 1.03518e-06 
28
0
0
0.000374835
0.0120817 -0.000335788 -1.41926e-09 -0.000335788 0.0104214 -2.58082e-07 -1.41926e-09 -2.58082e-07 1.03518e-06 
29
0
0
0.000187819
0.0120817 -0.000335785 -1.40461e-09 -0.000335785 0.0104214 -2.58319e-07 -1.40461e-09 -2.58319e-07 1.03519e-06 
30
0
0
-0.000405996
0.0120817 -0.000335787 -1.39739e-09 -0.000335787 0.0104214 -2.58526e-07 -1.39739e-09 -2.58526e-07 1.03519e-06 
31
0
0
0.000135092
0.0120817 -0.000335798 -1.39608e-09 -0.000335798 0.0104214 -2.58708e-07 -1.39608e-09 -2.58708e-07 1.03519e-06 
32
0
0
-0.000330161
0.0120817 -0.000335793 -1.38527e-09 -0.000335793 0.0104214 -2.58868e-07 -1.38527e-09 -2.58868e-07 1.0352e-06 
33
0
0
-0.00010135
0.0120817 -0.000335799 -1.3805e-09 -0.000335799 0.0104214 -2.59007e-07 -1.3805e-09 -2.59007e-07 1.0352e-06 
34
0
0
-0.000515264
0.0120817 -0.000335798 -1.37351e-09 -0.000335798 0.0104214 -2.59129e-07 -1.37351e-09 -2.59129e-07 1.0352e-06 
35
0
0
0.000326543
0.0120817 -0.000335804 -1.37172e-09 -0.000335804 0.0104214 -2.59235e-07 -1.37172e-09 -2.59235e-07 1.0352e-06 
36
0
0
0.000908642
0.0120817 -0.000335793 -1.36055e-09 -0.000335793 0.0104214 -2.59327e-07 -1.36055e-09 -2.59327e-07 1.03521e-06 
37
0
0
0.000368932
0.0120817 -0.00033578 -1.35408e-09 -0.00033578 0.0104214 -2.59407e-07 -1.35408e-09 -2.59407e-07 1.03521e-06 
38
0
0
0.000834074
0.0120817 -0.000335783 -1.35688e-09 -0.000335783 0.0104214 -2.59478e-07 -1.35688e-09 -2.59478e-07 1.03521e-06 
39
0
0
0.000291723
0.0120817 -0.000335777 -1.35347e-09 -0.000335777 0.0104214 -2.59539e-07 -1.35347e-09 -2.59539e-07 1.03521e-06 
40
0
0
-0.000347337
0.0120817 -0.000335784 -1.35571e-09 -0.000335784 0.0104214 -2.59594e-07 -1.35571e-09 -2.59594e-07 1.03521e-06 
41
0
0
-0.000246019
0.0120817 -0.000335796 -1.36009e-09 -0.000335796 0.0104214 -2.59641e-07 -1.36009e-09 -2.59641e-07 1.03521e-06 
42
0
0
0.000577244
0.0120817 -0.0003358 -1.35869e-09 -0.0003358 0.0104214 -2.59681e-07 -1.35869e-09 -2.59681e-07 1.03521e-06 
43
0
0
3.84111e-05
0.0120817 -0.000335788 -1.35006e-09 -0.000335788 0.0104214 -2.59717e-07 -1.35006e-09 -2.59717e-07 1.03522e-06 
44
0
0
-0.00016054
0.0120817 -0.000335792 -1.35165e-09 -0.000335792 0.0104214 -2.59747e-07 -1.35165e-09 -2.59747e-07 1.03522e-06 
45
0
0
-0.000209863
0.0120817 -0.000335797 -1.35276e-09 -0.000335797 0.0104214 -2.59779e-07 -1.35276e-09 -2.59779e-07 1.03522e-06 
46
0
0
4.46819e-05
0.0120817 -0.000335799 -1.35254e-09 -0.000335799 0.0104214 -2.59805e-07 -1.35254e-09 -2.59805e-07 1.03522e-06 
47
0
0
0.000279744
0.0120817 -0.000335796 -1.35021e-09 -0.000335796 0.0104214 -2.59828e-07 -1.35021e-09 -2.59828e-07 1.03522e-06 
48
0
0
-0.000354479
0.0120817 -0.000335791 -1.34704e-09 -0.000335791 0.0104214 -2.59846e-07 -1.34704e-09 -2.59846e-07 1.03522e-06 
49
0
0
-0.000247053
0.0120817 -0.0003358 -1.351e-09 -0.0003358 0.0104214 -2.59862e-07 -1.351e-09 -2.59862e-07 1.03522e-06 
50
0
0
-0.000152894
0.0120817 -0.000335801 -1.35052e-09 -0.000335801 0.0104214 -2.59875e-07 -1.35052e-09 -2.59875e-07 1.03522e-06 
51
0
0
-0.00067514
0.0120817 -0.0003358 -1.34876e-09 -0.0003358 0.0104214 -2.59886e-07 -1.34876e-09 -2.59886e-07 1.03522e-06 
52
0
0
-0.000560984
0.0120817 -0.000335808 -1.35261e-09 -0.000335808 0.0104214 -2.59896e-07 -1.35261e-09 -2.59896e-07 1.03522e-06 
53
0
0
0.000106799
0.0120817 -0.000335809 -1.34877e-09 -0.000335809 0.0104214 -2.59909e-07 -1.34877e-09 -2.59909e-07 1.03522e-06 
54
0
0
8.74002e-05
0.0120817 -0.000335799 -1.33981e-09 -0.000335799 0.0104214 -2.59919e-07 -1.33981e-09 -2.59919e-07 1.03522e-06 
55
0
0
-0.000582157
0.0120817 -0.000335796 -1.33616e-09 -0.000335796 0.0104214 -2.59927e-07 -1.33616e-09 -2.59927e-07 1.03522e-06 
56
0
0
-0.00118194
0.0120817 -0.000335805 -1.33953e-09 -0.000335805 0.0104214 -2.59933e-07 -1.33953e-09 -2.59933e-07 1.03522e-06 
57
0
0
0.000696084
0.0120817 -0.000335818 -1.34503e-09 -0.000335818 0.0104214 -2.59939e-07 -1.34503e-09 -2.59939e-07 1.03522e-06 
58
0
0
-0.000756514
0.0120817 -0.000335793 -1.32973e-09 -0.000335793 0.0104214 -2.59944e-07 -1.32973e-09 -2.59944e-07 1.03522e-06 
59
0
0
5.44294e-06
0.0120817 -0.000335807 -1.33598e-09 -0.000335807 0.0104214 -2.59947e-07 -1.33598e-09 -2.59947e-07 1.03522e-06 
60
0
0
-0.000555042
0.0120817 -0.0003358 -1.33047e-09 -0.0003358 0.0104214 -2.5995e-07 -1.33047e-09 -2.5995e-07 1.03522e-06 
61
0
0
-6.44131e-05
0.0120817 -0.000335806 -1.33259e-09 -0.000335806 0.0104214 -2.59952e-07 -1.33259e-09 -2.59952e-07 1.03522e-06 
62
0
0
0.000384115
0.0120817 -0.000335801 -1.32879e-09 -0.000335801 0.0104214 -2.59954e-07 -1.32879e-09 -2.59954e-07 1.03522e-06 
63
0
0
2.35924e-06
0.0120817 -0.000335791 -1.32292e-09 -0.000335791 0.0104214 -2.59956e-07 -1.32292e-09 -2.59956e-07 1.03522e-06 
64
0
0
4.92598e-06
0.0120817 -0.000335794 -1.32373e-09 -0.000335794 0.0104214 -2.59957e-07 -1.32373e-09 -2.59957e-07 1.03522e-06 
65
0
0
3.89693e-05
0.0120817 -0.000335795 -1.32359e-09 -0.000335795 0.0104214 -2.59958e-07 -1.32359e-09 -2.59958e-07 1.03522e-06 
66
0
0
-7.2832e-05
0.0120817 -0.000335795 -1.323e-09 -0.000335795 0.0104214 -2.5996e-07 -1.323e-09 -2.5996e-07 1.03522e-06 
67
0
0
-0.000335647
0.0120817 -0.000335796 -1.32355e-09 -0.000335796 0.0104214 -2.59961e-07 -1.32355e-09 -2.59961e-07 1.03522e-06 
68
0
0
0.00097518
0.0120817 -0.000335801 -1.32566e-09 -0.000335801 0.0104214 -2.59962e-07 -1.32566e-09 -2.59962e-07 1.03522e-06 
69
0
0
-4.41927e-07
0.0120817 -0.000335782 -1.31533e-09 -0.000335782 0.0104214 -2.59963e-07 -1.31533e-09 -2.59963e-07 1.03522e-06 
70
0
0
2.49424e-05
0.0120817 -0.000335791 -1.30919e-09 -0.000335791 0.0104214 -2.59968e-07 -1.30919e-09 -2.59968e-07 1.03522e-06 
71
0
0
0.000242356
0.0120817 -0.000335793 -1.30332e-09 -0.000335793 0.0104214 -2.59971e-07 -1.30332e-09 -2.59971e-07 1.03522e-06 
72
0
0
0.000474791
0.0120817 -0.000335791 -1.29755e-09 -0.000335791 0.0104214 -2.59973e-07 -1.29755e-09 -2.59973e-07 1.03522e-06 
73
0
0
-0.00030214
0.0120817 -0.000335786 -1.2928e-09 -0.000335786 0.0104214 -2.59973e-07 -1.2928e-09 -2.59973e-07 1.03522e-06 
74
0
0
0.000497744
0.0120817 -0.000335797 -1.29739e-09 -0.000335797 0.0104214 -2.59974e-07 -1.29739e-09 -2.59974e-07 1.03522e-06 
75
0
0
0.000142071
0.0120817 -0.000335788 -1.29169e-09 -0.000335788 0.0104214 -2.59974e-07 -1.29169e-09 -2.59974e-07 1.03522e-06 
76
0
0
-0.000328077
0.0120817 -0.000335791 -1.29243e-09 -0.000335791 0.0104214 -2.59973e-07 -1.29243e-09 -2.59973e-07 1.03522e-06 
77
0
0
0.000709349
0.0120817 -0.000335799 -1.29715e-09 -0.000335799 0.0104214 -2.59972e-07 -1.29715e-09 -2.59972e-07 1.03522e-06 
78
0
0
0.000472963
0.0120817 -0.000335786 -1.29011e-09 -0.000335786 0.0104214 -2.59971e-07 -1.29011e-09 -2.59971e-07 1.03522e-06 
79
0
0
0.000192288
0.0120817 -0.000335784 -1.28929e-09 -0.000335784 0.0104214 -2.5997e-07 -1.28929e-09 -2.5997e-07 1.03522e-06 
80
0
0
0.000399799
0.0120817 -0.000335788 -1.29099e-09 -0.000335788 0.0104214 -2.5997e-07 -1.29099e-09 -2.5997e-07 1.03522e-06 
81
0
0
0.000371981
0.0120817 -0.000335787 -1.28917e-09 -0.000335787 0.0104214 -2.59971e-07 -1.28917e-09 -2.59971e-07 1.03522e-06 
82
0
0
0.000186914
0.0120817 -0.000335786 -1.28839e-09 -0.000335786 0.0104214 -2.5997e-07 -1.28839e-09 -2.5997e-07 1.03522e-06 
83
0
0
0.000819486
0.0120817 -0.000335789 -1.28919e-09 -0.000335789 0.0104214 -2.5997e-07 -1.28919e-09 -2.5997e-07 1.03522e-06 
84
0
0
0.00122892
0.0120817 -0.00033578 -1.28374e-09 -0.00033578 0.0104214 -2.59969e-07 -1.28374e-09 -2.59969e-07 1.03522e-06 
85
0
0
-0.000131077
0.0120818 -0.00033577 -1.27799e-09 -0.00033577 0.0104214 -2.5997e-07 -1.27799e-09 -2.5997e-07 1.03522e-06 
86
0
0
-6.73355e-05
0.0120817 -0.000335788 -1.28713e-09 -0.000335788 0.0104214 -2.5997e-07 -1.28713e-09 -2.5997e-07 1.03522e-06 
87
0
0
-0.000716283
0.0120817 -0.000335794 -1.28912e-09 -0.000335794 0.0104214 -2.59971e-07 -1.28912e-09 -2.59971e-07 1.03522e-06 
88
0
0
-0.000826265
0.0120817 -0.000335806 -1.29504e-09 -0.000335806 0.0104214 -2.59973e-07 -1.29504e-09 -2.59973e-07 1.03522e-06 
89
0
0
-0.000689366
0.0120817 -0.000335813 -1.29683e-09 -0.000335813 0.0104214 -2.59974e-07 -1.29683e-09 -2.59974e-07 1.03522e-06 
90
0
0
0.000461588
0.0120817 -0.000335813 -1.2951e-09 -0.000335813 0.0104214 -2.59973e-07 -1.2951e-09 -2.59973e-07 1.03522e-06 
91
0
0
0.000609941
0.0120817 -0.000335795 -1.28446e-09 -0.000335795 0.0104214 -2.59972e-07 -1.28446e-09 -2.59972e-07 1.03522e-06 
92
0
0
0.000203605
0.0120817 -0.000335786 -1.27998e-09 -0.000335786 0.0104214 -2.59972e-07 -1.27998e-09 -2.59972e-07 1.03522e-06 
93
0
0
-2.03501e-05
0.0120817 -0.000335789 -1.28058e-09 -0.000335789 0.0104214 -2.59972e-07 -1.28058e-09 -2.59972e-07 1.03522e-06 
94
0
0
-0.000464062
0.0120817 -0.000335793 -1.28147e-09 -0.000335793 0.0104214 -2.59973e-07 -1.28147e-09 -2.59973e-07 1.03522e-06 
95
0
0
-0.000411121
0.0120817 -0.000335802 -1.285e-09 -0.000335802 0.0104214 -2.59973e-07 -1.285e-09 -2.59973e-07 1.03522e-06 
96
0
0
-0.00022487
0.0120817 -0.000335805 -1.28564e-09 -0.000335805 0.0104214 -2.59973e-07 -1.28564e-09 -2.59973e-07 1.03522e-06 
97
0
0
-0.00034047
0.0120817 -0.000335803 -1.28354e-09 -0.000335803 0.0104214 -2.59973e-07 -1.28354e-09 -2.59973e-07 1.03522e-06 
98
0
0
0.000708171
0.0120817 -0.000335804 -1.2836e-09 -0.000335804 0.0104214 -2.59973e-07 -1.2836e-09 -2.59973e-07 1.03522e-06 
99
0
0
-0.000398933
0.0120817 -0.000335788 -1.27366e-09 -0.000335788 0.0104214 -2.59972e-07 -1.27366e-09 -2.59972e-07 1.03522e-06 
100
0
0
-0.00107813
0.0120817 -0.000335799 -1.27914e-09 -0.000335799 0.0104214 -2.59971e-07 -1.27914e-09 -2.59971e-07 1.03522e-06 
101
0
0
-0.000520553
0.0120817 -0.000335814 -1.29313e-09 -0.000335814 0.0104214 -2.5997e-07 -1.29313e-09 -2.5997e-07 1.03522e-06 
102
0
0
-0.000264162
0.0120817 -0.000335811 -1.29506e-09 -0.000335811 0.0104214 -2.5997e-07 -1.29506e-09 -2.5997e-07 1.03522e-06 
103
0
0
-0.000113527
0.0120817 -0.000335806 -1.29404e-09 -0.000335806 0.0104214 -2.59969e-07 -1.29404e-09 -2.59969e-07 1.03522e-06 
104
0
0
0.000907738
0.0120817 -0.000335801 -1.29255e-09 -0.000335801 0.0104214 -2.59968e-07 -1.29255e-09 -2.59968e-07 1.03522e-06 
105
0
0
0.000646173
0.0120817 -0.000335783 -1.28361e-09 -0.000335783 0.0104214 -2.59967e-07 -1.28361e-09 -2.59967e-07 1.03522e-06 
106
0
0
0.000413006
0.0120817 -0.000335781 -1.28297e-09 -0.000335781 0.0104214 -2.59966e-07 -1.28297e-09 -2.59966e-07 1.03522e-06 
107
0
0
0.000944153
0.0120817 -0.000335783 -1.2845e-09 -0.000335783 0.0104214 -2.59966e-07 -1.2845e-09 -2.59966e-07 1.03522e-06 
108
0
0
-0.000414906
0.0120817 -0.000335776 -1.27998e-09 -0.000335776 0.0104214 -2.59966e-07 -1.27998e-09 -2.59966e-07 1.03522e-06 
109
0
0
0.000174743
0.0120817 -0.000335795 -1.28938e-09 -0.000335795 0.0104214 -2.59966e-07 -1.28938e-09 -2.59966e-07 1.03522e-06 
110
0
0
0.000126855
0.0120817 -0.000335793 -1.29314e-09 -0.000335793 0.0104214 -2.5997e-07 -1.29314e-09 -2.5997e-07 1.03522e-06 
111
0
0
0.000666716
0.0120817 -0.000335792 -1.29643e-09 -0.000335792 0.0104214 -2.59972e-07 -1.29643e-09 -2.59972e-07 1.03522e-06 
112
0
0
2.5303e-05
0.0120817 -0.000335784 -1.29313e-09 -0.000335784 0.0104214 -2.59972e-07 -1.29313e-09 -2.59972e-07 1.03522e-06 
113
0
0
-0.000533292
0.0120817 -0.000335791 -1.29765e-09 -0.000335791 0.0104214 -2.59973e-07 -1.29765e-09 -2.59973e-07 1.03522e-06 
114
0
0
0.000559403
0.0120817 -0.000335802 -1.30438e-09 -0.000335802 0.0104214 -2.59972e-07 -1.30438e-09 -2.59972e-07 1.03522e-06 
115
0
0
0.00063963
0.0120817 -0.000335789 -1.29717e-09 -0.000335789 0.0104214 -2.59971e-07 -1.29717e-09 -2.59971e-07 1.03522e-06 
116
0
0
-0.00031482
0.0120817 -0.000335783 -1.29391e-09 -0.000335783 0.0104214 -2.59971e-07 -1.29391e-09 -2.59971e-07 1.03522e-06 
117
0
0
7.30362e-05
0.0120817 -0.000335796 -1.30062e-09 -0.000335796 0.0104214 -2.5997e-07 -1.30062e-09 -2.5997e-07 1.03522e-06 
118
0
0
0.000232665
0.0120817 -0.000335795 -1.29896e-09 -0.000335795 0.0104214 -2.59971e-07 -1.29896e-09 -2.59971e-07 1.03522e-06 
119
0
0
0.000171666
0.0120817 -0.000335792 -1.29668e-09 -0.000335792 0.0104214 -2.59972e-07 -1.29668e-09 -2.59972e-07 1.03522e-06 
120
0
0
0.000834727
0.0120817 -0.000335791 -1.29599e-09 -0.000335791 0.0104214 -2.59973e-07 -1.29599e-09 -2.59973e-07 1.03522e-06 
121
0
0
0.000257792
0.0120817 -0.000335781 -1.28966e-09 -0.000335781 0.0104214 -2.59972e-07 -1.28966e-09 -2.59972e-07 1.03522e-06 
122
0
0
0.000460585
0.0120817 -0.000335786 -1.2921e-09 -0.000335786 0.0104214 -2.59972e-07 -1.2921e-09 -2.59972e-07 1.03522e-06 
123
0
0
0.000332493
0.0120817 -0.000335785 -1.29165e-09 -0.000335785 0.0104214 -2.59972e-07 -1.29165e-09 -2.59972e-07 1.03522e-06 
124
0
0
-0.000758703
0.0120817 -0.000335786 -1.29259e-09 -0.000335786 0.0104214 -2.59971e-07 -1.29259e-09 -2.59971e-07 1.03522e-06 
125
0
0
-4.17924e-05
0.0120817 -0.000335804 -1.30304e-09 -0.000335804 0.0104214 -2.59971e-07 -1.30304e-09 -2.59971e-07 1.03522e-06 
126
0
0
-0.00032805
0.0120817 -0.0003358 -1.30049e-09 -0.0003358 0.0104214 -2.5997e-07 -1.30049e-09 -2.5997e-07 1.03522e-06 
127
0
0
-0.000500003
0.0120817 -0.000335802 -1.30221e-09 -0.000335802 0.0104214 -2.59969e-07 -1.30221e-09 -2.59969e-07 1.03522e-06 
128
0
0
-0.00203728
0.0120817 -0.000335806 -1.30434e-09 -0.000335806 0.0104214 -2.59969e-07 -1.30434e-09 -2.59969e-07 1.03522e-06 
129
0
0
-0.00102585
0.0120817 -0.000335832 -1.31828e-09 -0.000335832 0.0104215 -2.59968e-07 -1.31828e-09 -2.59968e-07 1.03522e-06 
130
0
0
-0.00178933
0.0120817 -0.000335826 -1.314e-09 -0.000335826 0.0104214 -2.59967e-07 -1.314e-09 -2.59967e-07 1.03522e-06 
131
0
0
-0.00305124
0.0120817 -0.000335836 -1.31946e-09 -0.000335836 0.0104215 -2.59966e-07 -1.31946e-09 -2.59966e-07 1.03522e-06 
132
0
0
-0.00208099
0.0120817 -0.000335859 -1.33234e-09 -0.000335859 0.0104215 -2.59965e-07 -1.33234e-09 -2.59965e-07 1.03522e-06 
133
0
0
-0.000205577
0.0120817 -0.000335853 -1.33626e-09 -0.000335853 0.0104215 -2.59966e-07 -1.33626e-09 -2.59966e-07 1.03522e-06 
134
0
0
0.000114138
0.0120817 -0.000335821 -1.32382e-09 -0.000335821 0.0104214 -2.59966e-07 -1.32382e-09 -2.59966e-07 1.03522e-06 
135
0
0
-0.000146368
0.0120817 -0.000335803 -1.31762e-09 -0.000335803 0.0104214 -2.59967e-07 -1.31762e-09 -2.59967e-07 1.03522e-06 
136
0
0
-0.000349775
0.0120817 -0.000335801 -1.3175e-09 -0.000335801 0.0104214 -2.59967e-07 -1.3175e-09 -2.59967e-07 1.03522e-06 
137
0
0
-0.000941911
0.0120817 -0.000335803 -1.31874e-09 -0.000335803 0.0104214 -2.59968e-07 -1.31874e-09 -2.59968e-07 1.03522e-06 
138
0
0
-0.000159312
0.0120817 -0.000335813 -1.32341e-09 -0.000335813 0.0104214 -2.59968e-07 -1.32341e-09 -2.59968e-07 1.03522e-06 
139
0
0
4.17396e-05
0.0120817 -0.000335805 -1.31794e-09 -0.000335805 0.0104214 -2.59968e-07 -1.31794e-09 -2.59968e-07 1.03522e-06 
140
0
0
0.000874151
0.0120817 -0.000335799 -1.31454e-09 -0.000335799 0.0104214 -2.59967e-07 -1.31454e-09 -2.59967e-07 1.03522e-06 
141
0
0
0.000209299
0.0120817 -0.000335783 -1.30658e-09 -0.000335783 0.0104214 -2.59965e-07 -1.30658e-09 -2.59965e-07 1.03522e-06 
142
0
0
0.00108343
0.0120817 -0.000335787 -1.30962e-09 -0.000335787 0.0104214 -2.59962e-07 -1.30962e-09 -2.59962e-07 1.03522e-06 
143
0
0
0.00106122
0.0120817 -0.000335775 -1.30339e-09 -0.000335775 0.0104214 -2.59961e-07 -1.30339e-09 -2.59961e-07 1.03522e-06 
144
0
0
0.0010689
0.0120818 -0.000335771 -1.30163e-09 -0.000335771 0.0104214 -2.5996e-07 -1.30163e-09 -2.5996e-07 1.03522e-06 
145
0
0
0.000931378
0.0120818 -0.000335769 -1.30027e-09 -0.000335769 0.0104214 -2.59962e-07 -1.30027e-09 -2.59962e-07 1.03522e-06 
146
0
0
0.000446959
0.0120818 -0.000335771 -1.30027e-09 -0.000335771 0.0104214 -2.59962e-07 -1.30027e-09 -2.59962e-07 1.03522e-06 
147
0
0
0.000813157
0.0120817 -0.000335779 -1.30422e-09 -0.000335779 0.0104214 -2.59962e-07 -1.30422e-09 -2.59962e-07 1.03522e-06 
148
0
0
0.00118543
0.0120817 -0.000335776 -1.30229e-09 -0.000335776 0.0104214 -2.59962e-07 -1.30229e-09 -2.59962e-07 1.03522e-06 
149
0
0
-0.000100541
0.0120818 -0.00033577 -1.29813e-09 -0.00033577 0.0104214 -2.5996e-07 -1.29813e-09 -2.5996e-07 1.03522e-06 
150
0
0
0.000270404
0.0120817 -0.000335787 -1.30271e-09 -0.000335787 0.0104214 -2.59964e-07 -1.30271e-09 -2.59964e-07 1.03522e-06 
151
0
0
-0.000124004
0.0120817 -0.000335788 -1.29976e-09 -0.000335788 0.0104214 -2.59966e-07 -1.29976e-09 -2.59966e-07 1.03522e-06 
152
0
0
0.000665406
0.0120817 -0.000335795 -1.30159e-09 -0.000335795 0.0104214 -2.59966e-07 -1.30159e-09 -2.59966e-07 1.03522e-06 
153
0
0
0.000184433
0.0120817 -0.000335785 -1.29467e-09 -0.000335785 0.0104214 -2.59967e-07 -1.29467e-09 -2.59967e-07 1.03522e-06 
154
0
0
0.0005827
0.0120817 -0.000335789 -1.29567e-09 -0.000335789 0.0104214 -2.59968e-07 -1.29567e-09 -2.59968e-07 1.03522e-06 
155
0
0
0.000580484
0.0120817 -0.000335784 -1.29314e-09 -0.000335784 0.0104214 -2.59968e-07 -1.29314e-09 -2.59968e-07 1.03522e-06 
156
0
0
0.000681843
0.0120817 -0.000335782 -1.29184e-09 -0.000335782 0.0104214 -2.59967e-07 -1.29184e-09 -2.59967e-07 1.03522e-06 
157
0
0
-0.000443401
0.0120817 -0.00033578 -1.28936e-09 -0.00033578 0.0104214 -2.59966e-07 -1.28936e-09 -2.59966e-07 1.03522e-06 
158
0
0
-0.00049803
0.0120817 -0.000335797 -1.2975e-09 -0.000335797 0.0104214 -2.5997e-07 -1.2975e-09 -2.5997e-07 1.03522e-06 
159
0
0
0.000727464
0.0120817 -0.000335804 -1.30099e-09 -0.000335804 0.0104214 -2.59973e-07 -1.30099e-09 -2.59973e-07 1.03522e-06 
160
0
0
0.00078023
0.0120817 -0.000335787 -1.29134e-09 -0.000335787 0.0104214 -2.59974e-07 -1.29134e-09 -2.59974e-07 1.03522e-06 
161
0
0
0.00182447
0.0120817 -0.00033578 -1.28725e-09 -0.00033578 0.0104214 -2.59975e-07 -1.28725e-09 -2.59975e-07 1.03522e-06 
162
0
0
0.000600469
0.0120818 -0.000335761 -1.27643e-09 -0.000335761 0.0104214 -2.59975e-07 -1.27643e-09 -2.59975e-07 1.03522e-06 
163
0
0
0.000408925
0.0120818 -0.000335773 -1.2834e-09 -0.000335773 0.0104214 -2.59975e-07 -1.2834e-09 -2.59975e-07 1.03522e-06 
164
0
0
-0.000224774
0.0120817 -0.000335781 -1.28694e-09 -0.000335781 0.0104214 -2.59976e-07 -1.28694e-09 -2.59976e-07 1.03522e-06 
165
0
0
-0.000259042
0.0120817 -0.000335793 -1.2951e-09 -0.000335793 0.0104214 -2.59978e-07 -1.2951e-09 -2.59978e-07 1.03522e-06 
166
0
0
0.000493711
0.0120817 -0.000335799 -1.29843e-09 -0.000335799 0.0104214 -2.59979e-07 -1.29843e-09 -2.59979e-07 1.03522e-06 
167
0
0
-0.000148667
0.0120817 -0.000335789 -1.29282e-09 -0.000335789 0.0104214 -2.59978e-07 -1.29282e-09 -2.59978e-07 1.03522e-06 
168
0
0
-0.000219015
0.0120817 -0.000335796 -1.29693e-09 -0.000335796 0.0104214 -2.59977e-07 -1.29693e-09 -2.59977e-07 1.03522e-06 
169
0
0
-0.000245205
0.0120817 -0.000335799 -1.2992e-09 -0.000335799 0.0104214 -2.59977e-07 -1.2992e-09 -2.59977e-07 1.03522e-06 
170
0
0
-0.000167315
0.0120817 -0.000335801 -1.2994e-09 -0.000335801 0.0104214 -2.59978e-07 -1.2994e-09 -2.59978e-07 1.03522e-06 
171
0
0
0.000485757
0.0120817 -0.0003358 -1.29808e-09 -0.0003358 0.0104214 -2.59979e-07 -1.29808e-09 -2.59979e-07 1.03522e-06 
172
0
0
6.87285e-05
0.0120817 -0.00033579 -1.2914e-09 -0.00033579 0.0104214 -2.59979e-07 -1.2914e-09 -2.59979e-07 1.03522e-06 
173
0
0
0.001383
0.0120817 -0.000335792 -1.29352e-09 -0.000335792 0.0104214 -2.59981e-07 -1.29352e-09 -2.59981e-07 1.03522e-06 
174
0
0
0.00120074
0.0120818 -0.000335772 -1.28335e-09 -0.000335772 0.0104214 -2.59982e-07 -1.28335e-09 -2.59982e-07 1.03522e-06 
175
0
0
0.000618096
0.0120818 -0.000335768 -1.28191e-09 -0.000335768 0.0104214 -2.59982e-07 -1.28191e-09 -2.59982e-07 1.03522e-06 
176
0
0
0.000926085
0.0120818 -0.000335775 -1.28683e-09 -0.000335775 0.0104214 -2.59981e-07 -1.28683e-09 -2.59981e-07 1.03522e-06 
177
0
0
-0.000373283
0.0120818 -0.000335773 -1.28594e-09 -0.000335773 0.0104214 -2.59981e-07 -1.28594e-09 -2.59981e-07 1.03522e-06 
178
0
0
-0.000126025
0.0120817 -0.000335793 -1.29677e-09 -0.000335793 0.0104214 -2.5998e-07 -1.29677e-09 -2.5998e-07 1.03522e-06 
179
0
0
6.00177e-05
0.0120817 -0.000335797 -1.29828e-09 -0.000335797 0.0104214 -2.5998e-07 -1.29828e-09 -2.5998e-07 1.03522e-06 
180
0
0
-0.000299022
0.0120817 -0.000335795 -1.2964e-09 -0.000335795 0.0104214 -2.59981e-07 -1.2964e-09 -2.59981e-07 1.03522e-06 
181
0
0
-0.000800468
0.0120817 -0.0003358 -1.29859e-09 -0.0003358 0.0104214 -2.59984e-07 -1.29859e-09 -2.59984e-07 1.03522e-06 
182
0
0
-1.04455e-06
0.0120817 -0.00033581 -1.30358e-09 -0.00033581 0.0104214 -2.59987e-07 -1.30358e-09 -2.59987e-07 1.03522e-06 
183
0
0
0.00016587
0.0120817 -0.000335801 -1.29815e-09 -0.000335801 0.0104214 -2.59988e-07 -1.29815e-09 -2.59988e-07 1.03522e-06 
184
0
0
0.000215139
0.0120817 -0.000335795 -1.29451e-09 -0.000335795 0.0104214 -2.59989e-07 -1.29451e-09 -2.59989e-07 1.03522e-06 
185
0
0
0.000613306
0.0120817 -0.000335792 -1.29339e-09 -0.000335792 0.0104214 -2.5999e-07 -1.29339e-09 -2.5999e-07 1.03522e-06 
186
0
0
0.00165427
0.0120817 -0.000335785 -1.28941e-09 -0.000335785 0.0104214 -2.59989e-07 -1.28941e-09 -2.59989e-07 1.03522e-06 
187
0
0
0.0016538
0.0120818 -0.000335765 -1.27853e-09 -0.000335765 0.0104214 -2.59988e-07 -1.27853e-09 -2.59988e-07 1.03522e-06 
188
0
0
0.00111981
0.0120818 -0.000335758 -1.27426e-09 -0.000335758 0.0104214 -2.59986e-07 -1.27426e-09 -2.59986e-07 1.03522e-06 
189
0
0
0.000704613
0.0120818 -0.000335764 -1.27716e-09 -0.000335764 0.0104214 -2.59985e-07 -1.27716e-09 -2.59985e-07 1.03522e-06 
190
0
0
0.00178632
0.0120818 -0.000335772 -1.28547e-09 -0.000335772 0.0104214 -2.59987e-07 -1.28547e-09 -2.59987e-07 1.03522e-06 
191
0
0
0.00151709
0.0120818 -0.000335758 -1.27958e-09 -0.000335758 0.0104214 -2.59988e-07 -1.27958e-09 -2.59988e-07 1.03522e-06 
192
0
0
-0.000871701
0.0120818 -0.000335757 -1.28199e-09 -0.000335757 0.0104214 -2.59991e-07 -1.28199e-09 -2.59991e-07 1.03522e-06 
193
0
0
0.00069676
0.0120817 -0.000335795 -1.30246e-09 -0.000335795 0.0104214 -2.5999e-07 -1.30246e-09 -2.5999e-07 1.03522e-06 
194
0
0
0.00125109
0.0120817 -0.000335784 -1.29257e-09 -0.000335784 0.0104214 -2.59989e-07 -1.29257e-09 -2.59989e-07 1.03522e-06 
195
0
0
0.000269665
0.0120818 -0.000335772 -1.28536e-09 -0.000335772 0.0104214 -2.59989e-07 -1.28536e-09 -2.59989e-07 1.03522e-06 
196
0
0
-1.64738e-05
0.0120817 -0.000335782 -1.29379e-09 -0.000335782 0.0104214 -2.59988e-07 -1.29379e-09 -2.59988e-07 1.03522e-06 
197
0
0
-0.00040478
0.0120817 -0.000335791 -1.29437e-09 -0.000335791 0.0104214 -2.59987e-07 -1.29437e-09 -2.59987e-07 1.03522e-06 
198
0
0
-0.000754123
0.0120817 -0.0003358 -1.29537e-09 -0.0003358 0.0104214 -2.59988e-07 -1.29537e-09 -2.59988e-07 1.03522e-06 
199
0
0
0.000750754
0.0120817 -0.000335809 -1.29674e-09 -0.000335809 0.0104214 -2.59989e-07 -1.29674e-09 -2.59989e-07 1.03522e-06 
200
0
0
0.000772365
0.0120817 -0.000335789 -1.2835e-09 -0.000335789 0.0104214 -2.59989e-07 -1.2835e-09 -2.59989e-07 1.03522e-06 
201
0
0
0.000593954
0.0120817 -0.000335781 -1.27944e-09 -0.000335781 0.0104214 -2.5999e-07 -1.27944e-09 -2.5999e-07 1.03522e-06 
202
0
0
-0.000421248
0.0120817 -0.000335781 -1.27976e-09 -0.000335781 0.0104214 -2.5999e-07 -1.27976e-09 -2.5999e-07 1.03522e-06 
203
0
0
-0.000479292
0.0120817 -0.000335797 -1.28723e-09 -0.000335797 0.0104214 -2.59988e-07 -1.28723e-09 -2.59988e-07 1.03522e-06 
204
0
0
-0.000705052
0.0120817 -0.000335804 -1.2889e-09 -0.000335804 0.0104214 -2.59987e-07 -1.2889e-09 -2.59987e-07 1.03522e-06 
205
0
0
0.00016515
0.0120817 -0.00033581 -1.29038e-09 -0.00033581 0.0104214 -2.5999e-07 -1.29038e-09 -2.5999e-07 1.03522e-06 
206
0
0
0.00030206
0.0120817 -0.000335799 -1.28329e-09 -0.000335799 0.0104214 -2.59993e-07 -1.28329e-09 -2.59993e-07 1.03522e-06 
207
0
0
0.000731599
0.0120817 -0.000335792 -1.27881e-09 -0.000335792 0.0104214 -2.59993e-07 -1.27881e-09 -2.59993e-07 1.03522e-06 
208
0
0
0.000620225
0.0120817 -0.000335783 -1.2723e-09 -0.000335783 0.0104214 -2.59993e-07 -1.2723e-09 -2.59993e-07 1.03522e-06 
209
0
0
0.000717881
0.0120817 -0.000335781 -1.27068e-09 -0.000335781 0.0104214 -2.59992e-07 -1.27068e-09 -2.59992e-07 1.03522e-06 
210
0
0
0.000385803
0.0120817 -0.000335779 -1.26985e-09 -0.000335779 0.0104214 -2.5999e-07 -1.26985e-09 -2.5999e-07 1.03522e-06 
211
0
0
-0.000379953
0.0120817 -0.000335783 -1.27307e-09 -0.000335783 0.0104214 -2.5999e-07 -1.27307e-09 -2.5999e-07 1.03522e-06 
212
0
0
-0.00017495
0.0120817 -0.000335797 -1.28008e-09 -0.000335797 0.0104214 -2.59992e-07 -1.28008e-09 -2.59992e-07 1.03522e-06 
213
0
0
0.000243001
0.0120817 -0.000335799 -1.28012e-09 -0.000335799 0.0104214 -2.59995e-07 -1.28012e-09 -2.59995e-07 1.03522e-06 
214
0
0
0.000324005
0.0120817 -0.000335793 -1.27642e-09 -0.000335793 0.0104214 -2.59996e-07 -1.27642e-09 -2.59996e-07 1.03522e-06 
215
0
0
-0.000551327
0.0120817 -0.00033579 -1.27444e-09 -0.00033579 0.0104214 -2.59997e-07 -1.27444e-09 -2.59997e-07 1.03522e-06 
216
0
0
-0.000224194
0.0120817 -0.000335802 -1.28114e-09 -0.000335802 0.0104214 -2.59996e-07 -1.28114e-09 -2.59996e-07 1.03522e-06 
217
0
0
0.000784374
0.0120817 -0.000335802 -1.27999e-09 -0.000335802 0.0104214 -2.59996e-07 -1.27999e-09 -2.59996e-07 1.03522e-06 
218
0
0
-7.98621e-06
0.0120817 -0.000335786 -1.27072e-09 -0.000335786 0.0104214 -2.59995e-07 -1.27072e-09 -2.59995e-07 1.03522e-06 
219
0
0
-0.00124985
0.0120817 -0.000335792 -1.27342e-09 -0.000335792 0.0104214 -2.59995e-07 -1.27342e-09 -2.59995e-07 1.03522e-06 
220
0
0
-0.000787461
0.0120817 -0.000335814 -1.28338e-09 -0.000335814 0.0104214 -2.59994e-07 -1.28338e-09 -2.59994e-07 1.03522e-06 
221
0
0
-0.000383024
0.0120817 -0.000335815 -1.29678e-09 -0.000335815 0.0104214 -2.59994e-07 -1.29678e-09 -2.59994e-07 1.03522e-06 
222
0
0
0.000150013
0.0120817 -0.000335809 -1.30365e-09 -0.000335809 0.0104214 -2.59994e-07 -1.30365e-09 -2.59994e-07 1.03522e-06 
223
0
0
-0.000110986
0.0120817 -0.000335798 -1.30456e-09 -0.000335798 0.0104214 -2.59994e-07 -1.30456e-09 -2.59994e-07 1.03522e-06 
224
0
0
0.000817134
0.0120817 -0.000335798 -1.30924e-09 -0.000335798 0.0104214 -2.59994e-07 -1.30924e-09 -2.59994e-07 1.03522e-06 
225
0
0
0.00108269
0.0120817 -0.000335784 -1.3038e-09 -0.000335784 0.0104214 -2.59995e-07 -1.3038e-09 -2.59995e-07 1.03522e-06 
226
0
0
-0.000214206
0.0120817 -0.000335774 -1.29997e-09 -0.000335774 0.0104214 -2.59994e-07 -1.29997e-09 -2.59994e-07 1.03522e-06 
227
0
0
0.000453282
0.0120817 -0.000335791 -1.30946e-09 -0.000335791 0.0104214 -2.59993e-07 -1.30946e-09 -2.59993e-07 1.03522e-06 
228
0
0
0.000113222
0.0120817 -0.000335787 -1.30694e-09 -0.000335787 0.0104214 -2.59992e-07 -1.30694e-09 -2.59992e-07 1.03522e-06 
229
0
0
-0.000283443
0.0120817 -0.00033579 -1.30834e-09 -0.00033579 0.0104214 -2.59991e-07 -1.30834e-09 -2.59991e-07 1.03522e-06 
230
0
0
-3.33235e-05
0.0120817 -0.000335798 -1.31674e-09 -0.000335798 0.0104214 -2.5999e-07 -1.31674e-09 -2.5999e-07 1.03522e-06 
231
0
0
-0.000658021
0.0120817 -0.000335797 -1.31879e-09 -0.000335797 0.0104214 -2.5999e-07 -1.31879e-09 -2.5999e-07 1.03522e-06 
232
0
0
0.000280712
0.0120817 -0.000335807 -1.32564e-09 -0.000335807 0.0104214 -2.59991e-07 -1.32564e-09 -2.59991e-07 1.03522e-06 
233
0
0
-0.000339138
0.0120817 -0.000335795 -1.31962e-09 -0.000335795 0.0104214 -2.59992e-07 -1.31962e-09 -2.59992e-07 1.03522e-06 
234
0
0
1.08315e-05
0.0120817 -0.000335801 -1.32307e-09 -0.000335801 0.0104214 -2.59992e-07 -1.32307e-09 -2.59992e-07 1.03522e-06 
235
0
0
0.00028183
0.0120817 -0.000335798 -1.32096e-09 -0.000335798 0.0104214 -2.59992e-07 -1.32096e-09 -2.59992e-07 1.03522e-06 
236
0
0
0.000591329
0.0120817 -0.000335792 -1.31717e-09 -0.000335792 0.0104214 -2.59991e-07 -1.31717e-09 -2.59991e-07 1.03522e-06 
237
0
0
-0.00158799
0.0120817 -0.000335785 -1.3142e-09 -0.000335785 0.0104214 -2.59992e-07 -1.3142e-09 -2.59992e-07 1.03522e-06 
238
0
0
0.000389111
0.0120817 -0.000335817 -1.33593e-09 -0.000335817 0.0104214 -2.59987e-07 -1.33593e-09 -2.59987e-07 1.03522e-06 
239
0
0
-0.000465522
0.0120817 -0.000335798 -1.32616e-09 -0.000335798 0.0104214 -2.59984e-07 -1.32616e-09 -2.59984e-07 1.03522e-06 
240
0
0
-0.00050656
0.0120817 -0.000335804 -1.32974e-09 -0.000335804 0.0104214 -2.59983e-07 -1.32974e-09 -2.59983e-07 1.03522e-06 
241
0
0
-0.000934402
0.0120817 -0.000335807 -1.33111e-09 -0.000335807 0.0104214 -2.59983e-07 -1.33111e-09 -2.59983e-07 1.03522e-06 
242
0
0
-3.84985e-05
0.0120817 -0.000335815 -1.33472e-09 -0.000335815 0.0104214 -2.59983e-07 -1.33472e-09 -2.59983e-07 1.03522e-06 
243
0
0
0.000395906
0.0120817 -0.000335804 -1.32741e-09 -0.000335804 0.0104214 -2.59981e-07 -1.32741e-09 -2.59981e-07 1.03522e-06 
244
0
0
-0.000560949
0.0120817 -0.000335792 -1.32066e-09 -0.000335792 0.0104214 -2.5998e-07 -1.32066e-09 -2.5998e-07 1.03522e-06 
245
0
0
-0.000303188
0.0120817 -0.000335803 -1.32763e-09 -0.000335803 0.0104214 -2.59975e-07 -1.32763e-09 -2.59975e-07 1.03522e-06 
246
0
0
0.000777538
0.0120817 -0.000335803 -1.32801e-09 -0.000335803 0.0104214 -2.59974e-07 -1.32801e-09 -2.59974e-07 1.03522e-06 
247
0
0
0.000572593
0.0120817 -0.000335786 -1.31926e-09 -0.000335786 0.0104214 -2.59973e-07 -1.31926e-09 -2.59973e-07 1.03522e-06 
248
0
0
0.00017375
0.0120817 -0.000335783 -1.31733e-09 -0.000335783 0.0104214 -2.59973e-07 -1.31733e-09 -2.59973e-07 1.03522e-06 
249
0
0
-0.000647762
0.0120817 -0.000335788 -1.31951e-09 -0.000335788 0.0104214 -2.59971e-07 -1.31951e-09 -2.59971e-07 1.03522e-06 
250
0
0
-0.000690986
0.0120817 -0.000335803 -1.32831e-09 -0.000335803 0.0104214 -2.59969e-07 -1.32831e-09 -2.59969e-07 1.03522e-06 
251
0
0
-0.000576919
0.0120817 -0.000335809 -1.33225e-09 -0.000335809 0.0104214 -2.59969e-07 -1.33225e-09 -2.59969e-07 1.03522e-06 
252
0
0
9.15509e-05
0.0120817 -0.00033581 -1.33141e-09 -0.00033581 0.0104214 -2.5997e-07 -1.33141e-09 -2.5997e-07 1.03522e-06 
253
0
0
-0.000673139
0.0120817 -0.0003358 -1.32773e-09 -0.0003358 0.0104214 -2.5997e-07 -1.32773e-09 -2.5997e-07 1.03522e-06 
254
0
0
0.000619159
0.0120817 -0.000335808 -1.33424e-09 -0.000335808 0.0104214 -2.59969e-07 -1.33424e-09 -2.59969e-07 1.03522e-06 
255
0
0
-7.61721e-05
0.0120817 -0.00033579 -1.32654e-09 -0.00033579 0.0104214 -2.59969e-07 -1.32654e-09 -2.59969e-07 1.03522e-06 
256
0
0
-0.000143973
0.0120817 -0.000335795 -1.33062e-09 -0.000335795 0.0104214 -2.59968e-07 -1.33062e-09 -2.59968e-07 1.03522e-06 
257
0
0
-0.000368877
0.0120817 -0.000335798 -1.33175e-09 -0.000335798 0.0104214 -2.59968e-07 -1.33175e-09 -2.59968e-07 1.03522e-06 
258
0
0
-0.000526837
0.0120817 -0.000335802 -1.33308e-09 -0.000335802 0.0104214 -2.59968e-07 -1.33308e-09 -2.59968e-07 1.03522e-06 
259
0
0
-2.61502e-05
0.0120817 -0.000335807 -1.33502e-09 -0.000335807 0.0104214 -2.59967e-07 -1.33502e-09 -2.59967e-07 1.03522e-06 
260
0
0
-8.36349e-05
0.0120817 -0.0003358 -1.33181e-09 -0.0003358 0.0104214 -2.59968e-07 -1.33181e-09 -2.59968e-07 1.03522e-06 
261
0
0
0.000435796
0.0120817 -0.000335799 -1.33078e-09 -0.000335799 0.0104214 -2.59967e-07 -1.33078e-09 -2.59967e-07 1.03522e-06 
262
0
0
0.000430736
0.0120817 -0.00033579 -1.32709e-09 -0.00033579 0.0104214 -2.59967e-07 -1.32709e-09 -2.59967e-07 1.03522e-06 
263
0
0
0.000269988
0.0120817 -0.000335787 -1.32602e-09 -0.000335787 0.0104214 -2.59967e-07 -1.32602e-09 -2.59967e-07 1.03522e-06 
264
0
0
-0.000766851
0.0120817 -0.000335788 -1.32739e-09 -0.000335788 0.0104214 -2.59967e-07 -1.32739e-09 -2.59967e-07 1.03522e-06 
265
0
0
1.55801e-05
0.0120817 -0.000335805 -1.33681e-09 -0.000335805 0.0104214 -2.59968e-07 -1.33681e-09 -2.59968e-07 1.03522e-06 
266
0
0
-0.000277403
0.0120817 -0.000335799 -1.33278e-09 -0.000335799 0.0104214 -2.59968e-07 -1.33278e-09 -2.59968e-07 1.03522e-06 
267
0
0
0.000933875
0.0120817 -0.000335801 -1.33325e-09 -0.000335801 0.0104214 -2.59968e-07 -1.33325e-09 -2.59968e-07 1.03522e-06 
268
0
0
-3.14096e-05
0.0120817 -0.000335783 -1.32313e-09 -0.000335783 0.0104214 -2.59967e-07 -1.32313e-09 -2.59967e-07 1.03522e-06 
269
0
0
-0.00090409
0.0120817 -0.000335791 -1.32784e-09 -0.000335791 0.0104214 -2.59966e-07 -1.32784e-09 -2.59966e-07 1.03522e-06 
270
0
0
-0.000477922
0.0120817 -0.000335808 -1.3364e-09 -0.000335808 0.0104214 -2.59965e-07 -1.3364e-09 -2.59965e-07 1.03522e-06 
271
0
0
-0.000283854
0.0120817 -0.000335808 -1.33511e-09 -0.000335808 0.0104214 -2.59963e-07 -1.33511e-09 -2.59963e-07 1.03522e-06 
272
0
0
-0.000243182
0.0120817 -0.000335805 -1.3324e-09 -0.000335805 0.0104214 -2.59963e-07 -1.3324e-09 -2.59963e-07 1.03522e-06 
273
0
0
-0.00081852
0.0120817 -0.000335803 -1.33138e-09 -0.000335803 0.0104214 -2.59963e-07 -1.33138e-09 -2.59963e-07 1.03522e-06 
274
0
0
-0.00025249
0.0120817 -0.000335811 -1.33635e-09 -0.000335811 0.0104214 -2.59962e-07 -1.33635e-09 -2.59962e-07 1.03522e-06 
275
0
0
-0.000357018
0.0120817 -0.000335806 -1.33285e-09 -0.000335806 0.0104214 -2.59962e-07 -1.33285e-09 -2.59962e-07 1.03522e-06 
276
0
0
-0.000275391
0.0120817 -0.000335805 -1.33179e-09 -0.000335805 0.0104214 -2.59962e-07 -1.33179e-09 -2.59962e-07 1.03522e-06 
277
0
0
0.000724218
0.0120817 -0.000335804 -1.33201e-09 -0.000335804 0.0104214 -2.59962e-07 -1.33201e-09 -2.59962e-07 1.03522e-06 
278
0
0
0.000248137
0.0120817 -0.000335787 -1.32408e-09 -0.000335787 0.0104214 -2.59963e-07 -1.32408e-09 -2.59963e-07 1.03522e-06 
279
0
0
0.000799593
0.0120817 -0.000335788 -1.32548e-09 -0.000335788 0.0104214 -2.59963e-07 -1.32548e-09 -2.59963e-07 1.03522e-06 
280
0
0
-0.000220986
0.0120817 -0.00033578 -1.32025e-09 -0.00033578 0.0104214 -2.59962e-07 -1.32025e-09 -2.59962e-07 1.03522e-06 
281
0
0
0.000462709
0.0120817 -0.000335793 -1.32657e-09 -0.000335793 0.0104214 -2.59963e-07 -1.32657e-09 -2.59963e-07 1.03522e-06 
282
0
0
-0.000416236
0.0120817 -0.000335787 -1.3221e-09 -0.000335787 0.0104214 -2.59963e-07 -1.3221e-09 -2.59963e-07 1.03522e-06 
283
0
0
0.00125605
0.0120817 -0.000335799 -1.32745e-09 -0.000335799 0.0104214 -2.59963e-07 -1.32745e-09 -2.59963e-07 1.03522e-06 
284
0
0
0.000178655
0.0120817 -0.000335777 -1.31457e-09 -0.000335777 0.0104214 -2.59963e-07 -1.31457e-09 -2.59963e-07 1.03522e-06 
285
0
0
0.000618541
0.0120817 -0.000335786 -1.32071e-09 -0.000335786 0.0104214 -2.59965e-07 -1.32071e-09 -2.59965e-07 1.03522e-06 
286
0
0
0.00057825
0.0120817 -0.000335782 -1.31926e-09 -0.000335782 0.0104214 -2.59966e-07 -1.31926e-09 -2.59966e-07 1.03522e-06 
287
0
0
0.000338279
0.0120817 -0.000335781 -1.31938e-09 -0.000335781 0.0104214 -2.59967e-07 -1.31938e-09 -2.59967e-07 1.03522e-06 
288
0
0
0.000129413
0.0120817 -0.000335785 -1.3216e-09 -0.000335785 0.0104214 -2.59967e-07 -1.3216e-09 -2.59967e-07 1.03522e-06 
289
0
0
-0.000907041
0.0120817 -0.000335789 -1.32455e-09 -0.000335789 0.0104214 -2.59967e-07 -1.32455e-09 -2.59967e-07 1.03522e-06 
290
0
0
-1.5969e-05
0.0120817 -0.000335808 -1.33512e-09 -0.000335808 0.0104214 -2.59966e-07 -1.33512e-09 -2.59966e-07 1.03522e-06 
291
0
0
-0.000250597
0.0120817 -0.000335801 -1.33048e-09 -0.000335801 0.0104214 -2.59966e-07 -1.33048e-09 -2.59966e-07 1.03522e-06 
292
0
0
-0.000322218
0.0120817 -0.000335801 -1.33027e-09 -0.000335801 0.0104214 -2.59966e-07 -1.33027e-09 -2.59966e-07 1.03522e-06 
293
0
0
-0.000205423
0.0120817 -0.000335803 -1.33316e-09 -0.000335803 0.0104214 -2.59967e-07 -1.33316e-09 -2.59967e-07 1.03522e-06 
294
0
0
0.000509662
0.0120817 -0.000335802 -1.33441e-09 -0.000335802 0.0104214 -2.59967e-07 -1.33441e-09 -2.59967e-07 1.03522e-06 
295
0
0
-0.000195436
0.0120817 -0.00033579 -1.32919e-09 -0.00033579 0.0104214 -2.59966e-07 -1.32919e-09 -2.59966e-07 1.03522e-06 
296
0
0
-0.000810351
0.0120817 -0.000335797 -1.33327e-09 -0.000335797 0.0104214 -2.59967e-07 -1.33327e-09 -2.59967e-07 1.03522e-06 
297
0
0
0.000145503
0.0120817 -0.000335809 -1.33979e-09 -0.000335809 0.0104214 -2.59968e-07 -1.33979e-09 -2.59968e-07 1.03522e-06 
298
0
0
-0.000420764
0.0120817 -0.000335798 -1.33407e-09 -0.000335798 0.0104214 -2.59968e-07 -1.33407e-09 -2.59968e-07 1.03522e-06 
299
0
0
8.23418e-05
0.0120817 -0.000335803 -1.33735e-09 -0.000335803 0.0104214 -2.59968e-07 -1.33735e-09 -2.59968e-07 1.03522e-06 
300
0
0
0.000585235
0.0120817 -0.000335797 -1.33357e-09 -0.000335797 0.0104214 -2.59968e-07 -1.33357e-09 -2.59968e-07 1.03522e-06 
301
0
0
0.000246105
0.0120817 -0.000335787 -1.33119e-09 -0.000335787 0.0104214 -2.59966e-07 -1.33119e-09 -2.59966e-07 1.03522e-06 
302
0
0
0.000754377
0.0120817 -0.000335788 -1.33508e-09 -0.000335788 0.0104214 -2.59965e-07 -1.33508e-09 -2.59965e-07 1.03522e-06 
303
0
0
0.000483344
0.0120817 -0.000335781 -1.33624e-09 -0.000335781 0.0104214 -2.59965e-07 -1.33624e-09 -2.59965e-07 1.03522e-06 
304
0
0
-4.59922e-05
0.0120817 -0.000335782 -1.33529e-09 -0.000335782 0.0104214 -2.59966e-07 -1.33529e-09 -2.59966e-07 1.03522e-06 
305
0
0
-0.000710668
0.0120817 -0.000335791 -1.33753e-09 -0.000335791 0.0104214 -2.59967e-07 -1.33753e-09 -2.59967e-07 1.03522e-06 
306
0
0
0.000289948
0.0120817 -0.000335805 -1.34411e-09 -0.000335805 0.0104214 -2.59968e-07 -1.34411e-09 -2.59968e-07 1.03522e-06 
307
0
0
0.000831739
