0
0
0
-0.00139461
0.00632102 -7.44339e-05 -4.31087e-09 -7.44339e-05 0.0065425 -1.42373e-07 -4.31087e-09 -1.42373e-07 1.21851e-06 
1
0
0
-0.00117237
0.0093053 -0.000180882 -4.21284e-09 -0.000180882 0.00905162 -1.84363e-07 -4.21284e-09 -1.84363e-07 1.03651e-06 
2
0
0
-0.000334691
0.0107701 -0.000255991 -3.7546e-09 -0.000255991 0.0099657 -2.08425e-07 -3.7546e-09 -2.08425e-07 1.03685e-06 
3
0
0
0.000874312
0.0114639 -0.000297133 -3.3317e-09 -0.000297133 0.010272 -2.19342e-07 -3.3317e-09 -2.19342e-07 1.0371e-06 
4
0
0
0.000505674
0.0117902 -0.000317548 -3.03191e-09 -0.000317548 0.0103719 -2.25002e-07 -3.03191e-09 -2.25002e-07 1.03671e-06 
5
0
0
0.000180724
0.0119437 -0.000327269 -2.82953e-09 -0.000327269 0.0104043 -2.28793e-07 -2.82953e-09 -2.28793e-07 1.03631e-06 
6
0
0
0.000967014
0.0120159 -0.000331813 -2.67993e-09 -0.000331813 0.0104149 -2.31874e-07 -2.67993e-09 -2.31874e-07 1.036e-06 
7
0
0
0.001245
0.01205 -0.000333906 -2.55084e-09 -0.000333906 0.0104184 -2.34616e-07 -2.55084e-09 -2.34616e-07 1.03576e-06 
8
0
0
0.00062568
0.0120662 -0.000334871 -2.42504e-09 -0.000334871 0.0104197 -2.37132e-07 -2.42504e-09 -2.37132e-07 1.03558e-06 
9
0
0
0.000914361
0.0120739 -0.00033533 -2.31673e-09 -0.00033533 0.0104202 -2.39452e-07 -2.31673e-09 -2.39452e-07 1.03545e-06 
10
0
0
0.000842294
0.0120777 -0.000335541 -2.21367e-09 -0.000335541 0.0104204 -2.41587e-07 -2.21367e-09 -2.41587e-07 1.03535e-06 
11
0
0
0.00123867
0.0120795 -0.000335644 -2.12133e-09 -0.000335644 0.0104206 -2.43543e-07 -2.12133e-09 -2.43543e-07 1.03528e-06 
12
0
0
0.000175667
0.0120805 -0.000335688 -2.03524e-09 -0.000335688 0.0104207 -2.45329e-07 -2.03524e-09 -2.45329e-07 1.03523e-06 
13
0
0
0.0010629
0.0120809 -0.000335729 -1.96768e-09 -0.000335729 0.0104208 -2.4695e-07 -1.96768e-09 -2.4695e-07 1.03519e-06 
14
0
0
0.000637529
0.0120812 -0.000335735 -1.89408e-09 -0.000335735 0.0104209 -2.48415e-07 -1.89408e-09 -2.48415e-07 1.03517e-06 
15
0
0
0.000917686
0.0120814 -0.000335747 -1.8327e-09 -0.000335747 0.010421 -2.49734e-07 -1.8327e-09 -2.49734e-07 1.03515e-06 
16
0
0
0.000410198
0.0120815 -0.00033575 -1.78021e-09 -0.00033575 0.010421 -2.50914e-07 -1.78021e-09 -2.50914e-07 1.03514e-06 
17
0
0
0.000843462
0.0120815 -0.000335761 -1.73654e-09 -0.000335761 0.0104211 -2.51968e-07 -1.73654e-09 -2.51968e-07 1.03514e-06 
18
0
0
0.00226833
0.0120816 -0.00033576 -1.69103e-09 -0.00033576 0.0104211 -2.52905e-07 -1.69103e-09 -2.52905e-07 1.03514e-06 
19
0
0
0.00147002
0.0120816 -0.000335739 -1.63982e-09 -0.000335739 0.0104212 -2.53735e-07 -1.63982e-09 -2.53735e-07 1.03514e-06 
20
0
0
0.00183191
0.0120817 -0.000335744 -1.60888e-09 -0.000335744 0.0104212 -2.54469e-07 -1.60888e-09 -2.54469e-07 1.03514e-06 
21
0
0
0.00106196
0.0120817 -0.000335742 -1.57775e-09 -0.000335742 0.0104212 -2.55114e-07 -1.57775e-09 -2.55114e-07 1.03515e-06 
22
0
0
0.0033816
0.0120817 -0.000335754 -1.55849e-09 -0.000335754 0.0104212 -2.5568e-07 -1.55849e-09 -2.5568e-07 1.03515e-06 
23
0
0
0.00273356
0.0120817 -0.000335722 -1.51951e-09 -0.000335722 0.0104213 -2.56176e-07 -1.51951e-09 -2.56176e-07 1.03516e-06 
24
0
0
0.00279022
0.0120817 -0.000335721 -1.49365e-09 -0.000335721 0.0104213 -2.56612e-07 -1.49365e-09 -2.56612e-07 1.03516e-06 
25
0.0522467
0
0.00395595
0.0120818 -0.00033572 -1.47237e-09 -0.00033572 0.0104213 -2.56997e-07 -1.47237e-09 -2.56997e-07 1.03517e-06 
26
0.0585654
0
0.00344084
0.0120818 -0.000335702 -1.44379e-09 -0.000335702 0.0104213 -2.57333e-07 -1.44379e-09 -2.57333e-07 1.03517e-06 
27
0.0650905
0
0.00480812
0.0120818 -0.000335703 -1.42985e-09 -0.000335703 0.0104213 -2.57625e-07 -1.42985e-09 -2.57625e-07 1.03518e-06 
28
0.0717343
0
0.0043479
0.0120818 -0.000335682 -1.40854e-09 -0.000335682 0.0104213 -2.57879e-07 -1.40854e-09 -2.57879e-07 1.03518e-06 
29
0.0786818
0
0.0053987
0.0120818 -0.000335682 -1.40295e-09 -0.000335682 0.0104213 -2.58099e-07 -1.40295e-09 -2.58099e-07 1.03519e-06 
30
0.0858686
0
0.0062316
0.0120818 -0.000335665 -1.38883e-09 -0.000335665 0.0104213 -2.58289e-07 -1.38883e-09 -2.58289e-07 1.03519e-06 
31
0.0868175
0
0.00651562
0.0120818 -0.000335646 -1.37259e-09 -0.000335646 0.0104213 -2.58453e-07 -1.37259e-09 -2.58453e-07 1.03519e-06 
32
0.0910896
0
0.00701683
0.0120818 -0.000335634 -1.33813e-09 -0.000335634 0.0104213 -2.58608e-07 -1.33813e-09 -2.58608e-07 1.0352e-06 
33
0.0959891
0
0.00892773
0.0120818 -0.000335622 -1.31493e-09 -0.000335622 0.0104213 -2.58737e-07 -1.31493e-09 -2.58737e-07 1.0352e-06 
34
0.0997476
0
0.00837933
0.0120818 -0.000335587 -1.2879e-09 -0.000335587 0.0104213 -2.58847e-07 -1.2879e-09 -2.58847e-07 1.0352e-06 
35
0.103235
0
0.00646948
0.0120819 -0.000335583 -1.27925e-09 -0.000335583 0.0104213 -2.58943e-07 -1.27925e-09 -2.58943e-07 1.0352e-06 
36
0.108735
0
0.00573814
0.0120818 -0.000335611 -1.28742e-09 -0.000335611 0.0104214 -2.59026e-07 -1.28742e-09 -2.59026e-07 1.03521e-06 
37
0.114884
0
0.00839057
0.0120818 -0.000335634 -1.29596e-09 -0.000335634 0.0104214 -2.59093e-07 -1.29596e-09 -2.59093e-07 1.03521e-06 
38
0.120309
0
0.00922518
0.0120818 -0.000335601 -1.27946e-09 -0.000335601 0.0104214 -2.59148e-07 -1.27946e-09 -2.59148e-07 1.03521e-06 
39
0.119017
0
0.0104951
0.0120819 -0.000335575 -1.26955e-09 -0.000335575 0.0104213 -2.59195e-07 -1.26955e-09 -2.59195e-07 1.03521e-06 
40
0.118722
0
0.0114415
0.0120819 -0.000335545 -1.22411e-09 -0.000335545 0.0104213 -2.59251e-07 -1.22411e-09 -2.59251e-07 1.03521e-06 
41
0.119182
0
0.00763726
0.0120819 -0.000335518 -1.18787e-09 -0.000335518 0.0104213 -2.59299e-07 -1.18787e-09 -2.59299e-07 1.03521e-06 
42
0.122443
0
0.00561666
0.0120819 -0.000335569 -1.20231e-09 -0.000335569 0.0104214 -2.59339e-07 -1.20231e-09 -2.59339e-07 1.03521e-06 
43
0.127553
0
0.00858574
0.0120818 -0.00033562 -1.22211e-09 -0.00033562 0.0104214 -2.59366e-07 -1.22211e-09 -2.59366e-07 1.03522e-06 
44
0.132143
0
0.0117683
0.0120818 -0.000335593 -1.20519e-09 -0.000335593 0.0104214 -2.59384e-07 -1.20519e-09 -2.59384e-07 1.03522e-06 
45
0.135019
0
0.0119994
0.0120819 -0.000335532 -1.17514e-09 -0.000335532 0.0104213 -2.59399e-07 -1.17514e-09 -2.59399e-07 1.03522e-06 
46
0.137304
0
0.00896118
0.0120819 -0.000335505 -1.16529e-09 -0.000335505 0.0104213 -2.59414e-07 -1.16529e-09 -2.59414e-07 1.03522e-06 
47
0.134538
0
0.00739712
0.0120819 -0.000335543 -1.18805e-09 -0.000335543 0.0104213 -2.59428e-07 -1.18805e-09 -2.59428e-07 1.03522e-06 
48
0.134786
0
0.0130019
0.0120819 -0.000335582 -1.17891e-09 -0.000335582 0.0104214 -2.59452e-07 -1.17891e-09 -2.59452e-07 1.03522e-06 
49
0.13372
0
0.0152006
0.0120819 -0.000335508 -1.11741e-09 -0.000335508 0.0104213 -2.59468e-07 -1.11741e-09 -2.59468e-07 1.03522e-06 
50
0.132924
0
0.00932559
0.0120819 -0.000335445 -1.07438e-09 -0.000335445 0.0104213 -2.59484e-07 -1.07438e-09 -2.59484e-07 1.03522e-06 
51
0.134124
0
0.00669947
0.0120819 -0.000335514 -1.10651e-09 -0.000335514 0.0104213 -2.59498e-07 -1.10651e-09 -2.59498e-07 1.03522e-06 
52
0.135184
0
0.0103499
0.0120819 -0.000335582 -1.13709e-09 -0.000335582 0.0104214 -2.59505e-07 -1.13709e-09 -2.59505e-07 1.03522e-06 
53
0.133851
0
0.0146945
0.0120819 -0.00033555 -1.11764e-09 -0.00033555 0.0104214 -2.59511e-07 -1.11764e-09 -2.59511e-07 1.03522e-06 
54
0.131631
0
0.0118896
0.0120819 -0.000335469 -1.07587e-09 -0.000335469 0.0104213 -2.59522e-07 -1.07587e-09 -2.59522e-07 1.03522e-06 
55
0.122825
0
0.00864163
0.0120819 -0.000335483 -1.08425e-09 -0.000335483 0.0104213 -2.59534e-07 -1.08425e-09 -2.59534e-07 1.03522e-06 
56
0.116575
0
0.011223
0.0120819 -0.00033554 -1.0862e-09 -0.00033554 0.0104213 -2.59562e-07 -1.0862e-09 -2.59562e-07 1.03522e-06 
57
0.109693
0
0.0130779
0.0120819 -0.00033552 -1.05564e-09 -0.00033552 0.0104213 -2.59584e-07 -1.05564e-09 -2.59584e-07 1.03522e-06 
58
0.104472
0
0.00855317
0.0120819 -0.000335484 -1.02634e-09 -0.000335484 0.0104213 -2.59607e-07 -1.02634e-09 -2.59607e-07 1.03522e-06 
59
0.101942
0
0.00640914
0.0120819 -0.000335541 -1.05027e-09 -0.000335541 0.0104214 -2.59625e-07 -1.05027e-09 -2.59625e-07 1.03522e-06 
60
0.0993279
0
0.0105424
0.0120819 -0.000335597 -1.07077e-09 -0.000335597 0.0104214 -2.59635e-07 -1.07077e-09 -2.59635e-07 1.03522e-06 
61
0.0939437
0
0.0115687
0.0120819 -0.000335553 -1.0405e-09 -0.000335553 0.0104214 -2.59646e-07 -1.0405e-09 -2.59646e-07 1.03522e-06 
62
0.0873525
0
0.00799868
0.0120819 -0.00033552 -1.02177e-09 -0.00033552 0.0104213 -2.59662e-07 -1.02177e-09 -2.59662e-07 1.03522e-06 
63
0.0764728
0
0.00403534
0.0120819 -0.000335564 -1.04114e-09 -0.000335564 0.0104214 -2.59681e-07 -1.04114e-09 -2.59681e-07 1.03522e-06 
64
0.0695036
-0.0508948
0.00660301
0.0120818 -0.000335644 -1.06331e-09 -0.000335644 0.0104214 -2.59711e-07 -1.06331e-09 -2.59711e-07 1.03522e-06 
65
0.0615273
-0.0535631
0.0119338
0.0120818 -0.000335633 -1.04145e-09 -0.000335633 0.0104214 -2.59732e-07 -1.04145e-09 -2.59732e-07 1.03522e-06 
66
0.0528987
-0.0555033
0.0107105
0.0120819 -0.000335545 -9.8538e-10 -0.000335545 0.0104213 -2.59755e-07 -9.8538e-10 -2.59755e-07 1.03522e-06 
67
0
-0.0556791
0.00170998
0.0120819 -0.00033553 -9.71774e-10 -0.00033553 0.0104213 -2.59779e-07 -9.71774e-10 -2.59779e-07 1.03522e-06 
68
0
-0.0561951
2.23195e-05
0.0120818 -0.000335668 -1.03679e-09 -0.000335668 0.0104214 -2.59796e-07 -1.03679e-09 -2.59796e-07 1.03522e-06 
69
0
-0.0579797
0.00728969
0.0120818 -0.000335747 -1.06761e-09 -0.000335747 0.0104214 -2.59803e-07 -1.06761e-09 -2.59803e-07 1.03522e-06 
70
0
-0.0596137
0.011867
0.0120818 -0.000335662 -1.0151e-09 -0.000335662 0.0104214 -2.59807e-07 -1.0151e-09 -2.59807e-07 1.03522e-06 
71
0
-0.0626999
0.0099123
0.0120819 -0.000335557 -9.59227e-10 -0.000335557 0.0104214 -2.59813e-07 -9.59227e-10 -2.59813e-07 1.03522e-06 
72
0
-0.0639735
0.00481602
0.0120819 -0.000335548 -9.45512e-10 -0.000335548 0.0104214 -2.59836e-07 -9.45512e-10 -2.59836e-07 1.03522e-06 
73
0
-0.0649083
0.00115615
0.0120818 -0.000335625 -9.76359e-10 -0.000335625 0.0104214 -2.59855e-07 -9.76359e-10 -2.59855e-07 1.03522e-06 
74
0
-0.0665652
0.00284991
0.0120818 -0.000335713 -1.01042e-09 -0.000335713 0.0104214 -2.59871e-07 -1.01042e-09 -2.59871e-07 1.03522e-06 
75
0
-0.0690023
0.00800622
0.0120818 -0.000335719 -1.00194e-09 -0.000335719 0.0104214 -2.59881e-07 -1.00194e-09 -2.59881e-07 1.03522e-06 
76
0
-0.0707011
0.00927588
0.0120818 -0.00033564 -9.51759e-10 -0.00033564 0.0104214 -2.59888e-07 -9.51759e-10 -2.59888e-07 1.03522e-06 
77
0
-0.0712692
0.00781557
0.0120818 -0.000335589 -9.21931e-10 -0.000335589 0.0104214 -2.59895e-07 -9.21931e-10 -2.59895e-07 1.03522e-06 
78
0
-0.0713125
0.00643274
0.0120818 -0.000335593 -9.22878e-10 -0.000335593 0.0104214 -2.59902e-07 -9.22878e-10 -2.59902e-07 1.03522e-06 
79
0
-0.0725059
0.00435083
0.0120818 -0.000335617 -9.33537e-10 -0.000335617 0.0104214 -2.59911e-07 -9.33537e-10 -2.59911e-07 1.03522e-06 
80
0
-0.0739287
0.000793168
0.0120818 -0.000335659 -9.47408e-10 -0.000335659 0.0104214 -2.59931e-07 -9.47408e-10 -2.59931e-07 1.03522e-06 
81
0
-0.0756512
0.00181392
0.0120818 -0.000335731 -9.73544e-10 -0.000335731 0.0104214 -2.59945e-07 -9.73544e-10 -2.59945e-07 1.03522e-06 
82
0
-0.0776349
0.00680969
0.0120818 -0.000335743 -9.67923e-10 -0.000335743 0.0104214 -2.59951e-07 -9.67923e-10 -2.59951e-07 1.03522e-06 
83
0
-0.0785896
0.007588
0.0120818 -0.000335668 -9.21862e-10 -0.000335668 0.0104214 -2.59955e-07 -9.21862e-10 -2.59955e-07 1.03522e-06 
84
0
-0.0789387
0.00632954
0.0120818 -0.000335627 -8.99897e-10 -0.000335627 0.0104214 -2.59958e-07 -8.99897e-10 -2.59958e-07 1.03522e-06 
85
0
-0.0791246
0.00641727
0.0120818 -0.000335631 -9.0226e-10 -0.000335631 0.0104214 -2.59957e-07 -9.0226e-10 -2.59957e-07 1.03522e-06 
86
0
-0.0796738
0.00642516
0.0120818 -0.000335631 -9.01554e-10 -0.000335631 0.0104214 -2.59957e-07 -9.01554e-10 -2.59957e-07 1.03522e-06 
87
0
-0.0800302
0.00206663
0.0120818 -0.000335631 -8.99074e-10 -0.000335631 0.0104214 -2.59963e-07 -8.99074e-10 -2.59963e-07 1.03522e-06 
88
0
-0.0808143
0.000177558
0.0120818 -0.000335701 -9.30509e-10 -0.000335701 0.0104214 -2.59966e-07 -9.30509e-10 -2.59966e-07 1.03522e-06 
89
0
-0.0823724
0.00554592
0.0120818 -0.000335757 -9.51922e-10 -0.000335757 0.0104214 -2.59957e-07 -9.51922e-10 -2.59957e-07 1.03522e-06 
90
0
-0.0833414
0.0103037
0.0120818 -0.000335693 -9.12459e-10 -0.000335693 0.0104214 -2.59943e-07 -9.12459e-10 -2.59943e-07 1.03522e-06 
91
0
-0.0835298
0.0105371
0.0120818 -0.000335593 -8.62091e-10 -0.000335593 0.0104214 -2.59927e-07 -8.62091e-10 -2.59927e-07 1.03522e-06 
92
0
-0.0830642
0.00886408
0.0120819 -0.000335552 -8.4536e-10 -0.000335552 0.0104214 -2.59908e-07 -8.4536e-10 -2.59908e-07 1.03522e-06 
93
0
-0.082877
0.0101026
0.0120819 -0.000335562 -8.54924e-10 -0.000335562 0.0104214 -2.59888e-07 -8.54924e-10 -2.59888e-07 1.03522e-06 
94
0
-0.0818485
0.00539138
0.0120819 -0.000335547 -8.48668e-10 -0.000335547 0.0104214 -2.59873e-07 -8.48668e-10 -2.59873e-07 1.03522e-06 
95
0
-0.0854629
0.00516623
0.0120818 -0.000335616 -8.86584e-10 -0.000335616 0.0104214 -2.59859e-07 -8.86584e-10 -2.59859e-07 1.03522e-06 
96
0
-0.088098
0.0089515
0.0120818 -0.000335645 -8.84634e-10 -0.000335645 0.0104214 -2.59838e-07 -8.84634e-10 -2.59838e-07 1.03522e-06 
97
0.0521469
-0.0893791
0.0138513
0.0120818 -0.000335597 -8.46968e-10 -0.000335597 0.0104214 -2.59814e-07 -8.46968e-10 -2.59814e-07 1.03522e-06 
98
0.0572117
-0.0888444
0.0126423
0.0120819 -0.000335501 -7.95368e-10 -0.000335501 0.0104213 -2.59794e-07 -7.95368e-10 -2.59794e-07 1.03522e-06 
99
0.0609742
-0.0877741
0.00831139
0.0120819 -0.000335483 -7.92158e-10 -0.000335483 0.0104213 -2.5978e-07 -7.92158e-10 -2.5978e-07 1.03522e-06 
100
0.0664964
-0.0877417
0.00703646
0.0120819 -0.000335545 -8.28137e-10 -0.000335545 0.0104214 -2.59769e-07 -8.28137e-10 -2.59769e-07 1.03522e-06 
101
0.0717417
-0.0881858
0.010311
0.0120819 -0.000335589 -8.48017e-10 -0.000335589 0.0104214 -2.59755e-07 -8.48017e-10 -2.59755e-07 1.03522e-06 
102
0.0750331
-0.0881901
0.011884
0.0120819 -0.000335554 -8.27246e-10 -0.000335554 0.0104214 -2.59741e-07 -8.27246e-10 -2.59741e-07 1.03522e-06 
103
0.0721525
-0.0910821
0.0099756
0.0120819 -0.000335515 -8.09475e-10 -0.000335515 0.0104213 -2.59732e-07 -8.09475e-10 -2.59732e-07 1.03522e-06 
104
0.0729971
-0.092664
0.0103016
0.0120819 -0.000335531 -8.06762e-10 -0.000335531 0.0104213 -2.59738e-07 -8.06762e-10 -2.59738e-07 1.03522e-06 
105
0.0751193
-0.0946609
0.0148354
0.0120819 -0.000335532 -7.98649e-10 -0.000335532 0.0104213 -2.59737e-07 -7.98649e-10 -2.59737e-07 1.03522e-06 
106
0.0762333
-0.0956164
0.0156605
0.0120819 -0.00033546 -7.54817e-10 -0.00033546 0.0104213 -2.59732e-07 -7.54817e-10 -2.59732e-07 1.03522e-06 
107
0.07908
-0.094987
0.012504
0.0120819 -0.00033542 -7.32842e-10 -0.00033542 0.0104213 -2.59729e-07 -7.32842e-10 -2.59729e-07 1.03522e-06 
108
0.0821692
-0.0936017
0.0136435
0.0120819 -0.000335454 -7.53561e-10 -0.000335454 0.0104213 -2.59721e-07 -7.53561e-10 -2.59721e-07 1.03522e-06 
109
0.0849792
-0.0930633
0.0187636
0.0120819 -0.00033545 -7.56479e-10 -0.00033545 0.0104213 -2.59713e-07 -7.56479e-10 -2.59713e-07 1.03522e-06 
110
0.0878496
-0.0932986
0.0213075
0.012082 -0.000335367 -7.19756e-10 -0.000335367 0.0104213 -2.59706e-07 -7.19756e-10 -2.59706e-07 1.03522e-06 
111
0.0854204
-0.0981257
0.0253165
0.012082 -0.000335295 -6.87894e-10 -0.000335295 0.0104213 -2.59699e-07 -6.87894e-10 -2.59699e-07 1.03522e-06 
112
0.0856515
-0.0998697
0.0212091
0.0120821 -0.000335204 -6.27788e-10 -0.000335204 0.0104212 -2.59705e-07 -6.27788e-10 -2.59705e-07 1.03522e-06 
113
0.0862001
-0.100348
0.0209671
0.012082 -0.000335234 -6.36183e-10 -0.000335234 0.0104212 -2.59704e-07 -6.36183e-10 -2.59704e-07 1.03522e-06 
114
0.0877978
-0.101906
0.0208007
0.012082 -0.00033525 -6.39969e-10 -0.00033525 0.0104213 -2.59703e-07 -6.39969e-10 -2.59703e-07 1.03522e-06 
115
0.0895652
-0.103243
0.0185495
0.012082 -0.000335258 -6.36429e-10 -0.000335258 0.0104213 -2.59699e-07 -6.36429e-10 -2.59699e-07 1.03522e-06 
116
0.0926576
-0.104463
0.0153279
0.012082 -0.000335297 -6.48226e-10 -0.000335297 0.0104213 -2.59694e-07 -6.48226e-10 -2.59694e-07 1.03522e-06 
117
0.0956874
-0.105448
0.0145643
0.012082 -0.000335363 -6.72625e-10 -0.000335363 0.0104213 -2.59686e-07 -6.72625e-10 -2.59686e-07 1.03522e-06 
118
0.0978853
-0.106067
0.0149333
0.012082 -0.0003354 -6.83161e-10 -0.0003354 0.0104213 -2.59678e-07 -6.83161e-10 -2.59678e-07 1.03522e-06 
119
0.0941379
-0.111796
0.0155627
0.012082 -0.000335409 -6.82461e-10 -0.000335409 0.0104213 -2.59672e-07 -6.82461e-10 -2.59672e-07 1.03522e-06 
120
0.0949652
-0.115378
0.0149018
0.012082 -0.000335402 -6.55046e-10 -0.000335402 0.0104213 -2.59681e-07 -6.55046e-10 -2.59681e-07 1.03522e-06 
121
0.0966599
-0.117179
0.0132643
0.012082 -0.00033541 -6.41099e-10 -0.00033541 0.0104213 -2.5968e-07 -6.41099e-10 -2.5968e-07 1.03522e-06 
122
0.0997503
-0.118215
0.013047
0.0120819 -0.000335439 -6.44974e-10 -0.000335439 0.0104213 -2.59676e-07 -6.44974e-10 -2.59676e-07 1.03522e-06 
123
0.10276
-0.119169
0.0159757
0.0120819 -0.000335453 -6.45472e-10 -0.000335453 0.0104213 -2.59668e-07 -6.45472e-10 -2.59668e-07 1.03522e-06 
124
0.106042
-0.119276
0.0162683
0.0120819 -0.000335412 -6.20658e-10 -0.000335412 0.0104213 -2.5966e-07 -6.20658e-10 -2.5966e-07 1.03522e-06 
125
0.109942
-0.11938
0.0149959
0.012082 -0.000335392 -6.11459e-10 -0.000335392 0.0104213 -2.59651e-07 -6.11459e-10 -2.59651e-07 1.03522e-06 
126
0.113904
-0.119177
0.0141496
0.012082 -0.000335404 -6.18159e-10 -0.000335404 0.0104213 -2.59641e-07 -6.18159e-10 -2.59641e-07 1.03522e-06 
127
0.117563
-0.119342
0.0150209
0.0120819 -0.000335423 -6.2745e-10 -0.000335423 0.0104213 -2.5963e-07 -6.2745e-10 -2.5963e-07 1.03522e-06 
128
0.110681
-0.121545
0.0166641
0.0120819 -0.000335416 -6.22905e-10 -0.000335416 0.0104213 -2.5962e-07 -6.22905e-10 -2.5962e-07 1.03522e-06 
129
0.109486
-0.123567
0.0177941
0.012082 -0.000335387 -5.99958e-10 -0.000335387 0.0104213 -2.59637e-07 -5.99958e-10 -2.59637e-07 1.03522e-06 
130
0.111206
-0.123672
0.0157223
0.012082 -0.000335358 -5.77593e-10 -0.000335358 0.0104213 -2.59641e-07 -5.77593e-10 -2.59641e-07 1.03522e-06 
131
0.113371
-0.123572
0.0150001
0.012082 -0.00033538 -5.8741e-10 -0.00033538 0.0104213 -2.59637e-07 -5.8741e-10 -2.59637e-07 1.03522e-06 
132
0.115818
-0.123964
0.0173337
0.012082 -0.0003354 -5.96532e-10 -0.0003354 0.0104213 -2.59632e-07 -5.96532e-10 -2.59632e-07 1.03522e-06 
133
0.118717
-0.123614
0.0172724
0.012082 -0.00033537 -5.8003e-10 -0.00033537 0.0104213 -2.59625e-07 -5.8003e-10 -2.59625e-07 1.03522e-06 
134
0.121256
-0.123396
0.0161387
0.012082 -0.00033536 -5.77162e-10 -0.00033536 0.0104213 -2.59618e-07 -5.77162e-10 -2.59618e-07 1.03522e-06 
135
0.116197
-0.129466
0.0155458
0.012082 -0.000335374 -5.85645e-10 -0.000335374 0.0104213 -2.59611e-07 -5.85645e-10 -2.59611e-07 1.03522e-06 
136
0.116101
-0.133554
0.0184559
0.012082 -0.000335389 -5.67598e-10 -0.000335389 0.0104213 -2.59623e-07 -5.67598e-10 -2.59623e-07 1.03522e-06 
137
0.118469
-0.135047
0.0191705
0.012082 -0.000335349 -5.27188e-10 -0.000335349 0.0104213 -2.59624e-07 -5.27188e-10 -2.59624e-07 1.03522e-06 
138
0.12179
-0.135714
0.0179262
0.012082 -0.000335322 -5.06712e-10 -0.000335322 0.0104213 -2.59619e-07 -5.06712e-10 -2.59619e-07 1.03522e-06 
139
0.126014
-0.13592
0.0154247
0.012082 -0.000335331 -5.08762e-10 -0.000335331 0.0104213 -2.5961e-07 -5.08762e-10 -2.5961e-07 1.03522e-06 
140
0.130949
-0.136702
0.0180732
0.012082 -0.000335375 -5.28234e-10 -0.000335375 0.0104213 -2.59599e-07 -5.28234e-10 -2.59599e-07 1.03522e-06 
141
0.135159
-0.136147
0.0188999
0.012082 -0.000335349 -5.11269e-10 -0.000335349 0.0104213 -2.59586e-07 -5.11269e-10 -2.59586e-07 1.03522e-06 
142
0.137859
-0.136153
0.0188472
0.012082 -0.000335326 -5.0267e-10 -0.000335326 0.0104213 -2.59575e-07 -5.0267e-10 -2.59575e-07 1.03522e-06 
143
0.132303
-0.142412
0.0188494
0.012082 -0.000335318 -5.00297e-10 -0.000335318 0.0104213 -2.59567e-07 -5.00297e-10 -2.59567e-07 1.03522e-06 
144
0.131852
-0.146593
0.0208618
0.012082 -0.000335315 -4.73726e-10 -0.000335315 0.0104213 -2.5958e-07 -4.73726e-10 -2.5958e-07 1.03522e-06 
145
0.132492
-0.147711
0.0212283
0.012082 -0.000335282 -4.37096e-10 -0.000335282 0.0104213 -2.59583e-07 -4.37096e-10 -2.59583e-07 1.03522e-06 
146
0.133665
-0.147568
0.0170202
0.012082 -0.000335264 -4.21708e-10 -0.000335264 0.0104213 -2.59582e-07 -4.21708e-10 -2.59582e-07 1.03522e-06 
147
0.135123
-0.147635
0.0173065
0.012082 -0.000335324 -4.50752e-10 -0.000335324 0.0104213 -2.59579e-07 -4.50752e-10 -2.59579e-07 1.03522e-06 
148
0.137931
-0.149497
0.0201461
0.012082 -0.000335342 -4.57324e-10 -0.000335342 0.0104213 -2.59575e-07 -4.57324e-10 -2.59575e-07 1.03522e-06 
149
0.142158
-0.149555
0.0196762
0.012082 -0.000335304 -4.3063e-10 -0.000335304 0.0104213 -2.59568e-07 -4.3063e-10 -2.59568e-07 1.03522e-06 
150
0.147741
-0.150441
0.0201657
0.012082 -0.000335297 -4.27293e-10 -0.000335297 0.0104213 -2.59557e-07 -4.27293e-10 -2.59557e-07 1.03522e-06 
151
0.147947
-0.15689
0.0190011
0.012082 -0.000335286 -4.1969e-10 -0.000335286 0.0104213 -2.59542e-07 -4.1969e-10 -2.59542e-07 1.03522e-06 
152
0.151878
-0.160935
0.0189943
0.012082 -0.000335301 -4.00523e-10 -0.000335301 0.0104213 -2.59541e-07 -4.00523e-10 -2.59541e-07 1.03522e-06 
153
0.156533
-0.162679
0.0207938
0.012082 -0.000335306 -3.82484e-10 -0.000335306 0.0104213 -2.59531e-07 -3.82484e-10 -2.59531e-07 1.03522e-06 
154
0.164352
-0.16326
0.0191762
0.012082 -0.00033528 -3.59713e-10 -0.00033528 0.0104213 -2.59519e-07 -3.59713e-10 -2.59519e-07 1.03522e-06 
155
0.171411
-0.163109
0.0199978
0.012082 -0.000335296 -3.6457e-10 -0.000335296 0.0104213 -2.59499e-07 -3.6457e-10 -2.59499e-07 1.03522e-06 
156
0.178888
-0.163851
0.0209622
0.012082 -0.000335289 -3.61313e-10 -0.000335289 0.0104213 -2.5948e-07 -3.61313e-10 -2.5948e-07 1.03522e-06 
157
0.187784
-0.163561
0.02075
0.012082 -0.000335271 -3.50325e-10 -0.000335271 0.0104213 -2.5946e-07 -3.50325e-10 -2.5946e-07 1.03522e-06 
158
0.196878
-0.162542
0.0199828
0.012082 -0.000335267 -3.50658e-10 -0.000335267 0.0104213 -2.59437e-07 -3.50658e-10 -2.59437e-07 1.03522e-06 
159
0.198382
-0.167519
0.0205216
0.012082 -0.000335278 -3.60988e-10 -0.000335278 0.0104213 -2.59413e-07 -3.60988e-10 -2.59413e-07 1.03522e-06 
160
0.204422
-0.170336
0.0228529
0.012082 -0.000335274 -3.39171e-10 -0.000335274 0.0104213 -2.59407e-07 -3.39171e-10 -2.59407e-07 1.03522e-06 
161
0.212885
-0.173061
0.0253374
0.012082 -0.000335235 -3.06566e-10 -0.000335235 0.0104212 -2.59392e-07 -3.06566e-10 -2.59392e-07 1.03522e-06 
162
0.223411
-0.17456
0.0257121
0.0120821 -0.000335181 -2.69281e-10 -0.000335181 0.0104212 -2.59371e-07 -2.69281e-10 -2.59371e-07 1.03522e-06 
163
0.235802
-0.173082
0.0231487
0.0120821 -0.000335154 -2.51544e-10 -0.000335154 0.0104212 -2.59343e-07 -2.51544e-10 -2.59343e-07 1.03522e-06 
164
0.249324
-0.171948
0.0212048
0.0120821 -0.000335185 -2.73084e-10 -0.000335185 0.0104212 -2.59311e-07 -2.73084e-10 -2.59311e-07 1.03522e-06 
165
0.262584
-0.170123
0.0215139
0.0120821 -0.000335227 -2.98572e-10 -0.000335227 0.0104212 -2.59275e-07 -2.98572e-10 -2.59275e-07 1.03522e-06 
166
0.274308
-0.169514
0.0226038
0.012082 -0.000335239 -3.10823e-10 -0.000335239 0.0104212 -2.59239e-07 -3.10823e-10 -2.59239e-07 1.03522e-06 
167
0.275913
-0.174172
0.0229929
0.0120821 -0.000335226 -3.07901e-10 -0.000335226 0.0104212 -2.59208e-07 -3.07901e-10 -2.59208e-07 1.03522e-06 
168
0.281187
-0.176745
0.0205593
0.0120821 -0.000335214 -2.84427e-10 -0.000335214 0.0104212 -2.59201e-07 -2.84427e-10 -2.59201e-07 1.03522e-06 
169
0.287458
-0.178437
0.0202883
0.012082 -0.000335249 -2.88079e-10 -0.000335249 0.0104213 -2.59188e-07 -2.88079e-10 -2.59188e-07 1.03522e-06 
170
0.294188
-0.178951
0.019085
0.012082 -0.000335266 -2.8647e-10 -0.000335266 0.0104213 -2.59172e-07 -2.8647e-10 -2.59172e-07 1.03522e-06 
171
0.301564
-0.180626
0.0204774
0.012082 -0.000335292 -2.94414e-10 -0.000335292 0.0104213 -2.59154e-07 -2.94414e-10 -2.59154e-07 1.03522e-06 
172
0.307864
-0.180925
0.0267091
0.012082 -0.00033528 -2.80309e-10 -0.00033528 0.0104213 -2.59134e-07 -2.80309e-10 -2.59134e-07 1.03522e-06 
173
0.311512
-0.181228
0.0313863
0.0120821 -0.000335176 -2.28777e-10 -0.000335176 0.0104212 -2.59118e-07 -2.28777e-10 -2.59118e-07 1.03522e-06 
174
0.316876
-0.181186
0.0298385
0.0120821 -0.000335062 -1.76696e-10 -0.000335062 0.0104212 -2.59108e-07 -1.76696e-10 -2.59108e-07 1.03522e-06 
175
0.311206
-0.185861
0.0287667
0.0120821 -0.000335044 -1.72542e-10 -0.000335044 0.0104212 -2.59094e-07 -1.72542e-10 -2.59094e-07 1.03522e-06 
176
0.308215
-0.187368
0.0265799
0.0120821 -0.000335054 -1.59485e-10 -0.000335054 0.0104212 -2.59107e-07 -1.59485e-10 -2.59107e-07 1.03522e-06 
177
0.30747
-0.188005
0.0268143
0.0120821 -0.000335092 -1.68152e-10 -0.000335092 0.0104212 -2.59115e-07 -1.68152e-10 -2.59115e-07 1.03522e-06 
178
0.308096
-0.189219
0.0270844
0.0120821 -0.000335103 -1.67584e-10 -0.000335103 0.0104212 -2.59118e-07 -1.67584e-10 -2.59118e-07 1.03522e-06 
179
0.307009
-0.190204
0.0261274
0.0120821 -0.000335103 -1.60928e-10 -0.000335103 0.0104212 -2.59117e-07 -1.60928e-10 -2.59117e-07 1.03522e-06 
180
0.309627
-0.191465
0.0247543
0.0120821 -0.000335118 -1.63352e-10 -0.000335118 0.0104212 -2.59119e-07 -1.63352e-10 -2.59119e-07 1.03522e-06 
181
0.312222
-0.191432
0.0249656
0.0120821 -0.000335146 -1.70465e-10 -0.000335146 0.0104212 -2.59113e-07 -1.70465e-10 -2.59113e-07 1.03522e-06 
182
0.316577
-0.192815
0.0276985
0.0120821 -0.000335153 -1.72349e-10 -0.000335153 0.0104212 -2.59106e-07 -1.72349e-10 -2.59106e-07 1.03522e-06 
183
0.312514
-0.201129
0.0303592
0.0120821 -0.000335112 -1.46982e-10 -0.000335112 0.0104212 -2.59095e-07 -1.46982e-10 -2.59095e-07 1.03522e-06 
184
0.314152
-0.204614
0.0288234
0.0120821 -0.000335054 -8.62121e-11 -0.000335054 0.0104212 -2.59105e-07 -8.62121e-11 -2.59105e-07 1.03522e-06 
185
0.317472
-0.205038
0.0259399
0.0120821 -0.000335057 -7.06498e-11 -0.000335057 0.0104212 -2.59101e-07 -7.06498e-11 -2.59101e-07 1.03522e-06 
186
0.324212
-0.205482
0.0252602
0.0120821 -0.000335103 -8.93239e-11 -0.000335103 0.0104212 -2.59093e-07 -8.93239e-11 -2.59093e-07 1.03522e-06 
187
0.332588
-0.207916
0.0302297
0.0120821 -0.000335132 -9.93356e-11 -0.000335132 0.0104212 -2.59076e-07 -9.93356e-11 -2.59076e-07 1.03522e-06 
188
0.342349
-0.207867
0.032794
0.0120821 -0.000335064 -5.59022e-11 -0.000335064 0.0104212 -2.59054e-07 -5.59022e-11 -2.59054e-07 1.03522e-06 
189
0.352322
-0.207869
0.0316912
0.0120822 -0.000334998 -2.57343e-11 -0.000334998 0.0104212 -2.59029e-07 -2.57343e-11 -2.59029e-07 1.03522e-06 
190
0.364796
-0.207687
0.0255593
0.0120822 -0.00033499 -2.56884e-11 -0.00033499 0.0104212 -2.59002e-07 -2.56884e-11 -2.59002e-07 1.03522e-06 
191
0.368807
-0.213496
0.0240636
0.0120821 -0.000335084 -7.31823e-11 -0.000335084 0.0104212 -2.58969e-07 -7.31823e-11 -2.58969e-07 1.03522e-06 
192
0.376632
-0.21787
0.0269187
0.0120821 -0.000335144 -7.52867e-11 -0.000335144 0.0104212 -2.58956e-07 -7.52867e-11 -2.58956e-07 1.03522e-06 
193
0.389943
-0.221712
0.0272207
0.0120821 -0.000335121 -4.04845e-11 -0.000335121 0.0104212 -2.58937e-07 -4.04845e-11 -2.58937e-07 1.03522e-06 
194
0.399063
-0.220903
0.02625
0.0120821 -0.000335108 -1.58279e-11 -0.000335108 0.0104212 -2.58903e-07 -1.58279e-11 -2.58903e-07 1.03522e-06 
195
0.411438
-0.221121
0.0251376
0.0120821 -0.000335118 -2.24891e-11 -0.000335118 0.0104212 -2.58877e-07 -2.24891e-11 -2.58877e-07 1.03522e-06 
196
0.420133
-0.219242
0.026412
0.0120821 -0.00033514 -3.24384e-11 -0.00033514 0.0104212 -2.58845e-07 -3.24384e-11 -2.58845e-07 1.03522e-06 
197
0.428126
-0.220241
0.0318449
0.0120821 -0.000335128 -3.38057e-11 -0.000335128 0.0104212 -2.58821e-07 -3.38057e-11 -2.58821e-07 1.03522e-06 
198
0.42861
-0.226873
0.0314092
0.0120822 -0.000335037 1.20759e-11 -0.000335037 0.0104212 -2.588e-07 1.20759e-11 -2.588e-07 1.03522e-06 
199
0.430756
-0.228521
0.0289583
0.0120822 -0.000335009 4.96008e-11 -0.000335009 0.0104212 -2.58797e-07 4.96008e-11 -2.58797e-07 1.03522e-06 
200
0.435925
-0.230204
0.0278899
0.0120822 -0.000335037 4.51764e-11 -0.000335037 0.0104212 -2.58792e-07 4.51764e-11 -2.58792e-07 1.03522e-06 
201
0.441268
-0.231091
0.0297929
0.0120821 -0.000335065 4.10763e-11 -0.000335065 0.0104212 -2.58779e-07 4.10763e-11 -2.58779e-07 1.03522e-06 
202
0.445037
-0.231409
0.0303916
0.0120822 -0.000335046 5.67245e-11 -0.000335046 0.0104212 -2.58765e-07 5.67245e-11 -2.58765e-07 1.03522e-06 
203
0.447448
-0.232615
0.0287487
0.0120822 -0.000335029 6.65746e-11 -0.000335029 0.0104212 -2.58755e-07 6.65746e-11 -2.58755e-07 1.03522e-06 
204
0.447503
-0.23216
0.0238588
0.0120822 -0.000335048 6.17865e-11 -0.000335048 0.0104212 -2.58748e-07 6.17865e-11 -2.58748e-07 1.03522e-06 
205
0.446351
-0.233309
0.0161353
0.0120821 -0.000335133 2.0914e-11 -0.000335133 0.0104212 -2.58747e-07 2.0914e-11 -2.58747e-07 1.03522e-06 
206
0.447132
-0.236545
0.0129934
0.012082 -0.000335288 -4.51116e-11 -0.000335288 0.0104213 -2.58749e-07 -4.51116e-11 -2.58749e-07 1.03522e-06 
207
0.439355
-0.244827
0.0131837
0.012082 -0.000335397 -7.66558e-11 -0.000335397 0.0104213 -2.58747e-07 -7.66558e-11 -2.58747e-07 1.03522e-06 
208
0.436916
-0.250973
0.017381
0.0120819 -0.000335436 -5.33206e-11 -0.000335436 0.0104213 -2.58766e-07 -5.33206e-11 -2.58766e-07 1.03522e-06 
209
0.431713
-0.252675
0.0230733
0.012082 -0.000335384 4.65611e-12 -0.000335384 0.0104213 -2.58775e-07 4.65611e-12 -2.58775e-07 1.03522e-06 
210
0.425907
-0.252789
0.0209411
0.012082 -0.000335274 6.73536e-11 -0.000335274 0.0104213 -2.58788e-07 6.73536e-11 -2.58788e-07 1.03522e-06 
211
0.423152
-0.255116
0.0200505
0.012082 -0.000335265 6.90112e-11 -0.000335265 0.0104213 -2.58804e-07 6.90112e-11 -2.58804e-07 1.03522e-06 
212
0.422299
-0.256321
0.0186924
0.012082 -0.000335276 7.21253e-11 -0.000335276 0.0104213 -2.58812e-07 7.21253e-11 -2.58812e-07 1.03522e-06 
213
0.420471
-0.257451
0.0187598
0.012082 -0.000335302 6.66468e-11 -0.000335302 0.0104213 -2.58814e-07 6.66468e-11 -2.58814e-07 1.03522e-06 
214
0.418718
-0.259001
0.0139204
0.012082 -0.000335311 6.94067e-11 -0.000335311 0.0104213 -2.58819e-07 6.94067e-11 -2.58819e-07 1.03522e-06 
215
0.412089
-0.267592
0.00939072
0.012082 -0.000335391 3.91674e-11 -0.000335391 0.0104213 -2.58823e-07 3.91674e-11 -2.58823e-07 1.03522e-06 
216
0.406525
-0.270644
0.00510274
0.0120819 -0.000335493 2.96768e-11 -0.000335493 0.0104213 -2.5884e-07 2.96768e-11 -2.5884e-07 1.03522e-06 
217
0.409212
-0.277344
0.00287531
0.0120819 -0.0003356 1.23908e-12 -0.0003356 0.0104214 -2.58855e-07 1.23908e-12 -2.58855e-07 1.03522e-06 
218
0.41615
-0.283164
0.0150773
0.0120818 -0.000335677 -4.62145e-13 -0.000335677 0.0104214 -2.58849e-07 -4.62145e-13 -2.58849e-07 1.03522e-06 
219
0.419108
-0.280019
0.0223351
0.0120819 -0.000335512 1.0942e-10 -0.000335512 0.0104213 -2.58833e-07 1.0942e-10 -2.58833e-07 1.03522e-06 
220
0.422616
-0.275772
0.0177942
0.012082 -0.000335334 1.80134e-10 -0.000335334 0.0104213 -2.58825e-07 1.80134e-10 -2.58825e-07 1.03522e-06 
221
0.425439
-0.272945
0.0151457
0.012082 -0.000335338 1.51e-10 -0.000335338 0.0104213 -2.58815e-07 1.51e-10 -2.58815e-07 1.03522e-06 
222
0.430673
-0.274857
0.0186534
0.012082 -0.000335382 1.1386e-10 -0.000335382 0.0104213 -2.58807e-07 1.1386e-10 -2.58807e-07 1.03522e-06 
223
0.429555
-0.283417
0.0222808
0.012082 -0.000335343 1.39873e-10 -0.000335343 0.0104213 -2.58794e-07 1.39873e-10 -2.58794e-07 1.03522e-06 
224
0.4279
-0.286703
0.0253983
0.012082 -0.000335271 2.09945e-10 -0.000335271 0.0104213 -2.58796e-07 2.09945e-10 -2.58796e-07 1.03522e-06 
225
0.429674
-0.290984
0.0233564
0.0120821 -0.000335194 2.63153e-10 -0.000335194 0.0104212 -2.58801e-07 2.63153e-10 -2.58801e-07 1.03522e-06 
226
0.434344
-0.292632
0.0126735
0.0120821 -0.000335197 2.78692e-10 -0.000335197 0.0104212 -2.58797e-07 2.78692e-10 -2.58797e-07 1.03522e-06 
227
0.440066
-0.290668
0.00536179
0.012082 -0.000335367 2.06376e-10 -0.000335367 0.0104213 -2.58784e-07 2.06376e-10 -2.58784e-07 1.03522e-06 
228
0.43456
-0.287097
0.00251472
0.0120819 -0.000335548 1.19368e-10 -0.000335548 0.0104214 -2.58769e-07 1.19368e-10 -2.58769e-07 1.03522e-06 
229
0.440726
-0.300054
-0.00686532
0.0120818 -0.000335663 5.78532e-11 -0.000335663 0.0104214 -2.58781e-07 5.78532e-11 -2.58781e-07 1.03522e-06 
230
0.435021
-0.302916
-0.0242416
0.0120817 -0.000335855 2.26076e-11 -0.000335855 0.0104215 -2.58766e-07 2.26076e-11 -2.58766e-07 1.03522e-06 
231
0.431202
-0.316273
-0.0463688
0.0120816 -0.000336203 -1.16772e-10 -0.000336203 0.0104216 -2.58778e-07 -1.16772e-10 -2.58778e-07 1.03522e-06 
232
0.440176
-0.331153
-0.0373389
0.0120813 -0.000336687 -2.76513e-10 -0.000336687 0.0104218 -2.58786e-07 -2.76513e-10 -2.58786e-07 1.03522e-06 
233
0.450863
-0.33603
-0.000594071
0.0120813 -0.000336728 -2.06592e-10 -0.000336728 0.0104218 -2.58766e-07 -2.06592e-10 -2.58766e-07 1.03522e-06 
234
0.44625
-0.323532
0.0298424
0.0120815 -0.000336161 9.97e-11 -0.000336161 0.0104216 -2.58742e-07 9.97e-11 -2.58742e-07 1.03522e-06 
235
0.446979
-0.317232
0.0269572
0.0120819 -0.000335462 3.66158e-10 -0.000335462 0.0104213 -2.58752e-07 3.66158e-10 -2.58752e-07 1.03522e-06 
236
0.44306
-0.310746
0.00249471
0.012082 -0.000335241 4.07665e-10 -0.000335241 0.0104212 -2.58751e-07 4.07665e-10 -2.58751e-07 1.03522e-06 
237
0.448371
-0.3163
-0.0048283
0.0120819 -0.000335545 2.1689e-10 -0.000335545 0.0104214 -2.58759e-07 2.1689e-10 -2.58759e-07 1.03522e-06 
238
0.452751
-0.322338
0.00595105
0.0120818 -0.000335778 1.34581e-10 -0.000335778 0.0104214 -2.58746e-07 1.34581e-10 -2.58746e-07 1.03522e-06 
239
0.442202
-0.324775
0.0108974
0.0120818 -0.000335695 2.14842e-10 -0.000335695 0.0104214 -2.58736e-07 2.14842e-10 -2.58736e-07 1.03522e-06 
240
0.439849
-0.326616
0.00383084
0.0120818 -0.000335585 2.82493e-10 -0.000335585 0.0104214 -2.58761e-07 2.82493e-10 -2.58761e-07 1.03522e-06 
241
0.437996
-0.326243
-0.00183509
0.0120818 -0.000335656 2.54134e-10 -0.000335656 0.0104214 -2.58769e-07 2.54134e-10 -2.58769e-07 1.03522e-06 
242
0.439783
-0.33118
0.00303704
0.0120818 -0.000335772 1.99769e-10 -0.000335772 0.0104214 -2.58773e-07 1.99769e-10 -2.58773e-07 1.03522e-06 
243
0.438282
-0.333906
0.00607987
0.0120818 -0.000335739 2.40491e-10 -0.000335739 0.0104214 -2.5877e-07 2.40491e-10 -2.5877e-07 1.03522e-06 
244
0.442688
-0.336908
0.00598987
0.0120818 -0.000335679 2.83634e-10 -0.000335679 0.0104214 -2.58774e-07 2.83634e-10 -2.58774e-07 1.03522e-06 
245
0.445053
-0.334598
0.00515231
0.0120818 -0.000335657 3.05387e-10 -0.000335657 0.0104214 -2.58763e-07 3.05387e-10 -2.58763e-07 1.03522e-06 
246
0.449593
-0.336805
0.00509003
0.0120818 -0.000335662 2.93745e-10 -0.000335662 0.0104214 -2.58756e-07 2.93745e-10 -2.58756e-07 1.03522e-06 
247
0.441596
-0.342412
0.00162318
0.0120818 -0.000335665 2.99999e-10 -0.000335665 0.0104214 -2.58745e-07 2.99999e-10 -2.58745e-07 1.03522e-06 
248
0.439058
-0.349357
-0.00309127
0.0120818 -0.000335721 2.97956e-10 -0.000335721 0.0104214 -2.58763e-07 2.97956e-10 -2.58763e-07 1.03522e-06 
249
0.439218
-0.353482
-0.00209627
0.0120817 -0.000335817 2.86452e-10 -0.000335817 0.0104214 -2.58771e-07 2.86452e-10 -2.58771e-07 1.03522e-06 
250
0.43713
-0.352744
0.00116165
0.0120817 -0.000335838 3.02158e-10 -0.000335838 0.0104214 -2.58772e-07 3.02158e-10 -2.58772e-07 1.03522e-06 
251
0.436266
-0.356589
0.00396784
0.0120817 -0.000335794 3.25064e-10 -0.000335794 0.0104214 -2.58777e-07 3.25064e-10 -2.58777e-07 1.03522e-06 
252
0.429132
-0.355992
0.00400994
0.0120818 -0.000335733 3.6874e-10 -0.000335733 0.0104214 -2.5878e-07 3.6874e-10 -2.5878e-07 1.03522e-06 
253
0.430239
-0.362394
-0.000549611
0.0120818 -0.000335709 3.77564e-10 -0.000335709 0.0104214 -2.58797e-07 3.77564e-10 -2.58797e-07 1.03522e-06 
254
0.427508
-0.363952
-0.00305285
0.0120818 -0.000335772 3.72123e-10 -0.000335772 0.0104214 -2.58796e-07 3.72123e-10 -2.58796e-07 1.03522e-06 
255
0.413959
-0.370517
-0.00195367
0.0120817 -0.000335836 3.54299e-10 -0.000335836 0.0104214 -2.58802e-07 3.54299e-10 -2.58802e-07 1.03522e-06 
256
0.401942
-0.376582
-0.00869398
0.0120817 -0.000335843 3.83082e-10 -0.000335843 0.0104215 -2.58836e-07 3.83082e-10 -2.58836e-07 1.03522e-06 
257
0.396188
-0.381646
-0.020487
0.0120817 -0.000335952 3.61252e-10 -0.000335952 0.0104215 -2.58868e-07 3.61252e-10 -2.58868e-07 1.03522e-06 
258
0.399595
-0.391202
-0.0161952
0.0120816 -0.000336181 2.81166e-10 -0.000336181 0.0104216 -2.58884e-07 2.81166e-10 -2.58884e-07 1.03522e-06 
259
0.397174
-0.393094
-0.00618707
0.0120815 -0.0003362 3.23814e-10 -0.0003362 0.0104216 -2.58878e-07 3.23814e-10 -2.58878e-07 1.03522e-06 
260
0.396238
-0.393702
0.00435127
0.0120816 -0.000336049 4.13181e-10 -0.000336049 0.0104215 -2.58884e-07 4.13181e-10 -2.58884e-07 1.03522e-06 
261
0.387506
-0.388953
0.00856225
0.0120817 -0.000335824 5.19876e-10 -0.000335824 0.0104214 -2.58888e-07 5.19876e-10 -2.58888e-07 1.03522e-06 
262
0.382605
-0.387095
0.00442884
0.0120818 -0.000335671 5.64269e-10 -0.000335671 0.0104214 -2.58909e-07 5.64269e-10 -2.58909e-07 1.03522e-06 
263
0.369971
-0.390944
-0.00184333
0.0120818 -0.000335679 5.42607e-10 -0.000335679 0.0104214 -2.58923e-07 5.42607e-10 -2.58923e-07 1.03522e-06 
264
0.362774
-0.396851
0.000558966
0.0120818 -0.000335781 5.07385e-10 -0.000335781 0.0104214 -2.58955e-07 5.07385e-10 -2.58955e-07 1.03522e-06 
265
0.356537
-0.402135
0.0078177
0.0120817 -0.000335782 5.38018e-10 -0.000335782 0.0104214 -2.58975e-07 5.38018e-10 -2.58975e-07 1.03522e-06 
266
0.352483
-0.405374
0.00643103
0.0120818 -0.000335668 6.20207e-10 -0.000335668 0.0104214 -2.58993e-07 6.20207e-10 -2.58993e-07 1.03522e-06 
267
0.349818
-0.406378
-0.000167733
0.0120818 -0.000335646 6.43826e-10 -0.000335646 0.0104214 -2.59004e-07 6.43826e-10 -2.59004e-07 1.03522e-06 
268
0.345455
-0.406948
-0.0021737
0.0120818 -0.000335742 6.02494e-10 -0.000335742 0.0104214 -2.59011e-07 6.02494e-10 -2.59011e-07 1.03522e-06 
269
0.341574
-0.410311
0.00308122
0.0120817 -0.000335811 5.76261e-10 -0.000335811 0.0104214 -2.59022e-07 5.76261e-10 -2.59022e-07 1.03522e-06 
270
0.340459
-0.414035
0.00537488
0.0120818 -0.000335754 6.21283e-10 -0.000335754 0.0104214 -2.59033e-07 6.21283e-10 -2.59033e-07 1.03522e-06 
271
0.32621
-0.418333
0.000665515
0.0120818 -0.000335695 6.6495e-10 -0.000335695 0.0104214 -2.59037e-07 6.6495e-10 -2.59037e-07 1.03522e-06 
272
0.320989
-0.423102
-0.00569188
0.0120818 -0.000335748 6.57441e-10 -0.000335748 0.0104214 -2.59072e-07 6.57441e-10 -2.59072e-07 1.03522e-06 
273
0.317797
-0.42637
0.000342915
0.0120817 -0.000335869 6.23251e-10 -0.000335869 0.0104215 -2.59088e-07 6.23251e-10 -2.59088e-07 1.03522e-06 
274
0.315942
-0.430478
0.00654768
0.0120817 -0.000335819 6.68539e-10 -0.000335819 0.0104214 -2.59097e-07 6.68539e-10 -2.59097e-07 1.03522e-06 
275
0.313938
-0.431387
0.00602343
0.0120818 -0.000335702 7.43171e-10 -0.000335702 0.0104214 -2.59103e-07 7.43171e-10 -2.59103e-07 1.03522e-06 
276
0.308773
-0.428783
0.00272258
0.0120818 -0.000335665 7.62174e-10 -0.000335665 0.0104214 -2.59108e-07 7.62174e-10 -2.59108e-07 1.03522e-06 
277
0.307525
-0.431331
-0.00192476
0.0120818 -0.000335704 7.314e-10 -0.000335704 0.0104214 -2.59121e-07 7.314e-10 -2.59121e-07 1.03522e-06 
278
0.305414
-0.431356
-0.000870713
0.0120817 -0.000335792 6.98953e-10 -0.000335792 0.0104214 -2.59125e-07 6.98953e-10 -2.59125e-07 1.03522e-06 
279
0.293714
-0.439115
0.00435265
0.0120817 -0.000335809 6.96082e-10 -0.000335809 0.0104214 -2.59131e-07 6.96082e-10 -2.59131e-07 1.03522e-06 
280
0.287535
-0.446519
0.00726872
0.0120818 -0.000335733 7.66567e-10 -0.000335733 0.0104214 -2.5916e-07 7.66567e-10 -2.5916e-07 1.03522e-06 
281
0.276573
-0.446191
0.00151182
0.0120818 -0.000335657 8.35318e-10 -0.000335657 0.0104214 -2.59178e-07 8.35318e-10 -2.59178e-07 1.03522e-06 
282
0.275887
-0.452112
-0.00599221
0.0120818 -0.00033572 8.06119e-10 -0.00033572 0.0104214 -2.59206e-07 8.06119e-10 -2.59206e-07 1.03522e-06 
283
0.273046
-0.452894
-0.00253717
0.0120817 -0.000335863 7.63831e-10 -0.000335863 0.0104215 -2.5921e-07 7.63831e-10 -2.5921e-07 1.03522e-06 
284
0.270905
-0.45556
0.00403736
0.0120817 -0.000335863 7.76618e-10 -0.000335863 0.0104215 -2.59217e-07 7.76618e-10 -2.59217e-07 1.03522e-06 
285
0.265798
-0.457316
0.0100848
0.0120818 -0.000335758 8.39883e-10 -0.000335758 0.0104214 -2.59224e-07 8.39883e-10 -2.59224e-07 1.03522e-06 
286
0.262217
