0
0
0
-0.000141335
0.00632102 -7.44339e-05 -4.31087e-09 -7.44339e-05 0.0065425 -1.42373e-07 -4.31087e-09 -1.42373e-07 1.21851e-06 
1
0
0
0.000108389
0.0093053 -0.000180885 -4.2355e-09 -0.000180885 0.00905162 -1.84367e-07 -4.2355e-09 -1.84367e-07 1.03651e-06 
2
0
0
0.000834688
0.0107701 -0.000255988 -3.80158e-09 -0.000255988 0.00996569 -2.08434e-07 -3.80158e-09 -2.08434e-07 1.03685e-06 
3
0
0
0.000438408
0.0114639 -0.000297123 -3.40252e-09 -0.000297123 0.010272 -2.19358e-07 -3.40252e-09 -2.19358e-07 1.0371e-06 
4
0
0
0.00115738
0.0117902 -0.000317549 -3.1195e-09 -0.000317549 0.0103719 -2.25025e-07 -3.1195e-09 -2.25025e-07 1.03671e-06 
5
0
0
0.00061017
0.0119437 -0.000327261 -2.91781e-09 -0.000327261 0.0104043 -2.28821e-07 -2.91781e-09 -2.28821e-07 1.03631e-06 
6
0
0
-0.000275212
0.0120159 -0.000331804 -2.76986e-09 -0.000331804 0.0104149 -2.31909e-07 -2.76986e-09 -2.31909e-07 1.036e-06 
7
0
0
0.000100996
0.01205 -0.000333921 -2.65202e-09 -0.000333921 0.0104184 -2.34657e-07 -2.65202e-09 -2.34657e-07 1.03576e-06 
8
0
0
-0.000254575
0.0120662 -0.000334895 -2.54075e-09 -0.000334895 0.0104197 -2.37178e-07 -2.54075e-09 -2.37178e-07 1.03558e-06 
9
0
0
0.000296742
0.0120739 -0.000335353 -2.4413e-09 -0.000335353 0.0104202 -2.39504e-07 -2.4413e-09 -2.39504e-07 1.03545e-06 
10
0
0
0.000664069
0.0120777 -0.00033556 -2.34319e-09 -0.00033556 0.0104205 -2.41645e-07 -2.34319e-09 -2.41645e-07 1.03535e-06 
11
0
0
3.32293e-07
0.0120795 -0.000335653 -2.24529e-09 -0.000335653 0.0104206 -2.43609e-07 -2.24529e-09 -2.43609e-07 1.03528e-06 
12
0
0
-0.000273683
0.0120804 -0.000335711 -2.16314e-09 -0.000335711 0.0104207 -2.45399e-07 -2.16314e-09 -2.45399e-07 1.03523e-06 
13
0
0
-4.25422e-05
0.0120809 -0.000335745 -2.0886e-09 -0.000335745 0.0104208 -2.47022e-07 -2.0886e-09 -2.47022e-07 1.03519e-06 
14
0
0
-0.000518119
0.0120812 -0.000335759 -2.01688e-09 -0.000335759 0.0104209 -2.48488e-07 -2.01688e-09 -2.48488e-07 1.03517e-06 
15
0
0
-2.43564e-05
0.0120814 -0.000335775 -1.9566e-09 -0.000335775 0.010421 -2.49808e-07 -1.9566e-09 -2.49808e-07 1.03515e-06 
16
0
0
0.000148261
0.0120815 -0.000335776 -1.89603e-09 -0.000335776 0.010421 -2.50992e-07 -1.89603e-09 -2.50992e-07 1.03514e-06 
17
0
0
-0.00107226
0.0120815 -0.000335775 -1.84192e-09 -0.000335775 0.0104211 -2.5205e-07 -1.84192e-09 -2.5205e-07 1.03514e-06 
18
0
0
-0.000815602
0.0120816 -0.000335796 -1.80576e-09 -0.000335796 0.0104211 -2.52994e-07 -1.80576e-09 -2.52994e-07 1.03514e-06 
19
0
0
0.000237152
0.0120816 -0.000335801 -1.76598e-09 -0.000335801 0.0104212 -2.53834e-07 -1.76598e-09 -2.53834e-07 1.03514e-06 
20
0
0
-0.000128814
0.0120816 -0.000335788 -1.71986e-09 -0.000335788 0.0104212 -2.54578e-07 -1.71986e-09 -2.54578e-07 1.03514e-06 
21
0
0
-0.000126224
0.0120817 -0.000335789 -1.68711e-09 -0.000335789 0.0104212 -2.55238e-07 -1.68711e-09 -2.55238e-07 1.03515e-06 
22
0
0
0.000575615
0.0120817 -0.00033579 -1.6579e-09 -0.00033579 0.0104213 -2.55822e-07 -1.6579e-09 -2.55822e-07 1.03515e-06 
23
0
0
-0.000331169
0.0120817 -0.00033578 -1.62637e-09 -0.00033578 0.0104213 -2.56338e-07 -1.62637e-09 -2.56338e-07 1.03516e-06 
24
0
0
-0.000715193
0.0120817 -0.000335792 -1.61023e-09 -0.000335792 0.0104213 -2.56793e-07 -1.61023e-09 -2.56793e-07 1.03516e-06 
25
0
0
0.000340469
0.0120817 -0.000335803 -1.59624e-09 -0.000335803 0.0104213 -2.57194e-07 -1.59624e-09 -2.57194e-07 1.03517e-06 
26
0
0
0.000103822
0.0120817 -0.00033579 -1.57196e-09 -0.00033579 0.0104213 -2.57546e-07 -1.57196e-09 -2.57546e-07 1.03517e-06 
27
0
0
-0.00033397
0.0120817 -0.00033579 -1.55691e-09 -0.00033579 0.0104213 -2.57856e-07 -1.55691e-09 -2.57856e-07 1.03518e-06 
28
0
0
-0.000448564
0.0120817 -0.000335797 -1.54844e-09 -0.000335797 0.0104214 -2.58112e-07 -1.54844e-09 -2.58112e-07 1.03518e-06 
29
0
0
-0.000297983
0.0120817 -0.000335802 -1.53945e-09 -0.000335802 0.0104214 -2.58341e-07 -1.53945e-09 -2.58341e-07 1.03519e-06 
30
0
0
-0.000869867
0.0120817 -0.000335801 -1.52882e-09 -0.000335801 0.0104214 -2.58545e-07 -1.52882e-09 -2.58545e-07 1.03519e-06 
31
0
0
0.00043427
0.0120817 -0.00033581 -1.52483e-09 -0.00033581 0.0104214 -2.58725e-07 -1.52483e-09 -2.58725e-07 1.03519e-06 
32
0
0
0.0018261
0.0120817 -0.000335793 -1.5074e-09 -0.000335793 0.0104214 -2.58884e-07 -1.5074e-09 -2.58884e-07 1.0352e-06 
33
0
0
0.00114258
0.0120817 -0.000335765 -1.4855e-09 -0.000335765 0.0104214 -2.59022e-07 -1.4855e-09 -2.59022e-07 1.0352e-06 
34
0
0
0.000381806
0.0120818 -0.000335765 -1.48008e-09 -0.000335765 0.0104214 -2.59144e-07 -1.48008e-09 -2.59144e-07 1.0352e-06 
35
0
0
0.000408669
0.0120817 -0.000335777 -1.4815e-09 -0.000335777 0.0104214 -2.59251e-07 -1.4815e-09 -2.59251e-07 1.0352e-06 
36
0
0
-0.000101897
0.0120817 -0.000335782 -1.46731e-09 -0.000335782 0.0104214 -2.59345e-07 -1.46731e-09 -2.59345e-07 1.03521e-06 
37
0
0
0.000897235
0.0120817 -0.000335791 -1.4604e-09 -0.000335791 0.0104214 -2.59427e-07 -1.4604e-09 -2.59427e-07 1.03521e-06 
38
0
0
0.00111702
0.0120817 -0.000335779 -1.44552e-09 -0.000335779 0.0104214 -2.59499e-07 -1.44552e-09 -2.59499e-07 1.03521e-06 
39
0
0
0.000372804
0.0120818 -0.000335771 -1.43569e-09 -0.000335771 0.0104214 -2.59561e-07 -1.43569e-09 -2.59561e-07 1.03521e-06 
40
0
0
0.000724161
0.0120817 -0.00033578 -1.43645e-09 -0.00033578 0.0104214 -2.59615e-07 -1.43645e-09 -2.59615e-07 1.03521e-06 
41
0
0
1.75906e-05
0.0120817 -0.000335778 -1.43197e-09 -0.000335778 0.0104214 -2.59663e-07 -1.43197e-09 -2.59663e-07 1.03521e-06 
42
0
0
-2.16447e-05
0.0120817 -0.000335788 -1.43514e-09 -0.000335788 0.0104214 -2.59704e-07 -1.43514e-09 -2.59704e-07 1.03521e-06 
43
0
0
3.72768e-05
0.0120817 -0.000335793 -1.43569e-09 -0.000335793 0.0104214 -2.59741e-07 -1.43569e-09 -2.59741e-07 1.03522e-06 
44
0
0
0.000104367
0.0120817 -0.000335794 -1.42793e-09 -0.000335794 0.0104214 -2.59771e-07 -1.42793e-09 -2.59771e-07 1.03522e-06 
45
0
0
0.000235554
0.0120817 -0.000335793 -1.42143e-09 -0.000335793 0.0104214 -2.59798e-07 -1.42143e-09 -2.59798e-07 1.03522e-06 
46
0
0
4.42668e-05
0.0120817 -0.000335791 -1.41632e-09 -0.000335791 0.0104214 -2.59822e-07 -1.41632e-09 -2.59822e-07 1.03522e-06 
47
0
0
-0.000164566
0.0120817 -0.000335793 -1.4149e-09 -0.000335793 0.0104214 -2.59843e-07 -1.4149e-09 -2.59843e-07 1.03522e-06 
48
0
0
0.000470679
0.0120817 -0.000335797 -1.41543e-09 -0.000335797 0.0104214 -2.59862e-07 -1.41543e-09 -2.59862e-07 1.03522e-06 
49
0
0
-0.000618383
0.0120817 -0.000335789 -1.40888e-09 -0.000335789 0.0104214 -2.59878e-07 -1.40888e-09 -2.59878e-07 1.03522e-06 
50
0
0
0.000899483
0.0120817 -0.000335803 -1.41519e-09 -0.000335803 0.0104214 -2.59893e-07 -1.41519e-09 -2.59893e-07 1.03522e-06 
51
0
0
0.000126428
0.0120817 -0.000335784 -1.40448e-09 -0.000335784 0.0104214 -2.59905e-07 -1.40448e-09 -2.59905e-07 1.03522e-06 
52
0
0
0.00052217
0.0120817 -0.000335789 -1.40675e-09 -0.000335789 0.0104214 -2.59914e-07 -1.40675e-09 -2.59914e-07 1.03522e-06 
53
0
0
0.00076255
0.0120817 -0.000335785 -1.40354e-09 -0.000335785 0.0104214 -2.59923e-07 -1.40354e-09 -2.59923e-07 1.03522e-06 
54
0
0
0.000687204
0.0120817 -0.000335779 -1.40014e-09 -0.000335779 0.0104214 -2.5993e-07 -1.40014e-09 -2.5993e-07 1.03522e-06 
55
0
0
0.00137811
0.0120817 -0.000335778 -1.39941e-09 -0.000335778 0.0104214 -2.59937e-07 -1.39941e-09 -2.59937e-07 1.03522e-06 
56
0
0
0.000375569
0.0120818 -0.000335767 -1.39325e-09 -0.000335767 0.0104214 -2.59944e-07 -1.39325e-09 -2.59944e-07 1.03522e-06 
57
0
0
0.000251457
0.0120817 -0.000335779 -1.39921e-09 -0.000335779 0.0104214 -2.5995e-07 -1.39921e-09 -2.5995e-07 1.03522e-06 
58
0
0
-0.000643245
0.0120817 -0.000335785 -1.40164e-09 -0.000335785 0.0104214 -2.59956e-07 -1.40164e-09 -2.59956e-07 1.03522e-06 
59
0
0
-0.00017967
0.0120817 -0.000335802 -1.41034e-09 -0.000335802 0.0104214 -2.5996e-07 -1.41034e-09 -2.5996e-07 1.03522e-06 
60
0
0
-0.000136472
0.0120817 -0.000335801 -1.40973e-09 -0.000335801 0.0104214 -2.59964e-07 -1.40973e-09 -2.59964e-07 1.03522e-06 
61
0
0
0.000658586
0.0120817 -0.0003358 -1.40226e-09 -0.0003358 0.0104214 -2.59965e-07 -1.40226e-09 -2.59965e-07 1.03522e-06 
62
0
0
0.000385257
0.0120817 -0.000335787 -1.39016e-09 -0.000335787 0.0104214 -2.59966e-07 -1.39016e-09 -2.59966e-07 1.03522e-06 
63
0
0
0.000595261
0.0120817 -0.000335786 -1.38696e-09 -0.000335786 0.0104214 -2.59968e-07 -1.38696e-09 -2.59968e-07 1.03522e-06 
64
0
0
1.05826e-05
0.0120817 -0.000335783 -1.38348e-09 -0.000335783 0.0104214 -2.59969e-07 -1.38348e-09 -2.59969e-07 1.03522e-06 
65
0
0
-0.000630638
0.0120817 -0.00033579 -1.3872e-09 -0.00033579 0.0104214 -2.59971e-07 -1.3872e-09 -2.59971e-07 1.03522e-06 
66
0
0
0.000688426
0.0120817 -0.000335804 -1.39378e-09 -0.000335804 0.0104214 -2.59973e-07 -1.39378e-09 -2.59973e-07 1.03522e-06 
67
0
0
0.000446252
0.0120817 -0.000335788 -1.38428e-09 -0.000335788 0.0104214 -2.59975e-07 -1.38428e-09 -2.59975e-07 1.03522e-06 
68
0
0
-0.00029743
0.0120817 -0.000335786 -1.3782e-09 -0.000335786 0.0104214 -2.59974e-07 -1.3782e-09 -2.59974e-07 1.03522e-06 
69
0
0
-0.000223925
0.0120817 -0.000335796 -1.37987e-09 -0.000335796 0.0104214 -2.59975e-07 -1.37987e-09 -2.59975e-07 1.03522e-06 
70
0
0
0.000667183
0.0120817 -0.0003358 -1.37816e-09 -0.0003358 0.0104214 -2.59975e-07 -1.37816e-09 -2.59975e-07 1.03522e-06 
71
0
0
0.000437632
0.0120817 -0.000335787 -1.36896e-09 -0.000335787 0.0104214 -2.59975e-07 -1.36896e-09 -2.59975e-07 1.03522e-06 
72
0
0
-0.000725276
0.0120817 -0.000335785 -1.3673e-09 -0.000335785 0.0104214 -2.59975e-07 -1.3673e-09 -2.59975e-07 1.03522e-06 
73
0
0
-0.000189337
0.0120817 -0.000335803 -1.37632e-09 -0.000335803 0.0104214 -2.59976e-07 -1.37632e-09 -2.59976e-07 1.03522e-06 
74
0
0
0.00060867
0.0120817 -0.000335802 -1.37465e-09 -0.000335802 0.0104214 -2.59977e-07 -1.37465e-09 -2.59977e-07 1.03522e-06 
75
0
0
0.000332311
0.0120817 -0.000335788 -1.36677e-09 -0.000335788 0.0104214 -2.59978e-07 -1.36677e-09 -2.59978e-07 1.03522e-06 
76
0
0
-0.000275541
0.0120817 -0.000335788 -1.3698e-09 -0.000335788 0.0104214 -2.59972e-07 -1.3698e-09 -2.59972e-07 1.03522e-06 
77
0
0
3.40478e-05
0.0120817 -0.000335797 -1.37748e-09 -0.000335797 0.0104214 -2.59969e-07 -1.37748e-09 -2.59969e-07 1.03522e-06 
78
0
0
-0.000172578
0.0120817 -0.000335796 -1.37779e-09 -0.000335796 0.0104214 -2.59969e-07 -1.37779e-09 -2.59969e-07 1.03522e-06 
79
0
0
-0.000568982
0.0120817 -0.000335798 -1.3797e-09 -0.000335798 0.0104214 -2.59969e-07 -1.3797e-09 -2.59969e-07 1.03522e-06 
80
0
0
-0.000216342
0.0120817 -0.000335806 -1.38418e-09 -0.000335806 0.0104214 -2.59969e-07 -1.38418e-09 -2.59969e-07 1.03522e-06 
81
0
0
-0.000112414
0.0120817 -0.000335803 -1.38276e-09 -0.000335803 0.0104214 -2.59969e-07 -1.38276e-09 -2.59969e-07 1.03522e-06 
82
0
0
-0.000618356
0.0120817 -0.0003358 -1.38125e-09 -0.0003358 0.0104214 -2.5997e-07 -1.38125e-09 -2.5997e-07 1.03522e-06 
83
0
0
-0.000447837
0.0120817 -0.000335807 -1.38462e-09 -0.000335807 0.0104214 -2.5997e-07 -1.38462e-09 -2.5997e-07 1.03522e-06 
84
0
0
0.000492149
0.0120817 -0.000335807 -1.38215e-09 -0.000335807 0.0104214 -2.59972e-07 -1.38215e-09 -2.59972e-07 1.03522e-06 
85
0
0
-0.00121202
0.0120817 -0.000335792 -1.37246e-09 -0.000335792 0.0104214 -2.59974e-07 -1.37246e-09 -2.59974e-07 1.03522e-06 
86
0
0
-0.00033815
0.0120817 -0.000335814 -1.38327e-09 -0.000335814 0.0104214 -2.59975e-07 -1.38327e-09 -2.59975e-07 1.03522e-06 
87
0
0
-0.000727167
0.0120817 -0.000335808 -1.37916e-09 -0.000335808 0.0104214 -2.59975e-07 -1.37916e-09 -2.59975e-07 1.03522e-06 
88
0
0
0.000316896
0.0120817 -0.000335812 -1.38088e-09 -0.000335812 0.0104214 -2.59975e-07 -1.38088e-09 -2.59975e-07 1.03522e-06 
89
0
0
-0.000212375
0.0120817 -0.000335797 -1.37225e-09 -0.000335797 0.0104214 -2.59975e-07 -1.37225e-09 -2.59975e-07 1.03522e-06 
90
0
0
-0.000833288
0.0120817 -0.000335799 -1.37414e-09 -0.000335799 0.0104214 -2.59976e-07 -1.37414e-09 -2.59976e-07 1.03522e-06 
91
0
0
0.000204621
0.0120817 -0.00033581 -1.38008e-09 -0.00033581 0.0104214 -2.59977e-07 -1.38008e-09 -2.59977e-07 1.03522e-06 
92
0
0
0.000553232
0.0120817 -0.000335798 -1.38089e-09 -0.000335798 0.0104214 -2.59974e-07 -1.38089e-09 -2.59974e-07 1.03522e-06 
93
0
0
0.00220042
0.0120817 -0.000335788 -1.38132e-09 -0.000335788 0.0104214 -2.59971e-07 -1.38132e-09 -2.59971e-07 1.03522e-06 
94
0
0
0.00184408
0.0120818 -0.000335758 -1.36853e-09 -0.000335758 0.0104214 -2.59969e-07 -1.36853e-09 -2.59969e-07 1.03522e-06 
95
0
0
-0.00140788
0.0120818 -0.000335752 -1.36805e-09 -0.000335752 0.0104214 -2.59966e-07 -1.36805e-09 -2.59966e-07 1.03522e-06 
96
0
0
-0.00298378
0.0120817 -0.000335801 -1.39751e-09 -0.000335801 0.0104214 -2.59963e-07 -1.39751e-09 -2.59963e-07 1.03522e-06 
97
0
0
-0.00124616
0.0120817 -0.000335845 -1.42253e-09 -0.000335845 0.0104215 -2.5996e-07 -1.42253e-09 -2.5996e-07 1.03522e-06 
98
0
0
-0.000943297
0.0120817 -0.000335834 -1.41711e-09 -0.000335834 0.0104215 -2.59962e-07 -1.41711e-09 -2.59962e-07 1.03522e-06 
99
0
0
-0.00183719
0.0120817 -0.000335825 -1.41042e-09 -0.000335825 0.0104214 -2.59966e-07 -1.41042e-09 -2.59966e-07 1.03522e-06 
100
0
0
-0.00182637
0.0120817 -0.000335836 -1.41537e-09 -0.000335836 0.0104215 -2.59972e-07 -1.41537e-09 -2.59972e-07 1.03522e-06 
101
0
0
0.000592406
0.0120817 -0.00033584 -1.42375e-09 -0.00033584 0.0104215 -2.59978e-07 -1.42375e-09 -2.59978e-07 1.03522e-06 
102
0
0
0.00122006
0.0120817 -0.000335803 -1.40248e-09 -0.000335803 0.0104214 -2.59979e-07 -1.40248e-09 -2.59979e-07 1.03522e-06 
103
0
0
-0.000637903
0.0120817 -0.000335779 -1.38702e-09 -0.000335779 0.0104214 -2.59981e-07 -1.38702e-09 -2.59981e-07 1.03522e-06 
104
0
0
-0.00109103
0.0120817 -0.000335799 -1.39561e-09 -0.000335799 0.0104214 -2.59981e-07 -1.39561e-09 -2.59981e-07 1.03522e-06 
105
0
0
-9.2903e-05
0.0120817 -0.000335814 -1.40565e-09 -0.000335814 0.0104214 -2.59979e-07 -1.40565e-09 -2.59979e-07 1.03522e-06 
106
0
0
0.00151942
0.0120817 -0.000335804 -1.40076e-09 -0.000335804 0.0104214 -2.59976e-07 -1.40076e-09 -2.59976e-07 1.03522e-06 
107
0
0
0.00126667
0.0120817 -0.000335775 -1.38456e-09 -0.000335775 0.0104214 -2.59974e-07 -1.38456e-09 -2.59974e-07 1.03522e-06 
108
0
0
0.000964679
0.0120818 -0.000335768 -1.38865e-09 -0.000335768 0.0104214 -2.59963e-07 -1.38865e-09 -2.59963e-07 1.03522e-06 
109
0
0
-0.000595448
0.0120818 -0.00033577 -1.39735e-09 -0.00033577 0.0104214 -2.59957e-07 -1.39735e-09 -2.59957e-07 1.03522e-06 
110
0
0
0.000294976
0.0120817 -0.000335795 -1.41633e-09 -0.000335795 0.0104214 -2.59955e-07 -1.41633e-09 -2.59955e-07 1.03522e-06 
111
0
0
0.000664921
0.0120817 -0.000335791 -1.41549e-09 -0.000335791 0.0104214 -2.59956e-07 -1.41549e-09 -2.59956e-07 1.03522e-06 
112
0
0
0.000366531
0.0120817 -0.000335783 -1.41081e-09 -0.000335783 0.0104214 -2.59957e-07 -1.41081e-09 -2.59957e-07 1.03522e-06 
113
0
0
0.000482278
0.0120817 -0.000335785 -1.41133e-09 -0.000335785 0.0104214 -2.59958e-07 -1.41133e-09 -2.59958e-07 1.03522e-06 
114
0
0
0.000150816
0.0120817 -0.000335784 -1.41138e-09 -0.000335784 0.0104214 -2.59959e-07 -1.41138e-09 -2.59959e-07 1.03522e-06 
115
0
0
0.000583691
0.0120817 -0.000335789 -1.41817e-09 -0.000335789 0.0104214 -2.59959e-07 -1.41817e-09 -2.59959e-07 1.03522e-06 
116
0
0
0.000733465
0.0120817 -0.000335784 -1.41733e-09 -0.000335784 0.0104214 -2.59958e-07 -1.41733e-09 -2.59958e-07 1.03522e-06 
117
0
0
0.000335636
0.0120817 -0.000335779 -1.41546e-09 -0.000335779 0.0104214 -2.59957e-07 -1.41546e-09 -2.59957e-07 1.03522e-06 
118
0
0
0.000203334
0.0120817 -0.000335784 -1.41816e-09 -0.000335784 0.0104214 -2.59957e-07 -1.41816e-09 -2.59957e-07 1.03522e-06 
119
0
0
0.000997061
0.0120817 -0.000335788 -1.4205e-09 -0.000335788 0.0104214 -2.59957e-07 -1.4205e-09 -2.59957e-07 1.03522e-06 
120
0
0
0.000203617
0.0120817 -0.000335777 -1.41456e-09 -0.000335777 0.0104214 -2.59958e-07 -1.41456e-09 -2.59958e-07 1.03522e-06 
121
0
0
-0.000375085
0.0120817 -0.000335785 -1.41995e-09 -0.000335785 0.0104214 -2.59959e-07 -1.41995e-09 -2.59959e-07 1.03522e-06 
122
0
0
0.000338408
0.0120817 -0.000335798 -1.42774e-09 -0.000335798 0.0104214 -2.5996e-07 -1.42774e-09 -2.5996e-07 1.03522e-06 
123
0
0
0.000155552
0.0120817 -0.000335791 -1.42508e-09 -0.000335791 0.0104214 -2.5996e-07 -1.42508e-09 -2.5996e-07 1.03522e-06 
124
0
0
0.00026666
0.0120817 -0.000335791 -1.42261e-09 -0.000335791 0.0104214 -2.59964e-07 -1.42261e-09 -2.59964e-07 1.03522e-06 
125
0
0
0.000427158
0.0120817 -0.00033579 -1.41912e-09 -0.00033579 0.0104214 -2.59966e-07 -1.41912e-09 -2.59966e-07 1.03522e-06 
126
0
0
-0.000822591
0.0120817 -0.000335787 -1.41622e-09 -0.000335787 0.0104214 -2.59966e-07 -1.41622e-09 -2.59966e-07 1.03522e-06 
127
0
0
0.00039259
0.0120817 -0.000335805 -1.42671e-09 -0.000335805 0.0104214 -2.59967e-07 -1.42671e-09 -2.59967e-07 1.03522e-06 
128
0
0
0.00113693
0.0120817 -0.000335793 -1.41964e-09 -0.000335793 0.0104214 -2.59968e-07 -1.41964e-09 -2.59968e-07 1.03522e-06 
129
0
0
-0.000329818
0.0120817 -0.000335777 -1.41086e-09 -0.000335777 0.0104214 -2.59969e-07 -1.41086e-09 -2.59969e-07 1.03522e-06 
130
0
0
-0.000279656
0.0120817 -0.000335794 -1.4203e-09 -0.000335794 0.0104214 -2.59969e-07 -1.4203e-09 -2.59969e-07 1.03522e-06 
131
0
0
0.000232483
0.0120817 -0.000335799 -1.42314e-09 -0.000335799 0.0104214 -2.5997e-07 -1.42314e-09 -2.5997e-07 1.03522e-06 
132
0
0
-0.000446813
0.0120817 -0.000335793 -1.40893e-09 -0.000335793 0.0104214 -2.59967e-07 -1.40893e-09 -2.59967e-07 1.03522e-06 
133
0
0
0.000266436
0.0120817 -0.000335802 -1.40618e-09 -0.000335802 0.0104214 -2.59966e-07 -1.40618e-09 -2.59966e-07 1.03522e-06 
134
0
0
0.000798731
0.0120817 -0.000335794 -1.39686e-09 -0.000335794 0.0104214 -2.59964e-07 -1.39686e-09 -2.59964e-07 1.03522e-06 
135
0
0
0.000597009
0.0120817 -0.000335782 -1.38816e-09 -0.000335782 0.0104214 -2.59964e-07 -1.38816e-09 -2.59964e-07 1.03522e-06 
136
0
0
0.000286476
0.0120817 -0.000335781 -1.38614e-09 -0.000335781 0.0104214 -2.59966e-07 -1.38614e-09 -2.59966e-07 1.03522e-06 
137
0
0
-0.000639349
0.0120817 -0.000335786 -1.38743e-09 -0.000335786 0.0104214 -2.59967e-07 -1.38743e-09 -2.59967e-07 1.03522e-06 
138
0
0
0.0012327
0.0120817 -0.000335802 -1.39527e-09 -0.000335802 0.0104214 -2.59968e-07 -1.39527e-09 -2.59968e-07 1.03522e-06 
139
0
0
-0.000150945
0.0120817 -0.000335778 -1.38195e-09 -0.000335778 0.0104214 -2.59968e-07 -1.38195e-09 -2.59968e-07 1.03522e-06 
140
0
0
0.000897205
0.0120817 -0.000335791 -1.38924e-09 -0.000335791 0.0104214 -2.59969e-07 -1.38924e-09 -2.59969e-07 1.03522e-06 
141
0
0
0.000660821
0.0120817 -0.00033578 -1.38254e-09 -0.00033578 0.0104214 -2.59969e-07 -1.38254e-09 -2.59969e-07 1.03522e-06 
142
0
0
7.8986e-06
0.0120817 -0.000335779 -1.38205e-09 -0.000335779 0.0104214 -2.59968e-07 -1.38205e-09 -2.59968e-07 1.03522e-06 
143
0
0
0.000557614
0.0120817 -0.000335789 -1.38724e-09 -0.000335789 0.0104214 -2.59968e-07 -1.38724e-09 -2.59968e-07 1.03522e-06 
144
0
0
-0.000185642
0.0120817 -0.000335784 -1.38453e-09 -0.000335784 0.0104214 -2.59969e-07 -1.38453e-09 -2.59969e-07 1.03522e-06 
145
0
0
0.00102467
0.0120817 -0.000335794 -1.38967e-09 -0.000335794 0.0104214 -2.5997e-07 -1.38967e-09 -2.5997e-07 1.03522e-06 
146
0
0
0.000621968
0.0120817 -0.000335779 -1.38108e-09 -0.000335779 0.0104214 -2.59971e-07 -1.38108e-09 -2.59971e-07 1.03522e-06 
147
0
0
0.000498501
0.0120817 -0.000335779 -1.3809e-09 -0.000335779 0.0104214 -2.59971e-07 -1.3809e-09 -2.59971e-07 1.03522e-06 
148
0
0
-8.8641e-05
0.0120817 -0.000335782 -1.38067e-09 -0.000335782 0.0104214 -2.5997e-07 -1.38067e-09 -2.5997e-07 1.03522e-06 
149
0
0
-4.26126e-05
0.0120817 -0.000335792 -1.38567e-09 -0.000335792 0.0104214 -2.59969e-07 -1.38567e-09 -2.59969e-07 1.03522e-06 
150
0
0
-0.000270495
0.0120817 -0.000335795 -1.38693e-09 -0.000335795 0.0104214 -2.5997e-07 -1.38693e-09 -2.5997e-07 1.03522e-06 
151
0
0
-0.00035474
0.0120817 -0.0003358 -1.3889e-09 -0.0003358 0.0104214 -2.59971e-07 -1.3889e-09 -2.59971e-07 1.03522e-06 
152
0
0
-0.000162613
0.0120817 -0.000335803 -1.38936e-09 -0.000335803 0.0104214 -2.59973e-07 -1.38936e-09 -2.59973e-07 1.03522e-06 
153
0
0
-0.000367586
0.0120817 -0.000335801 -1.38733e-09 -0.000335801 0.0104214 -2.59973e-07 -1.38733e-09 -2.59973e-07 1.03522e-06 
154
0
0
0.000547405
0.0120817 -0.000335803 -1.38884e-09 -0.000335803 0.0104214 -2.59974e-07 -1.38884e-09 -2.59974e-07 1.03522e-06 
155
0
0
0.000560827
0.0120817 -0.00033579 -1.38229e-09 -0.00033579 0.0104214 -2.59974e-07 -1.38229e-09 -2.59974e-07 1.03522e-06 
156
0
0
0.00051422
0.0120817 -0.000335785 -1.37867e-09 -0.000335785 0.0104214 -2.5997e-07 -1.37867e-09 -2.5997e-07 1.03522e-06 
157
0
0
0.000360901
0.0120817 -0.000335783 -1.3769e-09 -0.000335783 0.0104214 -2.59967e-07 -1.3769e-09 -2.59967e-07 1.03522e-06 
158
0
0
0.000452344
0.0120817 -0.000335785 -1.37706e-09 -0.000335785 0.0104214 -2.59965e-07 -1.37706e-09 -2.59965e-07 1.03522e-06 
159
0
0
-9.53988e-05
0.0120817 -0.000335784 -1.37636e-09 -0.000335784 0.0104214 -2.59965e-07 -1.37636e-09 -2.59965e-07 1.03522e-06 
160
0
0
0.000487949
0.0120817 -0.000335793 -1.38141e-09 -0.000335793 0.0104214 -2.59965e-07 -1.38141e-09 -2.59965e-07 1.03522e-06 
161
0
0
0.000875084
0.0120817 -0.000335787 -1.37781e-09 -0.000335787 0.0104214 -2.59966e-07 -1.37781e-09 -2.59966e-07 1.03522e-06 
162
0
0
-0.000328969
0.0120817 -0.000335778 -1.37336e-09 -0.000335778 0.0104214 -2.59967e-07 -1.37336e-09 -2.59967e-07 1.03522e-06 
163
0
0
-0.00120715
0.0120817 -0.000335794 -1.38192e-09 -0.000335794 0.0104214 -2.59967e-07 -1.38192e-09 -2.59967e-07 1.03522e-06 
164
0
0
0.000382854
0.0120817 -0.000335814 -1.39251e-09 -0.000335814 0.0104214 -2.59964e-07 -1.39251e-09 -2.59964e-07 1.03522e-06 
165
0
0
0.000566537
0.0120817 -0.000335797 -1.38347e-09 -0.000335797 0.0104214 -2.59962e-07 -1.38347e-09 -2.59962e-07 1.03522e-06 
166
0
0
-0.000678281
0.0120817 -0.000335787 -1.37848e-09 -0.000335787 0.0104214 -2.59959e-07 -1.37848e-09 -2.59959e-07 1.03522e-06 
167
0
0
-0.000851793
0.0120817 -0.000335803 -1.38704e-09 -0.000335803 0.0104214 -2.59958e-07 -1.38704e-09 -2.59958e-07 1.03522e-06 
168
0
0
-0.000995204
0.0120817 -0.000335812 -1.39188e-09 -0.000335812 0.0104214 -2.59957e-07 -1.39188e-09 -2.59957e-07 1.03522e-06 
169
0
0
0.00119735
0.0120817 -0.000335818 -1.39584e-09 -0.000335818 0.0104214 -2.59956e-07 -1.39584e-09 -2.59956e-07 1.03522e-06 
170
0
0
0.00130527
0.0120817 -0.000335785 -1.37812e-09 -0.000335785 0.0104214 -2.59955e-07 -1.37812e-09 -2.59955e-07 1.03522e-06 
171
0
0
-0.000137382
0.0120818 -0.000335771 -1.37063e-09 -0.000335771 0.0104214 -2.59952e-07 -1.37063e-09 -2.59952e-07 1.03522e-06 
172
0
0
0.000313403
0.0120817 -0.000335788 -1.3788e-09 -0.000335788 0.0104214 -2.59949e-07 -1.3788e-09 -2.59949e-07 1.03522e-06 
173
0
0
0.00132623
0.0120817 -0.000335788 -1.3764e-09 -0.000335788 0.0104214 -2.59943e-07 -1.3764e-09 -2.59943e-07 1.03522e-06 
174
0
0
-0.000652516
0.0120818 -0.000335772 -1.36678e-09 -0.000335772 0.0104214 -2.59934e-07 -1.36678e-09 -2.59934e-07 1.03522e-06 
175
0
0
-0.00077913
0.0120817 -0.000335797 -1.37948e-09 -0.000335797 0.0104214 -2.59923e-07 -1.37948e-09 -2.59923e-07 1.03522e-06 
176
0
0
-0.000992581
0.0120817 -0.000335808 -1.38468e-09 -0.000335808 0.0104214 -2.59909e-07 -1.38468e-09 -2.59909e-07 1.03522e-06 
177
0
0
-0.000620233
0.0120817 -0.000335816 -1.3888e-09 -0.000335816 0.0104214 -2.59893e-07 -1.3888e-09 -2.59893e-07 1.03522e-06 
178
0
0
-0.000253089
0.0120817 -0.000335813 -1.39021e-09 -0.000335813 0.0104214 -2.59873e-07 -1.39021e-09 -2.59873e-07 1.03522e-06 
179
0
0
-0.000789177
0.0120817 -0.000335806 -1.39058e-09 -0.000335806 0.0104214 -2.5985e-07 -1.39058e-09 -2.5985e-07 1.03522e-06 
180
0.0502766
0
-0.00177609
0.0120817 -0.000335812 -1.39917e-09 -0.000335812 0.0104214 -2.59822e-07 -1.39917e-09 -2.59822e-07 1.03522e-06 
181
0.0609801
0
-0.00135062
0.0120817 -0.00033583 -1.41273e-09 -0.00033583 0.0104214 -2.59794e-07 -1.41273e-09 -2.59794e-07 1.03522e-06 
182
0.0714347
0
-0.00168238
0.0120817 -0.00033583 -1.41725e-09 -0.00033583 0.0104214 -2.59766e-07 -1.41725e-09 -2.59766e-07 1.03522e-06 
183
0.0809229
0
-0.00316635
0.0120817 -0.000335835 -1.42592e-09 -0.000335835 0.0104215 -2.59738e-07 -1.42592e-09 -2.59738e-07 1.03522e-06 
184
0.0866558
0
-0.000725012
0.0120817 -0.000335861 -1.44315e-09 -0.000335861 0.0104215 -2.59712e-07 -1.44315e-09 -2.59712e-07 1.03522e-06 
185
0.0911174
0
0.00333484
0.0120817 -0.000335832 -1.42835e-09 -0.000335832 0.0104214 -2.59696e-07 -1.42835e-09 -2.59696e-07 1.03522e-06 
186
0.0965346
0
0.00234536
0.0120818 -0.000335757 -1.39208e-09 -0.000335757 0.0104214 -2.59684e-07 -1.39208e-09 -2.59684e-07 1.03522e-06 
187
0.100575
0
-0.00185232
0.0120818 -0.000335743 -1.38962e-09 -0.000335743 0.0104214 -2.5967e-07 -1.38962e-09 -2.5967e-07 1.03522e-06 
188
0.107836
0
-0.00193528
0.0120817 -0.000335805 -1.45171e-09 -0.000335805 0.0104214 -2.59658e-07 -1.45171e-09 -2.59658e-07 1.03522e-06 
189
0.116434
0
-0.000877189
0.0120817 -0.00033583 -1.47807e-09 -0.00033583 0.0104214 -2.5964e-07 -1.47807e-09 -2.5964e-07 1.03522e-06 
190
0.125437
0
-0.000700124
0.0120817 -0.000335823 -1.4823e-09 -0.000335823 0.0104214 -2.59617e-07 -1.4823e-09 -2.59617e-07 1.03522e-06 
191
0.133538
0
-0.00288629
0.0120817 -0.000335817 -1.48568e-09 -0.000335817 0.0104214 -2.59593e-07 -1.48568e-09 -2.59593e-07 1.03522e-06 
192
0.141105
0
-0.000366518
0.0120817 -0.000335849 -1.50984e-09 -0.000335849 0.0104215 -2.59571e-07 -1.50984e-09 -2.59571e-07 1.03522e-06 
193
0.149318
0
0.00472226
0.0120817 -0.000335822 -1.49835e-09 -0.000335822 0.0104214 -2.59551e-07 -1.49835e-09 -2.59551e-07 1.03522e-06 
194
0.157608
0
0.00385649
0.0120818 -0.000335731 -1.45496e-09 -0.000335731 0.0104214 -2.5953e-07 -1.45496e-09 -2.5953e-07 1.03522e-06 
195
0.161448
0
-0.000623647
0.0120818 -0.00033571 -1.45392e-09 -0.00033571 0.0104214 -2.59507e-07 -1.45392e-09 -2.59507e-07 1.03522e-06 
196
0.168366
0
-0.00291682
0.0120818 -0.000335773 -1.51084e-09 -0.000335773 0.0104214 -2.59496e-07 -1.51084e-09 -2.59496e-07 1.03522e-06 
197
0.17585
0
-0.000947347
0.0120817 -0.000335833 -1.55736e-09 -0.000335833 0.0104215 -2.59478e-07 -1.55736e-09 -2.59478e-07 1.03522e-06 
198
0.182837
0
0.00184103
0.0120817 -0.000335825 -1.56396e-09 -0.000335825 0.0104214 -2.59458e-07 -1.56396e-09 -2.59458e-07 1.03522e-06 
199
0.189289
0
0.00280486
0.0120817 -0.000335777 -1.54768e-09 -0.000335777 0.0104214 -2.59439e-07 -1.54768e-09 -2.59439e-07 1.03522e-06 
200
0.19592
0
0.00255272
0.0120818 -0.000335744 -1.53736e-09 -0.000335744 0.0104214 -2.59422e-07 -1.53736e-09 -2.59422e-07 1.03522e-06 
201
0.202812
0
0.00288405
0.0120818 -0.000335735 -1.53895e-09 -0.000335735 0.0104214 -2.59404e-07 -1.53895e-09 -2.59404e-07 1.03522e-06 
202
0.210148
0
0.00115455
0.0120818 -0.000335727 -1.54245e-09 -0.000335727 0.0104214 -2.59386e-07 -1.54245e-09 -2.59386e-07 1.03522e-06 
203
0.210212
0.0535219
-6.34791e-05
0.0120818 -0.000335751 -1.56417e-09 -0.000335751 0.0104214 -2.59366e-07 -1.56417e-09 -2.59366e-07 1.03522e-06 
204
0.213673
0.0584773
-0.00656502
0.0120817 -0.00033578 -1.60345e-09 -0.00033578 0.0104214 -2.59364e-07 -1.60345e-09 -2.59364e-07 1.03522e-06 
205
0.219713
0.0603975
-0.0111934
0.0120817 -0.000335893 -1.68093e-09 -0.000335893 0.0104215 -2.59355e-07 -1.68093e-09 -2.59355e-07 1.03522e-06 
206
0.227914
0.0601255
-0.0117847
0.0120816 -0.00033601 -1.74407e-09 -0.00033601 0.0104215 -2.59339e-07 -1.74407e-09 -2.59339e-07 1.03522e-06 
207
0.238524
0.0593712
-0.0130511
0.0120816 -0.000336064 -1.76554e-09 -0.000336064 0.0104215 -2.59318e-07 -1.76554e-09 -2.59318e-07 1.03522e-06 
208
0.249783
0.0600573
-0.016759
0.0120816 -0.000336105 -1.77941e-09 -0.000336105 0.0104215 -2.5929e-07 -1.77941e-09 -2.5929e-07 1.03522e-06 
209
0.261636
0.0610157
-0.0216768
0.0120815 -0.000336179 -1.81576e-09 -0.000336179 0.0104216 -2.59259e-07 -1.81576e-09 -2.59259e-07 1.03522e-06 
210
0.271918
0.0610047
-0.022471
0.0120815 -0.000336285 -1.86827e-09 -0.000336285 0.0104216 -2.59227e-07 -1.86827e-09 -2.59227e-07 1.03522e-06 
211
0.275701
0.0665647
-0.0228253
0.0120815 -0.000336338 -1.89012e-09 -0.000336338 0.0104216 -2.592e-07 -1.89012e-09 -2.592e-07 1.03522e-06 
212
0.282106
0.0692325
-0.0236011
0.0120814 -0.000336364 -1.92239e-09 -0.000336364 0.0104216 -2.59188e-07 -1.92239e-09 -2.59188e-07 1.03522e-06 
213
0.288722
0.0716052
-0.0266176
0.0120814 -0.000336386 -1.9458e-09 -0.000336386 0.0104216 -2.59171e-07 -1.9458e-09 -2.59171e-07 1.03522e-06 
214
0.295794
0.0722894
-0.0273021
0.0120814 -0.000336442 -1.98338e-09 -0.000336442 0.0104217 -2.59153e-07 -1.98338e-09 -2.59153e-07 1.03522e-06 
215
0.302978
0.073581
-0.0288433
0.0120814 -0.000336474 -2.00095e-09 -0.000336474 0.0104217 -2.59134e-07 -2.00095e-09 -2.59134e-07 1.03522e-06 
216
0.309332
0.0758361
-0.0314055
0.0120814 -0.000336511 -2.0224e-09 -0.000336511 0.0104217 -2.59115e-07 -2.0224e-09 -2.59115e-07 1.03522e-06 
217
0.315523
0.0773201
-0.0317189
0.0120813 -0.000336565 -2.05654e-09 -0.000336565 0.0104217 -2.59097e-07 -2.05654e-09 -2.59097e-07 1.03522e-06 
218
0.319959
0.0772687
-0.0304629
0.0120813 -0.000336591 -2.0736e-09 -0.000336591 0.0104217 -2.59081e-07 -2.0736e-09 -2.59081e-07 1.03522e-06 
219
0.317152
0.085477
-0.0311786
0.0120813 -0.000336581 -2.06762e-09 -0.000336581 0.0104217 -2.59069e-07 -2.06762e-09 -2.59069e-07 1.03522e-06 
220
0.316609
0.0896946
-0.0327092
0.0120813 -0.000336588 -2.10413e-09 -0.000336588 0.0104217 -2.59074e-07 -2.10413e-09 -2.59074e-07 1.03522e-06 
221
0.318716
0.0923726
-0.0343624
0.0120813 -0.000336616 -2.13862e-09 -0.000336616 0.0104217 -2.59076e-07 -2.13862e-09 -2.59076e-07 1.03522e-06 
222
0.32087
0.0944345
-0.0321377
0.0120813 -0.000336652 -2.16873e-09 -0.000336652 0.0104217 -2.5907e-07 -2.16873e-09 -2.5907e-07 1.03522e-06 
223
0.321249
0.0964166
-0.0307994
0.0120813 -0.000336631 -2.16681e-09 -0.000336631 0.0104217 -2.59065e-07 -2.16681e-09 -2.59065e-07 1.03522e-06 
224
0.322259
0.0976082
-0.0319624
0.0120813 -0.000336601 -2.16223e-09 -0.000336601 0.0104217 -2.59063e-07 -2.16223e-09 -2.59063e-07 1.03522e-06 
225
0.325061
0.0970955
-0.0303803
0.0120813 -0.000336609 -2.17275e-09 -0.000336609 0.0104217 -2.59061e-07 -2.17275e-09 -2.59061e-07 1.03522e-06 
226
0.327091
0.0974448
-0.0308477
0.0120813 -0.000336586 -2.16049e-09 -0.000336586 0.0104217 -2.59054e-07 -2.16049e-09 -2.59054e-07 1.03522e-06 
227
0.319939
0.102685
-0.0342825
0.0120813 -0.000336585 -2.16156e-09 -0.000336585 0.0104217 -2.59048e-07 -2.16156e-09 -2.59048e-07 1.03522e-06 
228
0.317697
0.106213
-0.0344038
0.0120813 -0.000336639 -2.20866e-09 -0.000336639 0.0104217 -2.59065e-07 -2.20866e-09 -2.59065e-07 1.03522e-06 
229
0.317526
0.107868
-0.0327476
0.0120813 -0.000336662 -2.2347e-09 -0.000336662 0.0104217 -2.59072e-07 -2.2347e-09 -2.59072e-07 1.03522e-06 
230
0.319467
0.109099
-0.0329867
0.0120813 -0.000336644 -2.23404e-09 -0.000336644 0.0104217 -2.59073e-07 -2.23404e-09 -2.59073e-07 1.03522e-06 
231
0.323117
0.10986
-0.0315637
0.0120813 -0.000336641 -2.23924e-09 -0.000336641 0.0104217 -2.59068e-07 -2.23924e-09 -2.59068e-07 1.03522e-06 
232
0.324801
0.110948
-0.0333122
0.0120813 -0.000336617 -2.23206e-09 -0.000336617 0.0104217 -2.59059e-07 -2.23206e-09 -2.59059e-07 1.03522e-06 
233
0.326726
0.112407
-0.0357234
0.0120813 -0.000336636 -2.24678e-09 -0.000336636 0.0104217 -2.59053e-07 -2.24678e-09 -2.59053e-07 1.03522e-06 
234
0.330606
0.111394
-0.0326358
0.0120813 -0.000336681 -2.27464e-09 -0.000336681 0.0104217 -2.59048e-07 -2.27464e-09 -2.59048e-07 1.03522e-06 
235
0.329437
0.119735
-0.0324483
0.0120813 -0.00033665 -2.25455e-09 -0.00033665 0.0104217 -2.59038e-07 -2.25455e-09 -2.59038e-07 1.03522e-06 
236
0.331326
0.125553
-0.0318752
0.0120813 -0.000336635 -2.28154e-09 -0.000336635 0.0104217 -2.5904e-07 -2.28154e-09 -2.5904e-07 1.03522e-06 
237
0.3334
0.128995
-0.0321692
0.0120813 -0.00033662 -2.30411e-09 -0.00033662 0.0104217 -2.59036e-07 -2.30411e-09 -2.59036e-07 1.03522e-06 
238
0.336693
0.130877
-0.0346722
0.0120813 -0.000336619 -2.32275e-09 -0.000336619 0.0104217 -2.5903e-07 -2.32275e-09 -2.5903e-07 1.03522e-06 
239
0.340694
0.13265
-0.0349512
0.0120813 -0.000336658 -2.35211e-09 -0.000336658 0.0104217 -2.59021e-07 -2.35211e-09 -2.59021e-07 1.03522e-06 
240
0.344516
0.133544
-0.0330893
0.0120813 -0.000336677 -2.36852e-09 -0.000336677 0.0104217 -2.59011e-07 -2.36852e-09 -2.59011e-07 1.03522e-06 
241
0.34748
0.132208
-0.0293459
0.0120813 -0.000336655 -2.36165e-09 -0.000336655 0.0104217 -2.59e-07 -2.36165e-09 -2.59e-07 1.03522e-06 
242
0.349796
0.133594
-0.0292614
0.0120813 -0.000336588 -2.32504e-09 -0.000336588 0.0104217 -2.58993e-07 -2.32504e-09 -2.58993e-07 1.03522e-06 
243
0.344666
0.14059
-0.030543
0.0120813 -0.00033656 -2.3195e-09 -0.00033656 0.0104217 -2.58986e-07 -2.3195e-09 -2.58986e-07 1.03522e-06 
244
0.343017
0.145457
-0.0309198
0.0120813 -0.00033657 -2.35512e-09 -0.00033657 0.0104217 -2.58998e-07 -2.35512e-09 -2.58998e-07 1.03522e-06 
245
0.343798
0.148832
-0.0304877
0.0120813 -0.00033658 -2.38383e-09 -0.00033658 0.0104217 -2.59003e-07 -2.38383e-09 -2.59003e-07 1.03522e-06 
246
0.343949
0.151617
-0.0304527
0.0120813 -0.000336577 -2.39905e-09 -0.000336577 0.0104217 -2.59001e-07 -2.39905e-09 -2.59001e-07 1.03522e-06 
247
0.344978
0.153237
-0.0304693
0.0120813 -0.000336575 -2.41184e-09 -0.000336575 0.0104217 -2.59001e-07 -2.41184e-09 -2.59001e-07 1.03522e-06 
248
0.344322
0.155018
-0.0306368
0.0120813 -0.000336575 -2.42016e-09 -0.000336575 0.0104217 -2.58998e-07 -2.42016e-09 -2.58998e-07 1.03522e-06 
249
0.345309
0.155249
-0.0289936
0.0120813 -0.000336577 -2.42992e-09 -0.000336577 0.0104217 -2.58999e-07 -2.42992e-09 -2.58999e-07 1.03522e-06 
250
0.347235
0.155119
-0.0258542
0.0120813 -0.000336552 -2.42014e-09 -0.000336552 0.0104217 -2.58997e-07 -2.42014e-09 -2.58997e-07 1.03522e-06 
251
0.343906
0.16303
-0.0245997
0.0120814 -0.000336493 -2.39252e-09 -0.000336493 0.0104217 -2.58993e-07 -2.39252e-09 -2.58993e-07 1.03522e-06 
252
0.343505
0.169093
-0.0255774
0.0120814 -0.00033645 -2.40691e-09 -0.00033645 0.0104217 -2.59e-07 -2.40691e-09 -2.59e-07 1.03522e-06 
253
0.343201
0.174181
-0.0270887
0.0120814 -0.00033645 -2.4383e-09 -0.00033645 0.0104217 -2.59002e-07 -2.4383e-09 -2.59002e-07 1.03522e-06 
254
0.344792
0.176838
-0.0271427
0.0120814 -0.000336473 -2.4753e-09 -0.000336473 0.0104217 -2.59002e-07 -2.4753e-09 -2.59002e-07 1.03522e-06 
255
0.34624
0.17953
-0.0253162
0.0120814 -0.000336483 -2.49375e-09 -0.000336483 0.0104217 -2.58998e-07 -2.49375e-09 -2.58998e-07 1.03522e-06 
256
0.348348
0.179819
-0.0259713
0.0120814 -0.000336458 -2.49423e-09 -0.000336458 0.0104217 -2.58994e-07 -2.49423e-09 -2.58994e-07 1.03522e-06 
257
0.352092
0.180516
-0.0293503
0.0120814 -0.000336459 -2.49869e-09 -0.000336459 0.0104217 -2.58989e-07 -2.49869e-09 -2.58989e-07 1.03522e-06 
258
0.354992
0.180783
-0.0299239
0.0120814 -0.000336513 -2.52806e-09 -0.000336513 0.0104217 -2.58979e-07 -2.52806e-09 -2.58979e-07 1.03522e-06 
259
0.349046
0.186245
-0.0275279
0.0120813 -0.000336542 -2.54221e-09 -0.000336542 0.0104217 -2.58971e-07 -2.54221e-09 -2.58971e-07 1.03522e-06 
260
0.350072
0.18896
-0.0270278
0.0120813 -0.000336516 -2.55036e-09 -0.000336516 0.0104217 -2.58985e-07 -2.55036e-09 -2.58985e-07 1.03522e-06 
261
0.350131
0.191224
-0.0275523
0.0120814 -0.000336498 -2.55702e-09 -0.000336498 0.0104217 -2.58983e-07 -2.55702e-09 -2.58983e-07 1.03522e-06 
262
0.352724
0.195663
-0.0286322
0.0120814 -0.000336499 -2.57031e-09 -0.000336499 0.0104217 -2.58983e-07 -2.57031e-09 -2.58983e-07 1.03522e-06 
263
0.35701
0.196388
-0.0279719
0.0120814 -0.000336517 -2.59895e-09 -0.000336517 0.0104217 -2.58976e-07 -2.59895e-09 -2.58976e-07 1.03522e-06 
264
0.360425
0.197242
-0.0266551
0.0120814 -0.000336513 -2.60267e-09 -0.000336513 0.0104217 -2.58965e-07 -2.60267e-09 -2.58965e-07 1.03522e-06 
265
0.365352
0.197027
-0.025209
0.0120814 -0.000336491 -2.59647e-09 -0.000336491 0.0104217 -2.58956e-07 -2.59647e-09 -2.58956e-07 1.03522e-06 
266
0.37033
0.197526
-0.0226569
0.0120814 -0.000336459 -2.58228e-09 -0.000336459 0.0104217 -2.58943e-07 -2.58228e-09 -2.58943e-07 1.03522e-06 
267
0.366021
0.20397
-0.0226477
0.0120814 -0.000336407 -2.5607e-09 -0.000336407 0.0104216 -2.5893e-07 -2.5607e-09 -2.5893e-07 1.03522e-06 
268
0.365567
0.208645
-0.0275954
0.0120814 -0.000336387 -2.57986e-09 -0.000336387 0.0104216 -2.5894e-07 -2.57986e-09 -2.5894e-07 1.03522e-06 
269
0.368212
0.212354
-0.0300376
0.0120814 -0.000336457 -2.63805e-09 -0.000336457 0.0104217 -2.58941e-07 -2.63805e-09 -2.58941e-07 1.03522e-06 
270
0.371248
0.21474
-0.0297618
0.0120814 -0.000336523 -2.68566e-09 -0.000336523 0.0104217 -2.58934e-07 -2.68566e-09 -2.58934e-07 1.03522e-06 
271
0.376418
0.214457
-0.0292023
0.0120813 -0.000336544 -2.70494e-09 -0.000336544 0.0104217 -2.58926e-07 -2.70494e-09 -2.58926e-07 1.03522e-06 
272
0.378715
0.214472
-0.0296301
0.0120813 -0.000336543 -2.70375e-09 -0.000336543 0.0104217 -2.58913e-07 -2.70375e-09 -2.58913e-07 1.03522e-06 
273
0.383134
0.215587
-0.0296021
0.0120813 -0.000336549 -2.70702e-09 -0.000336549 0.0104217 -2.58906e-07 -2.70702e-09 -2.58906e-07 1.03522e-06 
274
0.387286
0.217535
-0.0317485
0.0120813 -0.000336551 -2.71265e-09 -0.000336551 0.0104217 -2.58895e-07 -2.71265e-09 -2.58895e-07 1.03522e-06 
275
0.385782
0.226394
-0.0304487
0.0120813 -0.000336586 -2.73789e-09 -0.000336586 0.0104217 -2.58883e-07 -2.73789e-09 -2.58883e-07 1.03522e-06 
276
0.38445
0.231423
-0.0301364
0.0120813 -0.000336578 -2.7704e-09 -0.000336578 0.0104217 -2.58886e-07 -2.7704e-09 -2.58886e-07 1.03522e-06 
277
0.385974
0.234643
-0.0267609
0.0120813 -0.000336571 -2.79297e-09 -0.000336571 0.0104217 -2.58889e-07 -2.79297e-09 -2.58889e-07 1.03522e-06 
278
0.389687
0.236338
-0.0233973
0.0120813 -0.000336514 -2.7834e-09 -0.000336514 0.0104217 -2.58886e-07 -2.7834e-09 -2.58886e-07 1.03522e-06 
279
0.398528
0.236693
-0.017413
0.0120814 -0.000336439 -2.7591e-09 -0.000336439 0.0104217 -2.58877e-07 -2.7591e-09 -2.58877e-07 1.03522e-06 
280
0.398807
0.238455
-0.00724579
0.0120814 -0.000336316 -2.70627e-09 -0.000336316 0.0104216 -2.58855e-07 -2.70627e-09 -2.58855e-07 1.03522e-06 
281
0.399402
0.249125
-0.0196218
0.0120816 -0.000336108 -2.6195e-09 -0.000336108 0.0104215 -2.58853e-07 -2.6195e-09 -2.58853e-07 1.03522e-06 
282
0.405498
0.24945
-0.0315048
0.0120815 -0.000336225 -2.7288e-09 -0.000336225 0.0104216 -2.5885e-07 -2.7288e-09 -2.5885e-07 1.03522e-06 
283
0.404987
0.258478
-0.0348839
0.0120814 -0.000336458 -2.84611e-09 -0.000336458 0.0104217 -2.58834e-07 -2.84611e-09 -2.58834e-07 1.03522e-06 
284
0.409494
0.257434
-0.0259972
0.0120813 -0.0003366 -2.94233e-09 -0.0003366 0.0104217 -2.58834e-07 -2.94233e-09 -2.58834e-07 1.03522e-06 
285
0.41011
0.260985
-0.0240939
0.0120814 -0.000336513 -2.89488e-09 -0.000336513 0.0104217 -2.58823e-07 -2.89488e-09 -2.58823e-07 1.03522e-06 
286
0.416394
0.262944
-0.0301935
0.0120814 -0.00033645 -2.8812e-09 -0.00033645 0.0104217 -2.58821e-07 -2.8812e-09 -2.58821e-07 1.03522e-06 
287
0.423495
0.265458
-0.0358349
0.0120813 -0.000336523 -2.92984e-09 -0.000336523 0.0104217 -2.58805e-07 -2.92984e-09 -2.58805e-07 1.03522e-06 
288
0.431361
0.266475
-0.035627
0.0120813 -0.00033664 -2.99615e-09 -0.00033664 0.0104217 -2.58785e-07 -2.99615e-09 -2.58785e-07 1.03522e-06 
289
0.438213
0.266229
-0.0309906
0.0120813 -0.000336681 -3.01748e-09 -0.000336681 0.0104217 -2.58764e-07 -3.01748e-09 -2.58764e-07 1.03522e-06 
290
0.442828
0.268678
-0.029067
0.0120813 -0.000336623 -2.98731e-09 -0.000336623 0.0104217 -2.58746e-07 -2.98731e-09 -2.58746e-07 1.03522e-06 
291
0.441045
0.274178
-0.0276275
0.0120813 -0.000336571 -2.97414e-09 -0.000336571 0.0104217 -2.58734e-07 -2.97414e-09 -2.58734e-07 1.03522e-06 
292
0.443227
0.277493
-0.0272226
0.0120813 -0.000336528 -2.98013e-09 -0.000336528 0.0104217 -2.58737e-07 -2.98013e-09 -2.58737e-07 1.03522e-06 
293
0.445017
0.281485
-0.0274011
0.0120814 -0.000336505 -2.98849e-09 -0.000336505 0.0104217 -2.58732e-07 -2.98849e-09 -2.58732e-07 1.03522e-06 
294
0.449959
0.283502
-0.025705
0.0120814 -0.000336499 -3.00572e-09 -0.000336499 0.0104217 -2.58727e-07 -3.00572e-09 -2.58727e-07 1.03522e-06 
295
0.454361
0.285917
-0.0268043
0.0120814 -0.00033647 -3.00296e-09 -0.00033647 0.0104217 -2.58715e-07 -3.00296e-09 -2.58715e-07 1.03522e-06 
296
0.456001
0.288578
-0.0336516
0.0120814 -0.000336476 -3.01825e-09 -0.000336476 0.0104217 -2.58703e-07 -3.01825e-09 -2.58703e-07 1.03522e-06 
297
0.461026
