0
0
0
0.000108461
0.00632102 -7.44339e-05 -4.31087e-09 -7.44339e-05 0.0065425 -1.42373e-07 -4.31087e-09 -1.42373e-07 1.21851e-06 
1
0
0
0.000223145
0.0093053 -0.000180885 -4.20806e-09 -0.000180885 0.00905162 -1.84348e-07 -4.20806e-09 -1.84348e-07 1.03651e-06 
2
0
0
0.000440338
0.0107701 -0.000255988 -3.74273e-09 -0.000255988 0.00996569 -2.08396e-07 -3.74273e-09 -2.08396e-07 1.03685e-06 
3
0
0
-0.000256683
0.0114639 -0.000297126 -3.3165e-09 -0.000297126 0.010272 -2.19303e-07 -3.3165e-09 -2.19303e-07 1.0371e-06 
4
0
0
-0.000253795
0.0117902 -0.000317558 -3.02036e-09 -0.000317558 0.0103719 -2.24957e-07 -3.02036e-09 -2.24957e-07 1.03671e-06 
5
0
0
-0.000313675
0.0119437 -0.000327283 -2.81244e-09 -0.000327283 0.0104043 -2.28746e-07 -2.81244e-09 -2.28746e-07 1.03631e-06 
6
0
0
-0.000422698
0.0120159 -0.000331826 -2.6547e-09 -0.000331826 0.0104149 -2.31828e-07 -2.6547e-09 -2.31828e-07 1.036e-06 
7
0
0
-0.00020926
0.01205 -0.000333932 -2.52223e-09 -0.000333932 0.0104185 -2.34573e-07 -2.52223e-09 -2.34573e-07 1.03576e-06 
8
0
0
-2.95869e-05
0.0120662 -0.000334904 -2.40218e-09 -0.000334904 0.0104197 -2.37092e-07 -2.40218e-09 -2.37092e-07 1.03558e-06 
9
0
0
-0.00111443
0.0120739 -0.000335353 -2.29063e-09 -0.000335353 0.0104202 -2.39417e-07 -2.29063e-09 -2.39417e-07 1.03545e-06 
10
0
0
-0.000460849
0.0120777 -0.000335582 -2.19437e-09 -0.000335582 0.0104205 -2.41557e-07 -2.19437e-09 -2.41557e-07 1.03535e-06 
11
0
0
-0.000819984
0.0120795 -0.00033568 -2.09461e-09 -0.00033568 0.0104206 -2.43518e-07 -2.09461e-09 -2.43518e-07 1.03528e-06 
12
0
0
-0.000449546
0.0120804 -0.000335734 -2.0072e-09 -0.000335734 0.0104207 -2.45306e-07 -2.0072e-09 -2.45306e-07 1.03523e-06 
13
0
0
-0.000781347
0.0120809 -0.000335757 -1.92281e-09 -0.000335757 0.0104208 -2.46927e-07 -1.92281e-09 -2.46927e-07 1.03519e-06 
14
0
0
0.000508386
0.0120812 -0.000335775 -1.84842e-09 -0.000335775 0.0104209 -2.48393e-07 -1.84842e-09 -2.48393e-07 1.03517e-06 
15
0
0
2.20267e-05
0.0120814 -0.000335765 -1.7676e-09 -0.000335765 0.010421 -2.49712e-07 -1.7676e-09 -2.49712e-07 1.03515e-06 
16
0
0
-0.000292128
0.0120815 -0.000335771 -1.70394e-09 -0.000335771 0.010421 -2.50894e-07 -1.70394e-09 -2.50894e-07 1.03514e-06 
17
0
0
0.000855277
0.0120815 -0.00033578 -1.64873e-09 -0.00033578 0.0104211 -2.51951e-07 -1.64873e-09 -2.51951e-07 1.03514e-06 
18
0
0
-0.000482045
0.0120816 -0.000335767 -1.58726e-09 -0.000335767 0.0104211 -2.52895e-07 -1.58726e-09 -2.52895e-07 1.03514e-06 
19
0
0
9.16769e-05
0.0120816 -0.000335785 -1.5475e-09 -0.000335785 0.0104212 -2.53734e-07 -1.5475e-09 -2.53734e-07 1.03514e-06 
20
0
0
5.09561e-05
0.0120816 -0.000335784 -1.50366e-09 -0.000335784 0.0104212 -2.54482e-07 -1.50366e-09 -2.54482e-07 1.03514e-06 
21
0
0
-0.000940242
0.0120817 -0.000335785 -1.46614e-09 -0.000335785 0.0104212 -2.55143e-07 -1.46614e-09 -2.55143e-07 1.03515e-06 
22
0
0
-0.000592651
0.0120817 -0.000335802 -1.44076e-09 -0.000335802 0.0104213 -2.55727e-07 -1.44076e-09 -2.55727e-07 1.03515e-06 
23
0
0
-0.000484988
0.0120817 -0.000335804 -1.4106e-09 -0.000335804 0.0104213 -2.56243e-07 -1.4106e-09 -2.56243e-07 1.03516e-06 
24
0
0
-0.000157745
0.0120817 -0.000335803 -1.38264e-09 -0.000335803 0.0104213 -2.56697e-07 -1.38264e-09 -2.56697e-07 1.03516e-06 
25
0
0
-0.00064872
0.0120817 -0.000335798 -1.3553e-09 -0.000335798 0.0104213 -2.57098e-07 -1.3553e-09 -2.57098e-07 1.03517e-06 
26
0
0
-0.000208507
0.0120817 -0.000335804 -1.33684e-09 -0.000335804 0.0104213 -2.57449e-07 -1.33684e-09 -2.57449e-07 1.03517e-06 
27
0
0
-0.000490521
0.0120817 -0.0003358 -1.31509e-09 -0.0003358 0.0104214 -2.57759e-07 -1.31509e-09 -2.57759e-07 1.03518e-06 
28
0
0
-0.000619347
0.0120817 -0.000335803 -1.30112e-09 -0.000335803 0.0104214 -2.5803e-07 -1.30112e-09 -2.5803e-07 1.03518e-06 
29
0
0
-0.000300526
0.0120817 -0.000335807 -1.28844e-09 -0.000335807 0.0104214 -2.58268e-07 -1.28844e-09 -2.58268e-07 1.03519e-06 
30
0
0
-1.41216e-05
0.0120817 -0.000335803 -1.27328e-09 -0.000335803 0.0104214 -2.58477e-07 -1.27328e-09 -2.58477e-07 1.03519e-06 
31
0
0
0.00036475
0.0120817 -0.000335798 -1.25875e-09 -0.000335798 0.0104214 -2.58659e-07 -1.25875e-09 -2.58659e-07 1.03519e-06 
32
0
0
-0.000308674
0.0120817 -0.00033579 -1.24388e-09 -0.00033579 0.0104214 -2.58819e-07 -1.24388e-09 -2.58819e-07 1.0352e-06 
33
0
0
-0.000129272
0.0120817 -0.000335797 -1.23855e-09 -0.000335797 0.0104214 -2.58958e-07 -1.23855e-09 -2.58958e-07 1.0352e-06 
34
0
0
0.000912449
0.0120817 -0.000335798 -1.22985e-09 -0.000335798 0.0104214 -2.5908e-07 -1.22985e-09 -2.5908e-07 1.0352e-06 
35
0
0
0.000251231
0.0120817 -0.000335781 -1.21373e-09 -0.000335781 0.0104214 -2.59187e-07 -1.21373e-09 -2.59187e-07 1.0352e-06 
36
0
0
0.000335455
0.0120817 -0.000335786 -1.20926e-09 -0.000335786 0.0104214 -2.59279e-07 -1.20926e-09 -2.59279e-07 1.03521e-06 
37
0
0
0.000793515
0.0120817 -0.000335786 -1.20294e-09 -0.000335786 0.0104214 -2.5936e-07 -1.20294e-09 -2.5936e-07 1.03521e-06 
38
0
0
8.50901e-05
0.0120817 -0.000335779 -1.19288e-09 -0.000335779 0.0104214 -2.59431e-07 -1.19288e-09 -2.59431e-07 1.03521e-06 
39
0
0
-0.000177818
0.0120817 -0.000335788 -1.1925e-09 -0.000335788 0.0104214 -2.59493e-07 -1.1925e-09 -2.59493e-07 1.03521e-06 
40
0
0
-0.000514374
0.0120817 -0.000335795 -1.19227e-09 -0.000335795 0.0104214 -2.59547e-07 -1.19227e-09 -2.59547e-07 1.03521e-06 
41
0
0
0.000254146
0.0120817 -0.000335803 -1.19314e-09 -0.000335803 0.0104214 -2.59594e-07 -1.19314e-09 -2.59594e-07 1.03521e-06 
42
0
0
0.000104908
0.0120817 -0.000335794 -1.18534e-09 -0.000335794 0.0104214 -2.59635e-07 -1.18534e-09 -2.59635e-07 1.03521e-06 
43
0
0
0.00012029
0.0120817 -0.000335793 -1.18236e-09 -0.000335793 0.0104214 -2.59671e-07 -1.18236e-09 -2.59671e-07 1.03522e-06 
44
0
0
-0.000652746
0.0120817 -0.000335793 -1.18147e-09 -0.000335793 0.0104214 -2.597e-07 -1.18147e-09 -2.597e-07 1.03522e-06 
45
0
0
0.000421111
0.0120817 -0.000335805 -1.18731e-09 -0.000335805 0.0104214 -2.59726e-07 -1.18731e-09 -2.59726e-07 1.03522e-06 
46
0
0
-0.000769109
0.0120817 -0.000335792 -1.17875e-09 -0.000335792 0.0104214 -2.59749e-07 -1.17875e-09 -2.59749e-07 1.03522e-06 
47
0
0
-0.000321972
0.0120817 -0.000335807 -1.18516e-09 -0.000335807 0.0104214 -2.5977e-07 -1.18516e-09 -2.5977e-07 1.03522e-06 
48
0
0
-0.000312279
0.0120817 -0.000335805 -1.18258e-09 -0.000335805 0.0104214 -2.59788e-07 -1.18258e-09 -2.59788e-07 1.03522e-06 
49
0
0
0.000850373
0.0120817 -0.000335804 -1.18094e-09 -0.000335804 0.0104214 -2.59803e-07 -1.18094e-09 -2.59803e-07 1.03522e-06 
50
0
0
-0.000321154
0.0120817 -0.000335785 -1.16985e-09 -0.000335785 0.0104214 -2.59817e-07 -1.16985e-09 -2.59817e-07 1.03522e-06 
51
0
0
-0.000266577
0.0120817 -0.000335797 -1.17548e-09 -0.000335797 0.0104214 -2.59828e-07 -1.17548e-09 -2.59828e-07 1.03522e-06 
52
0
0
0.000680547
0.0120817 -0.0003358 -1.16716e-09 -0.0003358 0.0104214 -2.59839e-07 -1.16716e-09 -2.59839e-07 1.03522e-06 
53
0
0
1.38401e-05
0.0120817 -0.000335787 -1.15259e-09 -0.000335787 0.0104214 -2.59848e-07 -1.15259e-09 -2.59848e-07 1.03522e-06 
54
0
0
0.000906086
0.0120817 -0.000335792 -1.15143e-09 -0.000335792 0.0104214 -2.59856e-07 -1.15143e-09 -2.59856e-07 1.03522e-06 
55
0
0
-0.000899572
0.0120817 -0.00033578 -1.14177e-09 -0.00033578 0.0104214 -2.59864e-07 -1.14177e-09 -2.59864e-07 1.03522e-06 
56
0
0
-0.000277515
0.0120817 -0.000335804 -1.15298e-09 -0.000335804 0.0104214 -2.59869e-07 -1.15298e-09 -2.59869e-07 1.03522e-06 
57
0
0
-0.000193464
0.0120817 -0.000335803 -1.15087e-09 -0.000335803 0.0104214 -2.59875e-07 -1.15087e-09 -2.59875e-07 1.03522e-06 
58
0
0
-0.000166375
0.0120817 -0.000335802 -1.14933e-09 -0.000335802 0.0104214 -2.5988e-07 -1.14933e-09 -2.5988e-07 1.03522e-06 
59
0
0
-0.000172809
0.0120817 -0.000335801 -1.14797e-09 -0.000335801 0.0104214 -2.59884e-07 -1.14797e-09 -2.59884e-07 1.03522e-06 
60
0
0
-0.00050178
0.0120817 -0.0003358 -1.14343e-09 -0.0003358 0.0104214 -2.59887e-07 -1.14343e-09 -2.59887e-07 1.03522e-06 
61
0
0
-0.000673046
0.0120817 -0.000335805 -1.14289e-09 -0.000335805 0.0104214 -2.5989e-07 -1.14289e-09 -2.5989e-07 1.03522e-06 
62
0
0
-0.000153664
0.0120817 -0.00033581 -1.14313e-09 -0.00033581 0.0104214 -2.59893e-07 -1.14313e-09 -2.59893e-07 1.03522e-06 
63
0
0
-0.000857931
0.0120817 -0.000335804 -1.13751e-09 -0.000335804 0.0104214 -2.59895e-07 -1.13751e-09 -2.59895e-07 1.03522e-06 
64
0
0
0.000668325
0.0120817 -0.000335812 -1.1409e-09 -0.000335812 0.0104214 -2.59897e-07 -1.1409e-09 -2.59897e-07 1.03522e-06 
65
0
0
9.81512e-05
0.0120817 -0.000335792 -1.12795e-09 -0.000335792 0.0104214 -2.59899e-07 -1.12795e-09 -2.59899e-07 1.03522e-06 
66
0
0
-0.000707712
0.0120817 -0.000335793 -1.12836e-09 -0.000335793 0.0104214 -2.59901e-07 -1.12836e-09 -2.59901e-07 1.03522e-06 
67
0
0
-0.000565603
0.0120817 -0.000335806 -1.13529e-09 -0.000335806 0.0104214 -2.59902e-07 -1.13529e-09 -2.59902e-07 1.03522e-06 
68
0
0
0.000121649
0.0120817 -0.000335809 -1.13836e-09 -0.000335809 0.0104214 -2.59903e-07 -1.13836e-09 -2.59903e-07 1.03522e-06 
69
0
0
-0.0001713
0.0120817 -0.000335799 -1.13427e-09 -0.000335799 0.0104214 -2.59904e-07 -1.13427e-09 -2.59904e-07 1.03522e-06 
70
0
0
0.00066968
0.0120817 -0.0003358 -1.13575e-09 -0.0003358 0.0104214 -2.59905e-07 -1.13575e-09 -2.59905e-07 1.03522e-06 
71
0
0
0.000482044
0.0120817 -0.000335787 -1.12832e-09 -0.000335787 0.0104214 -2.59905e-07 -1.12832e-09 -2.59905e-07 1.03522e-06 
72
0
0
0.0001242
0.0120817 -0.000335785 -1.12692e-09 -0.000335785 0.0104214 -2.59906e-07 -1.12692e-09 -2.59906e-07 1.03522e-06 
73
0
0
0.000534855
0.0120817 -0.00033579 -1.1294e-09 -0.00033579 0.0104214 -2.59907e-07 -1.1294e-09 -2.59907e-07 1.03522e-06 
74
0
0
-7.6761e-05
0.0120817 -0.000335785 -1.12682e-09 -0.000335785 0.0104214 -2.59908e-07 -1.12682e-09 -2.59908e-07 1.03522e-06 
75
0
0
3.72991e-05
0.0120817 -0.000335793 -1.1309e-09 -0.000335793 0.0104214 -2.59909e-07 -1.1309e-09 -2.59909e-07 1.03522e-06 
76
0
0
0.000291213
0.0120817 -0.000335794 -1.1289e-09 -0.000335794 0.0104214 -2.59912e-07 -1.1289e-09 -2.59912e-07 1.03522e-06 
77
0
0
-0.000439155
0.0120817 -0.000335791 -1.12528e-09 -0.000335791 0.0104214 -2.59914e-07 -1.12528e-09 -2.59914e-07 1.03522e-06 
78
0
0
0.00027569
0.0120817 -0.000335801 -1.1306e-09 -0.000335801 0.0104214 -2.59915e-07 -1.1306e-09 -2.59915e-07 1.03522e-06 
79
0
0
7.57196e-06
0.0120817 -0.000335793 -1.12605e-09 -0.000335793 0.0104214 -2.59916e-07 -1.12605e-09 -2.59916e-07 1.03522e-06 
80
0
0
-0.000188367
0.0120817 -0.000335795 -1.12648e-09 -0.000335795 0.0104214 -2.59917e-07 -1.12648e-09 -2.59917e-07 1.03522e-06 
81
0
0
-0.000384192
0.0120817 -0.000335798 -1.12819e-09 -0.000335798 0.0104214 -2.59917e-07 -1.12819e-09 -2.59917e-07 1.03522e-06 
82
0
0
-0.000610449
0.0120817 -0.000335803 -1.13016e-09 -0.000335803 0.0104214 -2.59918e-07 -1.13016e-09 -2.59918e-07 1.03522e-06 
83
0
0
0.000255114
0.0120817 -0.000335808 -1.13302e-09 -0.000335808 0.0104214 -2.59918e-07 -1.13302e-09 -2.59918e-07 1.03522e-06 
84
0
0
2.5188e-05
0.0120817 -0.000335796 -1.12598e-09 -0.000335796 0.0104214 -2.5992e-07 -1.12598e-09 -2.5992e-07 1.03522e-06 
85
0
0
-0.000103616
0.0120817 -0.000335796 -1.12545e-09 -0.000335796 0.0104214 -2.59921e-07 -1.12545e-09 -2.59921e-07 1.03522e-06 
86
0
0
0.000493345
0.0120817 -0.000335797 -1.12625e-09 -0.000335797 0.0104214 -2.59921e-07 -1.12625e-09 -2.59921e-07 1.03522e-06 
87
0
0
0.000520721
0.0120817 -0.000335789 -1.12161e-09 -0.000335789 0.0104214 -2.59921e-07 -1.12161e-09 -2.59921e-07 1.03522e-06 
88
0
0
0.000111392
0.0120817 -0.000335785 -1.12053e-09 -0.000335785 0.0104214 -2.59921e-07 -1.12053e-09 -2.59921e-07 1.03522e-06 
89
0
0
0.000463516
0.0120817 -0.00033579 -1.12346e-09 -0.00033579 0.0104214 -2.59922e-07 -1.12346e-09 -2.59922e-07 1.03522e-06 
90
0
0
-0.000233994
0.0120817 -0.000335786 -1.12178e-09 -0.000335786 0.0104214 -2.59922e-07 -1.12178e-09 -2.59922e-07 1.03522e-06 
91
0
0
0.00019575
0.0120817 -0.000335796 -1.12746e-09 -0.000335796 0.0104214 -2.59922e-07 -1.12746e-09 -2.59922e-07 1.03522e-06 
92
0
0
0.000632531
0.0120817 -0.000335793 -1.12753e-09 -0.000335793 0.0104214 -2.5992e-07 -1.12753e-09 -2.5992e-07 1.03522e-06 
93
0
0
0.000790924
0.0120817 -0.000335785 -1.12482e-09 -0.000335785 0.0104214 -2.59918e-07 -1.12482e-09 -2.59918e-07 1.03522e-06 
94
0
0
-0.000276341
0.0120817 -0.000335779 -1.12348e-09 -0.000335779 0.0104214 -2.59918e-07 -1.12348e-09 -2.59918e-07 1.03522e-06 
95
0
0
0.000127655
0.0120817 -0.000335794 -1.13333e-09 -0.000335794 0.0104214 -2.59918e-07 -1.13333e-09 -2.59918e-07 1.03522e-06 
96
0
0
-0.00021442
0.0120817 -0.000335793 -1.13379e-09 -0.000335793 0.0104214 -2.59918e-07 -1.13379e-09 -2.59918e-07 1.03522e-06 
97
0
0
-8.07468e-05
0.0120817 -0.000335798 -1.13725e-09 -0.000335798 0.0104214 -2.59917e-07 -1.13725e-09 -2.59917e-07 1.03522e-06 
98
0
0
-0.000160478
0.0120817 -0.000335798 -1.13803e-09 -0.000335798 0.0104214 -2.59918e-07 -1.13803e-09 -2.59918e-07 1.03522e-06 
99
0
0
9.76545e-05
0.0120817 -0.000335799 -1.13935e-09 -0.000335799 0.0104214 -2.59919e-07 -1.13935e-09 -2.59919e-07 1.03522e-06 
100
0
0
-0.000331818
0.0120817 -0.000335796 -1.13284e-09 -0.000335796 0.0104214 -2.59918e-07 -1.13284e-09 -2.59918e-07 1.03522e-06 
101
0
0
3.53323e-05
0.0120817 -0.000335801 -1.13245e-09 -0.000335801 0.0104214 -2.59918e-07 -1.13245e-09 -2.59918e-07 1.03522e-06 
102
0
0
0.000133985
0.0120817 -0.000335797 -1.12841e-09 -0.000335797 0.0104214 -2.59918e-07 -1.12841e-09 -2.59918e-07 1.03522e-06 
103
0
0
-0.00022509
0.0120817 -0.000335794 -1.12558e-09 -0.000335794 0.0104214 -2.59918e-07 -1.12558e-09 -2.59918e-07 1.03522e-06 
104
0
0
-0.000226765
0.0120817 -0.000335799 -1.12772e-09 -0.000335799 0.0104214 -2.59918e-07 -1.12772e-09 -2.59918e-07 1.03522e-06 
105
0
0
0.000389195
0.0120817 -0.000335801 -1.12881e-09 -0.000335801 0.0104214 -2.59919e-07 -1.12881e-09 -2.59919e-07 1.03522e-06 
106
0
0
0.000537987
0.0120817 -0.000335791 -1.12444e-09 -0.000335791 0.0104214 -2.59918e-07 -1.12444e-09 -2.59918e-07 1.03522e-06 
107
0
0
0.000954671
0.0120817 -0.000335786 -1.12194e-09 -0.000335786 0.0104214 -2.59918e-07 -1.12194e-09 -2.59918e-07 1.03522e-06 
108
0
0
0.000429413
0.0120817 -0.000335777 -1.11626e-09 -0.000335777 0.0104214 -2.5992e-07 -1.11626e-09 -2.5992e-07 1.03522e-06 
109
0
0
0.00120785
0.0120817 -0.000335782 -1.11869e-09 -0.000335782 0.0104214 -2.59921e-07 -1.11869e-09 -2.59921e-07 1.03522e-06 
110
0
0
0.000505242
0.0120818 -0.000335771 -1.11322e-09 -0.000335771 0.0104214 -2.59922e-07 -1.11322e-09 -2.59922e-07 1.03522e-06 
111
0
0
0.000153682
0.0120817 -0.000335778 -1.11824e-09 -0.000335778 0.0104214 -2.59922e-07 -1.11824e-09 -2.59922e-07 1.03522e-06 
112
0
0
0.000293967
0.0120817 -0.000335787 -1.12324e-09 -0.000335787 0.0104214 -2.59923e-07 -1.12324e-09 -2.59923e-07 1.03522e-06 
113
0
0
0.000914723
0.0120817 -0.000335788 -1.12337e-09 -0.000335788 0.0104214 -2.59923e-07 -1.12337e-09 -2.59923e-07 1.03522e-06 
114
0
0
0.000332983
0.0120817 -0.000335778 -1.11831e-09 -0.000335778 0.0104214 -2.59923e-07 -1.11831e-09 -2.59923e-07 1.03522e-06 
115
0
0
5.37463e-05
0.0120817 -0.000335784 -1.12223e-09 -0.000335784 0.0104214 -2.59923e-07 -1.12223e-09 -2.59923e-07 1.03522e-06 
116
0
0
-0.000109998
0.0120817 -0.00033579 -1.1219e-09 -0.00033579 0.0104214 -2.59922e-07 -1.1219e-09 -2.59922e-07 1.03522e-06 
117
0
0
0.00035426
0.0120817 -0.000335796 -1.12009e-09 -0.000335796 0.0104214 -2.59922e-07 -1.12009e-09 -2.59922e-07 1.03522e-06 
118
0
0
-0.000554131
0.0120817 -0.00033579 -1.11441e-09 -0.00033579 0.0104214 -2.59922e-07 -1.11441e-09 -2.59922e-07 1.03522e-06 
119
0
0
0.000151688
0.0120817 -0.000335802 -1.12108e-09 -0.000335802 0.0104214 -2.59922e-07 -1.12108e-09 -2.59922e-07 1.03522e-06 
120
0
0
0.000256686
0.0120817 -0.000335796 -1.11773e-09 -0.000335796 0.0104214 -2.59922e-07 -1.11773e-09 -2.59922e-07 1.03522e-06 
121
0
0
-0.000748641
0.0120817 -0.000335792 -1.11576e-09 -0.000335792 0.0104214 -2.59922e-07 -1.11576e-09 -2.59922e-07 1.03522e-06 
122
0
0
0.00015062
0.0120817 -0.000335806 -1.12289e-09 -0.000335806 0.0104214 -2.59922e-07 -1.12289e-09 -2.59922e-07 1.03522e-06 
123
0
0
0.000228991
0.0120817 -0.000335797 -1.11557e-09 -0.000335797 0.0104214 -2.59922e-07 -1.11557e-09 -2.59922e-07 1.03522e-06 
124
0
0
7.46936e-05
0.0120817 -0.000335793 -1.11204e-09 -0.000335793 0.0104214 -2.59921e-07 -1.11204e-09 -2.59921e-07 1.03522e-06 
125
0
0
0.000358476
0.0120817 -0.000335793 -1.11238e-09 -0.000335793 0.0104214 -2.59921e-07 -1.11238e-09 -2.59921e-07 1.03522e-06 
126
0
0
0.00112588
0.0120817 -0.000335789 -1.11036e-09 -0.000335789 0.0104214 -2.59922e-07 -1.11036e-09 -2.59922e-07 1.03522e-06 
127
0
0
0.000429188
0.0120817 -0.000335775 -1.10343e-09 -0.000335775 0.0104214 -2.59922e-07 -1.10343e-09 -2.59922e-07 1.03522e-06 
128
0
0
0.000138155
0.0120817 -0.000335781 -1.10688e-09 -0.000335781 0.0104214 -2.59922e-07 -1.10688e-09 -2.59922e-07 1.03522e-06 
129
0
0
2.18875e-05
0.0120817 -0.000335788 -1.11053e-09 -0.000335788 0.0104214 -2.59922e-07 -1.11053e-09 -2.59922e-07 1.03522e-06 
130
0
0
0.000469552
0.0120817 -0.000335793 -1.11311e-09 -0.000335793 0.0104214 -2.59922e-07 -1.11311e-09 -2.59922e-07 1.03522e-06 
131
0
0
0.000948495
0.0120817 -0.000335787 -1.11046e-09 -0.000335787 0.0104214 -2.59923e-07 -1.11046e-09 -2.59923e-07 1.03522e-06 
132
0
0
0.000432246
0.0120817 -0.000335777 -1.10844e-09 -0.000335777 0.0104214 -2.59923e-07 -1.10844e-09 -2.59923e-07 1.03522e-06 
133
0
0
0.00016715
0.0120817 -0.000335782 -1.11385e-09 -0.000335782 0.0104214 -2.59923e-07 -1.11385e-09 -2.59923e-07 1.03522e-06 
134
0
0
0.000289691
0.0120817 -0.000335788 -1.11858e-09 -0.000335788 0.0104214 -2.59923e-07 -1.11858e-09 -2.59923e-07 1.03522e-06 
135
0
0
-1.60331e-05
0.0120817 -0.000335788 -1.1201e-09 -0.000335788 0.0104214 -2.59923e-07 -1.1201e-09 -2.59923e-07 1.03522e-06 
136
0
0
0.000406369
0.0120817 -0.000335793 -1.12363e-09 -0.000335793 0.0104214 -2.59923e-07 -1.12363e-09 -2.59923e-07 1.03522e-06 
137
0
0
0.000462769
0.0120817 -0.000335788 -1.12172e-09 -0.000335788 0.0104214 -2.59923e-07 -1.12172e-09 -2.59923e-07 1.03522e-06 
138
0
0
0.000183222
0.0120817 -0.000335786 -1.12092e-09 -0.000335786 0.0104214 -2.59923e-07 -1.12092e-09 -2.59923e-07 1.03522e-06 
139
0
0
0.000490511
0.0120817 -0.000335789 -1.12357e-09 -0.000335789 0.0104214 -2.59923e-07 -1.12357e-09 -2.59923e-07 1.03522e-06 
140
0
0
0.000568629
0.0120817 -0.000335785 -1.12955e-09 -0.000335785 0.0104214 -2.59925e-07 -1.12955e-09 -2.59925e-07 1.03522e-06 
141
0
0
0.000990134
0.0120817 -0.000335783 -1.13389e-09 -0.000335783 0.0104214 -2.59926e-07 -1.13389e-09 -2.59926e-07 1.03522e-06 
142
0
0
-0.000256909
0.0120817 -0.000335775 -1.13221e-09 -0.000335775 0.0104214 -2.59928e-07 -1.13221e-09 -2.59928e-07 1.03522e-06 
143
0
0
-0.000194516
0.0120817 -0.000335792 -1.14226e-09 -0.000335792 0.0104214 -2.59929e-07 -1.14226e-09 -2.59929e-07 1.03522e-06 
144
0
0
-0.000405076
0.0120817 -0.000335797 -1.14561e-09 -0.000335797 0.0104214 -2.59929e-07 -1.14561e-09 -2.59929e-07 1.03522e-06 
145
0
0
-0.000243913
0.0120817 -0.000335803 -1.14934e-09 -0.000335803 0.0104214 -2.59929e-07 -1.14934e-09 -2.59929e-07 1.03522e-06 
146
0
0
0.00076453
0.0120817 -0.000335802 -1.14958e-09 -0.000335802 0.0104214 -2.59928e-07 -1.14958e-09 -2.59928e-07 1.03522e-06 
147
0
0
0.000801367
0.0120817 -0.000335786 -1.14075e-09 -0.000335786 0.0104214 -2.59929e-07 -1.14075e-09 -2.59929e-07 1.03522e-06 
148
0
0
-0.000611579
0.0120817 -0.000335779 -1.13843e-09 -0.000335779 0.0104214 -2.59931e-07 -1.13843e-09 -2.59931e-07 1.03522e-06 
149
0
0
0.000438428
0.0120817 -0.000335799 -1.1507e-09 -0.000335799 0.0104214 -2.59933e-07 -1.1507e-09 -2.59933e-07 1.03522e-06 
150
0
0
0.000371198
0.0120817 -0.00033579 -1.14637e-09 -0.00033579 0.0104214 -2.59934e-07 -1.14637e-09 -2.59934e-07 1.03522e-06 
151
0
0
5.84896e-05
0.0120817 -0.000335788 -1.14576e-09 -0.000335788 0.0104214 -2.59935e-07 -1.14576e-09 -2.59935e-07 1.03522e-06 
152
0
0
-0.000164862
0.0120817 -0.000335792 -1.14856e-09 -0.000335792 0.0104214 -2.59935e-07 -1.14856e-09 -2.59935e-07 1.03522e-06 
153
0
0
0.000265018
0.0120817 -0.000335797 -1.15171e-09 -0.000335797 0.0104214 -2.59935e-07 -1.15171e-09 -2.59935e-07 1.03522e-06 
154
0
0
0.000135833
0.0120817 -0.000335792 -1.14963e-09 -0.000335792 0.0104214 -2.59936e-07 -1.14963e-09 -2.59936e-07 1.03522e-06 
155
0
0
-0.000315386
0.0120817 -0.000335792 -1.1508e-09 -0.000335792 0.0104214 -2.59936e-07 -1.1508e-09 -2.59936e-07 1.03522e-06 
156
0
0
0.000305711
0.0120817 -0.000335799 -1.15566e-09 -0.000335799 0.0104214 -2.59938e-07 -1.15566e-09 -2.59938e-07 1.03522e-06 
157
0
0
0.000258099
0.0120817 -0.000335792 -1.15231e-09 -0.000335792 0.0104214 -2.59939e-07 -1.15231e-09 -2.59939e-07 1.03522e-06 
158
0
0
-2.85443e-05
0.0120817 -0.00033579 -1.15171e-09 -0.00033579 0.0104214 -2.5994e-07 -1.15171e-09 -2.5994e-07 1.03522e-06 
159
0
0
0.000147802
0.0120817 -0.000335794 -1.15423e-09 -0.000335794 0.0104214 -2.5994e-07 -1.15423e-09 -2.5994e-07 1.03522e-06 
160
0
0
-0.000306613
0.0120817 -0.000335793 -1.15328e-09 -0.000335793 0.0104214 -2.59941e-07 -1.15328e-09 -2.59941e-07 1.03522e-06 
161
0
0
-0.00038486
0.0120817 -0.0003358 -1.15682e-09 -0.0003358 0.0104214 -2.5994e-07 -1.15682e-09 -2.5994e-07 1.03522e-06 
162
0
0
6.14778e-05
0.0120817 -0.000335803 -1.15923e-09 -0.000335803 0.0104214 -2.5994e-07 -1.15923e-09 -2.5994e-07 1.03522e-06 
163
0
0
-0.000715093
0.0120817 -0.000335798 -1.15713e-09 -0.000335798 0.0104214 -2.59941e-07 -1.15713e-09 -2.59941e-07 1.03522e-06 
164
0
0
0.00103168
0.0120817 -0.000335808 -1.16826e-09 -0.000335808 0.0104214 -2.59939e-07 -1.16826e-09 -2.59939e-07 1.03522e-06 
165
0
0
-1.63281e-05
0.0120817 -0.000335784 -1.15932e-09 -0.000335784 0.0104214 -2.59938e-07 -1.15932e-09 -2.59938e-07 1.03522e-06 
166
0
0
-0.000293074
0.0120817 -0.000335792 -1.16637e-09 -0.000335792 0.0104214 -2.59938e-07 -1.16637e-09 -2.59938e-07 1.03522e-06 
167
0
0
0.000854514
0.0120817 -0.000335799 -1.17214e-09 -0.000335799 0.0104214 -2.59938e-07 -1.17214e-09 -2.59938e-07 1.03522e-06 
168
0
0
0.000229794
0.0120817 -0.000335783 -1.16549e-09 -0.000335783 0.0104214 -2.59938e-07 -1.16549e-09 -2.59938e-07 1.03522e-06 
169
0
0
-0.000569786
0.0120817 -0.000335787 -1.1695e-09 -0.000335787 0.0104214 -2.59939e-07 -1.1695e-09 -2.59939e-07 1.03522e-06 
170
0
0
-7.98384e-05
0.0120817 -0.000335802 -1.17826e-09 -0.000335802 0.0104214 -2.59938e-07 -1.17826e-09 -2.59938e-07 1.03522e-06 
171
0
0
-0.000976217
0.0120817 -0.000335799 -1.17742e-09 -0.000335799 0.0104214 -2.59938e-07 -1.17742e-09 -2.59938e-07 1.03522e-06 
172
0
0
0.000588036
0.0120817 -0.000335813 -1.17932e-09 -0.000335813 0.0104214 -2.5994e-07 -1.17932e-09 -2.5994e-07 1.03522e-06 
173
0
0
-0.000419759
0.0120817 -0.000335793 -1.16468e-09 -0.000335793 0.0104214 -2.5994e-07 -1.16468e-09 -2.5994e-07 1.03522e-06 
174
0
0
0.000527508
0.0120817 -0.000335801 -1.16788e-09 -0.000335801 0.0104214 -2.59941e-07 -1.16788e-09 -2.59941e-07 1.03522e-06 
175
0
0
0.000312625
0.0120817 -0.00033579 -1.16091e-09 -0.00033579 0.0104214 -2.59941e-07 -1.16091e-09 -2.59941e-07 1.03522e-06 
176
0
0
-5.10457e-06
0.0120817 -0.000335788 -1.16078e-09 -0.000335788 0.0104214 -2.59941e-07 -1.16078e-09 -2.59941e-07 1.03522e-06 
177
0
0
-9.65205e-05
0.0120817 -0.000335793 -1.1638e-09 -0.000335793 0.0104214 -2.59941e-07 -1.1638e-09 -2.59941e-07 1.03522e-06 
178
0
0
-0.000768553
0.0120817 -0.000335796 -1.16555e-09 -0.000335796 0.0104214 -2.59942e-07 -1.16555e-09 -2.59942e-07 1.03522e-06 
179
0
0
-0.000565285
0.0120817 -0.000335808 -1.17344e-09 -0.000335808 0.0104214 -2.59942e-07 -1.17344e-09 -2.59942e-07 1.03522e-06 
180
0
0
-0.000474406
0.0120817 -0.000335809 -1.17527e-09 -0.000335809 0.0104214 -2.59942e-07 -1.17527e-09 -2.59942e-07 1.03522e-06 
181
0
0
-0.000530521
0.0120817 -0.000335809 -1.17613e-09 -0.000335809 0.0104214 -2.59942e-07 -1.17613e-09 -2.59942e-07 1.03522e-06 
182
0
0
-0.00056966
0.0120817 -0.000335809 -1.17735e-09 -0.000335809 0.0104214 -2.59942e-07 -1.17735e-09 -2.59942e-07 1.03522e-06 
183
0
0
1.63591e-05
0.0120817 -0.00033581 -1.17867e-09 -0.00033581 0.0104214 -2.59941e-07 -1.17867e-09 -2.59941e-07 1.03522e-06 
184
0
0
-0.000204663
0.0120817 -0.000335801 -1.17443e-09 -0.000335801 0.0104214 -2.59941e-07 -1.17443e-09 -2.59941e-07 1.03522e-06 
185
0
0
-0.000284477
0.0120817 -0.000335801 -1.1752e-09 -0.000335801 0.0104214 -2.59941e-07 -1.1752e-09 -2.59941e-07 1.03522e-06 
186
0
0
0.000787305
0.0120817 -0.000335802 -1.17626e-09 -0.000335802 0.0104214 -2.59941e-07 -1.17626e-09 -2.59941e-07 1.03522e-06 
187
0
0
-0.00062926
0.0120817 -0.000335786 -1.16781e-09 -0.000335786 0.0104214 -2.59941e-07 -1.16781e-09 -2.59941e-07 1.03522e-06 
188
0
0
0.000604642
0.0120817 -0.000335802 -1.18294e-09 -0.000335802 0.0104214 -2.59941e-07 -1.18294e-09 -2.59941e-07 1.03522e-06 
189
0
0
-0.000484784
0.0120817 -0.000335789 -1.17962e-09 -0.000335789 0.0104214 -2.5994e-07 -1.17962e-09 -2.5994e-07 1.03522e-06 
190
0
0
3.1706e-06
0.0120817 -0.000335801 -1.18861e-09 -0.000335801 0.0104214 -2.5994e-07 -1.18861e-09 -2.5994e-07 1.03522e-06 
191
0
0
-5.71682e-05
0.0120817 -0.000335798 -1.18799e-09 -0.000335798 0.0104214 -2.5994e-07 -1.18799e-09 -2.5994e-07 1.03522e-06 
192
0
0
-8.5539e-06
0.0120817 -0.000335797 -1.18903e-09 -0.000335797 0.0104214 -2.59941e-07 -1.18903e-09 -2.59941e-07 1.03522e-06 
193
0
0
8.32825e-05
0.0120817 -0.000335797 -1.18992e-09 -0.000335797 0.0104214 -2.5994e-07 -1.18992e-09 -2.5994e-07 1.03522e-06 
194
0
0
0.000388174
0.0120817 -0.000335795 -1.19031e-09 -0.000335795 0.0104214 -2.5994e-07 -1.19031e-09 -2.5994e-07 1.03522e-06 
195
0
0
0.000476414
0.0120817 -0.000335789 -1.18816e-09 -0.000335789 0.0104214 -2.5994e-07 -1.18816e-09 -2.5994e-07 1.03522e-06 
196
0
0
-2.88965e-05
0.0120817 -0.000335786 -1.17464e-09 -0.000335786 0.0104214 -2.59943e-07 -1.17464e-09 -2.59943e-07 1.03522e-06 
197
0
0
2.90465e-05
0.0120817 -0.000335792 -1.17066e-09 -0.000335792 0.0104214 -2.59944e-07 -1.17066e-09 -2.59944e-07 1.03522e-06 
198
0
0
0.000119927
0.0120817 -0.000335794 -1.16699e-09 -0.000335794 0.0104214 -2.59945e-07 -1.16699e-09 -2.59945e-07 1.03522e-06 
199
0
0
-0.000505988
0.0120817 -0.000335793 -1.16438e-09 -0.000335793 0.0104214 -2.59946e-07 -1.16438e-09 -2.59946e-07 1.03522e-06 
200
0
0
-0.000388418
0.0120817 -0.000335803 -1.16875e-09 -0.000335803 0.0104214 -2.59947e-07 -1.16875e-09 -2.59947e-07 1.03522e-06 
201
0
0
-0.000341706
0.0120817 -0.000335805 -1.16921e-09 -0.000335805 0.0104214 -2.59947e-07 -1.16921e-09 -2.59947e-07 1.03522e-06 
202
0
0
0.000781548
0.0120817 -0.000335805 -1.16954e-09 -0.000335805 0.0104214 -2.59948e-07 -1.16954e-09 -2.59948e-07 1.03522e-06 
203
0
0
0.000803846
0.0120817 -0.000335787 -1.16025e-09 -0.000335787 0.0104214 -2.59948e-07 -1.16025e-09 -2.59948e-07 1.03522e-06 
204
0
0
0.000382712
0.0120817 -0.00033578 -1.14882e-09 -0.00033578 0.0104214 -2.59947e-07 -1.14882e-09 -2.59947e-07 1.03522e-06 
205
0
0
0.00144431
0.0120817 -0.000335784 -1.14512e-09 -0.000335784 0.0104214 -2.59947e-07 -1.14512e-09 -2.59947e-07 1.03522e-06 
206
0
0
-0.000152191
0.0120818 -0.000335768 -1.13309e-09 -0.000335768 0.0104214 -2.59946e-07 -1.13309e-09 -2.59946e-07 1.03522e-06 
207
0
0
0.000270001
0.0120817 -0.000335788 -1.14188e-09 -0.000335788 0.0104214 -2.59945e-07 -1.14188e-09 -2.59945e-07 1.03522e-06 
208
0
0
0.000522601
0.0120817 -0.000335788 -1.14061e-09 -0.000335788 0.0104214 -2.59945e-07 -1.14061e-09 -2.59945e-07 1.03522e-06 
209
0
0
-0.000575541
0.0120817 -0.000335785 -1.13835e-09 -0.000335785 0.0104214 -2.59945e-07 -1.13835e-09 -2.59945e-07 1.03522e-06 
210
0
0
0.000117693
0.0120817 -0.000335801 -1.14703e-09 -0.000335801 0.0104214 -2.59945e-07 -1.14703e-09 -2.59945e-07 1.03522e-06 
211
0
0
0.000371156
0.0120817 -0.000335796 -1.14409e-09 -0.000335796 0.0104214 -2.59945e-07 -1.14409e-09 -2.59945e-07 1.03522e-06 
212
0
0
-0.000251229
0.0120817 -0.00033579 -1.14669e-09 -0.00033579 0.0104214 -2.59944e-07 -1.14669e-09 -2.59944e-07 1.03522e-06 
213
0
0
0.000339844
0.0120817 -0.000335798 -1.1556e-09 -0.000335798 0.0104214 -2.59944e-07 -1.1556e-09 -2.59944e-07 1.03522e-06 
214
0
0
-0.000237052
0.0120817 -0.000335791 -1.15445e-09 -0.000335791 0.0104214 -2.59943e-07 -1.15445e-09 -2.59943e-07 1.03522e-06 
215
0
0
-5.52722e-05
0.0120817 -0.000335798 -1.15984e-09 -0.000335798 0.0104214 -2.59943e-07 -1.15984e-09 -2.59943e-07 1.03522e-06 
216
0
0
-0.000236102
0.0120817 -0.000335797 -1.16054e-09 -0.000335797 0.0104214 -2.59944e-07 -1.16054e-09 -2.59944e-07 1.03522e-06 
217
0
0
-0.00053827
0.0120817 -0.0003358 -1.1632e-09 -0.0003358 0.0104214 -2.59944e-07 -1.1632e-09 -2.59944e-07 1.03522e-06 
218
0
0
-0.000522596
0.0120817 -0.000335806 -1.16738e-09 -0.000335806 0.0104214 -2.59943e-07 -1.16738e-09 -2.59943e-07 1.03522e-06 
219
0
0
-0.00060665
0.0120817 -0.000335808 -1.16924e-09 -0.000335808 0.0104214 -2.59943e-07 -1.16924e-09 -2.59943e-07 1.03522e-06 
220
0
0
-0.000755624
0.0120817 -0.00033581 -1.16836e-09 -0.00033581 0.0104214 -2.59942e-07 -1.16836e-09 -2.59942e-07 1.03522e-06 
221
0
0
-0.00020882
0.0120817 -0.000335813 -1.16871e-09 -0.000335813 0.0104214 -2.59942e-07 -1.16871e-09 -2.59942e-07 1.03522e-06 
222
0
0
0.000190828
0.0120817 -0.000335806 -1.16389e-09 -0.000335806 0.0104214 -2.59941e-07 -1.16389e-09 -2.59941e-07 1.03522e-06 
223
0
0
-0.0005941
0.0120817 -0.000335797 -1.15875e-09 -0.000335797 0.0104214 -2.59941e-07 -1.15875e-09 -2.59941e-07 1.03522e-06 
224
0
0
-0.000238164
0.0120817 -0.000335805 -1.16356e-09 -0.000335805 0.0104214 -2.59941e-07 -1.16356e-09 -2.59941e-07 1.03522e-06 
225
0
0
-6.51442e-05
0.0120817 -0.000335803 -1.16188e-09 -0.000335803 0.0104214 -2.59941e-07 -1.16188e-09 -2.59941e-07 1.03522e-06 
226
0
0
0.000299111
0.0120817 -0.0003358 -1.16041e-09 -0.0003358 0.0104214 -2.59942e-07 -1.16041e-09 -2.59942e-07 1.03522e-06 
227
0
0
-0.000656069
0.0120817 -0.000335793 -1.15691e-09 -0.000335793 0.0104214 -2.59942e-07 -1.15691e-09 -2.59942e-07 1.03522e-06 
228
0
0
9.85635e-05
0.0120817 -0.000335805 -1.17577e-09 -0.000335805 0.0104214 -2.59942e-07 -1.17577e-09 -2.59942e-07 1.03522e-06 
229
0
0
3.44426e-05
0.0120817 -0.000335798 -1.18006e-09 -0.000335798 0.0104214 -2.59942e-07 -1.18006e-09 -2.59942e-07 1.03522e-06 
230
0
0
0.000947377
0.0120817 -0.000335796 -1.18439e-09 -0.000335796 0.0104214 -2.59942e-07 -1.18439e-09 -2.59942e-07 1.03522e-06 
231
0
0
-9.04473e-05
0.0120817 -0.000335781 -1.17919e-09 -0.000335781 0.0104214 -2.59942e-07 -1.17919e-09 -2.59942e-07 1.03522e-06 
232
0
0
0.00140718
0.0120817 -0.000335792 -1.18704e-09 -0.000335792 0.0104214 -2.59942e-07 -1.18704e-09 -2.59942e-07 1.03522e-06 
233
0
0
-0.00113522
0.0120818 -0.000335772 -1.17726e-09 -0.000335772 0.0104214 -2.59942e-07 -1.17726e-09 -2.59942e-07 1.03522e-06 
234
0
0
-0.00125672
0.0120817 -0.000335805 -1.19636e-09 -0.000335805 0.0104214 -2.59942e-07 -1.19636e-09 -2.59942e-07 1.03522e-06 
235
0
0
-0.00028797
0.0120817 -0.000335819 -1.20024e-09 -0.000335819 0.0104214 -2.59943e-07 -1.20024e-09 -2.59943e-07 1.03522e-06 
236
0
0
0.000331299
0.0120817 -0.000335809 -1.1923e-09 -0.000335809 0.0104214 -2.59944e-07 -1.1923e-09 -2.59944e-07 1.03522e-06 
237
0
0
0.000681573
0.0120817 -0.000335796 -1.18411e-09 -0.000335796 0.0104214 -2.59945e-07 -1.18411e-09 -2.59945e-07 1.03522e-06 
238
0
0
-0.000116139
0.0120817 -0.000335785 -1.17786e-09 -0.000335785 0.0104214 -2.59945e-07 -1.17786e-09 -2.59945e-07 1.03522e-06 
239
0
0
-0.000376352
0.0120817 -0.000335793 -1.18299e-09 -0.000335793 0.0104214 -2.59945e-07 -1.18299e-09 -2.59945e-07 1.03522e-06 
240
0
0
-0.000754725
0.0120817 -0.000335801 -1.18753e-09 -0.000335801 0.0104214 -2.59945e-07 -1.18753e-09 -2.59945e-07 1.03522e-06 
241
0
0
-0.000180188
0.0120817 -0.00033581 -1.19239e-09 -0.00033581 0.0104214 -2.59945e-07 -1.19239e-09 -2.59945e-07 1.03522e-06 
242
0
0
0.000185139
0.0120817 -0.000335804 -1.18911e-09 -0.000335804 0.0104214 -2.59945e-07 -1.18911e-09 -2.59945e-07 1.03522e-06 
243
0
0
0.000366728
0.0120817 -0.000335796 -1.18454e-09 -0.000335796 0.0104214 -2.59945e-07 -1.18454e-09 -2.59945e-07 1.03522e-06 
244
0
0
-0.000181304
0.0120817 -0.00033579 -1.1814e-09 -0.00033579 0.0104214 -2.59945e-07 -1.1814e-09 -2.59945e-07 1.03522e-06 
245
0
0
-0.00031581
0.0120817 -0.000335796 -1.18513e-09 -0.000335796 0.0104214 -2.59945e-07 -1.18513e-09 -2.59945e-07 1.03522e-06 
246
0
0
0.000454045
0.0120817 -0.000335801 -1.18788e-09 -0.000335801 0.0104214 -2.59945e-07 -1.18788e-09 -2.59945e-07 1.03522e-06 
247
0
0
0.000387196
0.0120817 -0.000335791 -1.18224e-09 -0.000335791 0.0104214 -2.59945e-07 -1.18224e-09 -2.59945e-07 1.03522e-06 
248
0
0
0.000928568
0.0120817 -0.000335788 -1.18087e-09 -0.000335788 0.0104214 -2.59946e-07 -1.18087e-09 -2.59946e-07 1.03522e-06 
249
0
0
-0.000489149
0.0120817 -0.000335778 -1.17624e-09 -0.000335778 0.0104214 -2.59946e-07 -1.17624e-09 -2.59946e-07 1.03522e-06 
250
0
0
-0.000521248
0.0120817 -0.000335797 -1.18717e-09 -0.000335797 0.0104214 -2.59946e-07 -1.18717e-09 -2.59946e-07 1.03522e-06 
251
0
0
-0.000355404
0.0120817 -0.000335804 -1.19105e-09 -0.000335804 0.0104214 -2.59946e-07 -1.19105e-09 -2.59946e-07 1.03522e-06 
252
0
0
-0.000685914
0.0120817 -0.000335805 -1.18993e-09 -0.000335805 0.0104214 -2.59947e-07 -1.18993e-09 -2.59947e-07 1.03522e-06 
253
0
0
0.000167571
0.0120817 -0.00033581 -1.19281e-09 -0.00033581 0.0104214 -2.59948e-07 -1.19281e-09 -2.59948e-07 1.03522e-06 
254
0
0
0.000792606
0.0120817 -0.000335799 -1.18738e-09 -0.000335799 0.0104214 -2.59949e-07 -1.18738e-09 -2.59949e-07 1.03522e-06 
255
0
0
-0.000156502
0.0120817 -0.000335784 -1.18081e-09 -0.000335784 0.0104214 -2.59949e-07 -1.18081e-09 -2.59949e-07 1.03522e-06 
256
0
0
-0.000595566
0.0120817 -0.000335794 -1.18737e-09 -0.000335794 0.0104214 -2.59949e-07 -1.18737e-09 -2.59949e-07 1.03522e-06 
257
0
0
5.95821e-05
0.0120817 -0.000335804 -1.19426e-09 -0.000335804 0.0104214 -2.59949e-07 -1.19426e-09 -2.59949e-07 1.03522e-06 
258
0
0
0.000386828
0.0120817 -0.000335798 -1.19157e-09 -0.000335798 0.0104214 -2.59948e-07 -1.19157e-09 -2.59948e-07 1.03522e-06 
259
0
0
0.000694561
0.0120817 -0.000335791 -1.18558e-09 -0.000335791 0.0104214 -2.59947e-07 -1.18558e-09 -2.59947e-07 1.03522e-06 
260
0
0
0.00109427
0.0120817 -0.000335783 -1.18059e-09 -0.000335783 0.0104214 -2.59945e-07 -1.18059e-09 -2.59945e-07 1.03522e-06 
261
0
0
0.000497556
0.0120818 -0.000335773 -1.17485e-09 -0.000335773 0.0104214 -2.59944e-07 -1.17485e-09 -2.59944e-07 1.03522e-06 
262
0
0
0.000560335
0.0120817 -0.000335779 -1.17799e-09 -0.000335779 0.0104214 -2.59944e-07 -1.17799e-09 -2.59944e-07 1.03522e-06 
263
0
0
-4.17168e-05
0.0120817 -0.000335781 -1.17863e-09 -0.000335781 0.0104214 -2.59944e-07 -1.17863e-09 -2.59944e-07 1.03522e-06 
264
0
0
0.000457676
0.0120817 -0.000335791 -1.18419e-09 -0.000335791 0.0104214 -2.59944e-07 -1.18419e-09 -2.59944e-07 1.03522e-06 
265
0
0
-0.000111643
0.0120817 -0.000335787 -1.18212e-09 -0.000335787 0.0104214 -2.59944e-07 -1.18212e-09 -2.59944e-07 1.03522e-06 
266
0
0
-0.000221758
0.0120817 -0.000335794 -1.18634e-09 -0.000335794 0.0104214 -2.59944e-07 -1.18634e-09 -2.59944e-07 1.03522e-06 
267
0
0
-0.000244062
0.0120817 -0.000335799 -1.19165e-09 -0.000335799 0.0104214 -2.59948e-07 -1.19165e-09 -2.59948e-07 1.03522e-06 
268
0
0
-1.11268e-05
0.0120817 -0.000335801 -1.19473e-09 -0.000335801 0.0104214 -2.5995e-07 -1.19473e-09 -2.5995e-07 1.03522e-06 
269
0
0
-0.000490547
0.0120817 -0.000335798 -1.1943e-09 -0.000335798 0.0104214 -2.59952e-07 -1.1943e-09 -2.59952e-07 1.03522e-06 
270
0
0
-0.000289409
0.0120817 -0.000335804 -1.19852e-09 -0.000335804 0.0104214 -2.59952e-07 -1.19852e-09 -2.59952e-07 1.03522e-06 
271
0
0
0.0001753
0.0120817 -0.000335804 -1.19799e-09 -0.000335804 0.0104214 -2.59953e-07 -1.19799e-09 -2.59953e-07 1.03522e-06 
272
0
0
-0.000278863
0.0120817 -0.000335796 -1.19425e-09 -0.000335796 0.0104214 -2.59954e-07 -1.19425e-09 -2.59954e-07 1.03522e-06 
273
0
0
-4.81847e-05
0.0120817 -0.0003358 -1.19716e-09 -0.0003358 0.0104214 -2.59955e-07 -1.19716e-09 -2.59955e-07 1.03522e-06 
274
0
0
-0.000319297
0.0120817 -0.000335798 -1.19536e-09 -0.000335798 0.0104214 -2.59955e-07 -1.19536e-09 -2.59955e-07 1.03522e-06 
275
0
0
-0.000471279
0.0120817 -0.000335802 -1.19663e-09 -0.000335802 0.0104214 -2.59955e-07 -1.19663e-09 -2.59955e-07 1.03522e-06 
276
0
0
-0.000255638
0.0120817 -0.000335806 -1.19687e-09 -0.000335806 0.0104214 -2.59957e-07 -1.19687e-09 -2.59957e-07 1.03522e-06 
277
0
0
0.000373343
0.0120817 -0.000335804 -1.19465e-09 -0.000335804 0.0104214 -2.59958e-07 -1.19465e-09 -2.59958e-07 1.03522e-06 
278
0
0
0.000478051
0.0120817 -0.000335793 -1.18875e-09 -0.000335793 0.0104214 -2.59959e-07 -1.18875e-09 -2.59959e-07 1.03522e-06 
279
0
0
-0.000164109
0.0120817 -0.000335787 -1.18602e-09 -0.000335787 0.0104214 -2.5996e-07 -1.18602e-09 -2.5996e-07 1.03522e-06 
280
0
0
0.000895999
0.0120817 -0.000335795 -1.19053e-09 -0.000335795 0.0104214 -2.5996e-07 -1.19053e-09 -2.5996e-07 1.03522e-06 
281
0
0
0.000668106
0.0120817 -0.000335781 -1.18285e-09 -0.000335781 0.0104214 -2.59961e-07 -1.18285e-09 -2.59961e-07 1.03522e-06 
282
0
0
-0.000595506
0.0120817 -0.00033578 -1.18235e-09 -0.00033578 0.0104214 -2.59961e-07 -1.18235e-09 -2.59961e-07 1.03522e-06 
283
0
0
-0.000610131
0.0120817 -0.000335799 -1.19294e-09 -0.000335799 0.0104214 -2.59962e-07 -1.19294e-09 -2.59962e-07 1.03522e-06 
284
0
0
-0.00017376
0.0120817 -0.000335807 -1.19113e-09 -0.000335807 0.0104214 -2.59964e-07 -1.19113e-09 -2.59964e-07 1.03522e-06 
285
0
0
-0.000154694
0.0120817 -0.000335803 -1.18511e-09 -0.000335803 0.0104214 -2.59965e-07 -1.18511e-09 -2.59965e-07 1.03522e-06 
286
0
0
0.000440736
0.0120817 -0.000335801 -1.18242e-09 -0.000335801 0.0104214 -2.59966e-07 -1.18242e-09 -2.59966e-07 1.03522e-06 
287
0
0
0.000788773
0.0120817 -0.000335791 -1.17617e-09 -0.000335791 0.0104214 -2.59966e-07 -1.17617e-09 -2.59966e-07 1.03522e-06 
288
0
0
0.000538005
0.0120817 -0.000335781 -1.17062e-09 -0.000335781 0.0104214 -2.59967e-07 -1.17062e-09 -2.59967e-07 1.03522e-06 
289
0
0
0.00052779
0.0120817 -0.000335782 -1.17129e-09 -0.000335782 0.0104214 -2.59967e-07 -1.17129e-09 -2.59967e-07 1.03522e-06 
290
0
0
9.80362e-05
0.0120817 -0.000335782 -1.17191e-09 -0.000335782 0.0104214 -2.59968e-07 -1.17191e-09 -2.59968e-07 1.03522e-06 
291
0
0
0.000468946
0.0120817 -0.000335789 -1.17642e-09 -0.000335789 0.0104214 -2.59968e-07 -1.17642e-09 -2.59968e-07 1.03522e-06 
292
0
0
0.000123179
0.0120817 -0.000335786 -1.15963e-09 -0.000335786 0.0104214 -2.59964e-07 -1.15963e-09 -2.59964e-07 1.03522e-06 
293
0
0
5.42297e-05
0.0120817 -0.00033579 -1.1514e-09 -0.00033579 0.0104214 -2.59962e-07 -1.1514e-09 -2.59962e-07 1.03522e-06 
294
0
0
0.000203533
0.0120817 -0.000335793 -1.14706e-09 -0.000335793 0.0104214 -2.5996e-07 -1.14706e-09 -2.5996e-07 1.03522e-06 
295
0
0
-3.33382e-05
0.0120817 -0.000335791 -1.14354e-09 -0.000335791 0.0104214 -2.59959e-07 -1.14354e-09 -2.59959e-07 1.03522e-06 
296
0
0
0.000496387
0.0120817 -0.000335795 -1.14355e-09 -0.000335795 0.0104214 -2.59959e-07 -1.14355e-09 -2.59959e-07 1.03522e-06 
297
0
0
0.000261174
0.0120817 -0.000335788 -1.13838e-09 -0.000335788 0.0104214 -2.59959e-07 -1.13838e-09 -2.59959e-07 1.03522e-06 
298
0
0
-0.000689028
0.0120817 -0.000335789 -1.13805e-09 -0.000335789 0.0104214 -2.59959e-07 -1.13805e-09 -2.59959e-07 1.03522e-06 
299
0
0
-0.000442103
0.0120817 -0.000335804 -1.1466e-09 -0.000335804 0.0104214 -2.5996e-07 -1.1466e-09 -2.5996e-07 1.03522e-06 
300
0
0
-0.000978234
0.0120817 -0.000335806 -1.15325e-09 -0.000335806 0.0104214 -2.59958e-07 -1.15325e-09 -2.59958e-07 1.03522e-06 
301
0
0
-0.000201958
0.0120817 -0.000335815 -1.16255e-09 -0.000335815 0.0104214 -2.59957e-07 -1.16255e-09 -2.59957e-07 1.03522e-06 
302
0
0
-0.000619595
0.0120817 -0.000335806 -1.16041e-09 -0.000335806 0.0104214 -2.59957e-07 -1.16041e-09 -2.59957e-07 1.03522e-06 
303
0
0
0.000297022
0.0120817 -0.00033581 -1.16419e-09 -0.00033581 0.0104214 -2.59957e-07 -1.16419e-09 -2.59957e-07 1.03522e-06 
304
0
0
8.68654e-05
0.0120817 -0.000335796 -1.15803e-09 -0.000335796 0.0104214 -2.59957e-07 -1.15803e-09 -2.59957e-07 1.03522e-06 
305
0
0
-0.000217364
0.0120817 -0.000335795 -1.15819e-09 -0.000335795 0.0104214 -2.59957e-07 -1.15819e-09 -2.59957e-07 1.03522e-06 
306
0
0
-0.000514415
