0
0
0
-4.02226e-05
0.00632102 -7.44339e-05 -4.31087e-09 -7.44339e-05 0.0065425 -1.42373e-07 -4.31087e-09 -1.42373e-07 1.21851e-06 
1
0
0
5.18873e-05
0.0093053 -0.000180885 -4.19258e-09 -0.000180885 0.00905162 -1.84343e-07 -4.19258e-09 -1.84343e-07 1.03651e-06 
2
0
0
0.000233173
0.0107701 -0.000255989 -3.71286e-09 -0.000255989 0.00996569 -2.08385e-07 -3.71286e-09 -2.08385e-07 1.03685e-06 
3
0
0
-1.21046e-05
0.0114639 -0.000297128 -3.27144e-09 -0.000297128 0.010272 -2.19286e-07 -3.27144e-09 -2.19286e-07 1.0371e-06 
4
0
0
0.000469229
0.0117902 -0.000317556 -2.97717e-09 -0.000317556 0.0103719 -2.24938e-07 -2.97717e-09 -2.24938e-07 1.03671e-06 
5
0
0
-0.00103179
0.0119437 -0.000327273 -2.77219e-09 -0.000327273 0.0104043 -2.28727e-07 -2.77219e-09 -2.28727e-07 1.03631e-06 
6
0
0
-0.00132078
0.0120159 -0.000331832 -2.62935e-09 -0.000331832 0.0104149 -2.3181e-07 -2.62935e-09 -2.3181e-07 1.036e-06 
7
0
0
0.000183277
0.01205 -0.000333948 -2.50912e-09 -0.000333948 0.0104185 -2.34555e-07 -2.50912e-09 -2.34555e-07 1.03576e-06 
8
0
0
0.000573142
0.0120662 -0.000334904 -2.39085e-09 -0.000334904 0.0104197 -2.37072e-07 -2.39085e-09 -2.37072e-07 1.03558e-06 
9
0
0
0.00120083
0.0120739 -0.000335344 -2.28677e-09 -0.000335344 0.0104202 -2.39395e-07 -2.28677e-09 -2.39395e-07 1.03545e-06 
10
0
0
0.00143848
0.0120777 -0.000335542 -2.18393e-09 -0.000335542 0.0104204 -2.41535e-07 -2.18393e-09 -2.41535e-07 1.03535e-06 
11
0
0
0.00122916
0.0120795 -0.000335634 -2.08719e-09 -0.000335634 0.0104206 -2.43496e-07 -2.08719e-09 -2.43496e-07 1.03528e-06 
12
0
0
-0.0004574
0.0120805 -0.000335685 -1.999e-09 -0.000335685 0.0104207 -2.4528e-07 -1.999e-09 -2.4528e-07 1.03523e-06 
13
0
0
-8.55492e-05
0.0120809 -0.000335738 -1.933e-09 -0.000335738 0.0104208 -2.46901e-07 -1.933e-09 -2.46901e-07 1.03519e-06 
14
0
0
-0.000634816
0.0120812 -0.000335757 -1.86193e-09 -0.000335757 0.0104209 -2.48365e-07 -1.86193e-09 -2.48365e-07 1.03517e-06 
15
0
0
0.000154484
0.0120814 -0.000335776 -1.80433e-09 -0.000335776 0.010421 -2.49682e-07 -1.80433e-09 -2.49682e-07 1.03515e-06 
16
0
0
0.000272963
0.0120815 -0.000335773 -1.74525e-09 -0.000335773 0.010421 -2.50865e-07 -1.74525e-09 -2.50865e-07 1.03514e-06 
17
0
0
-2.64605e-05
0.0120815 -0.000335772 -1.69195e-09 -0.000335772 0.0104211 -2.51922e-07 -1.69195e-09 -2.51922e-07 1.03514e-06 
18
0
0
-0.00016984
0.0120816 -0.000335778 -1.64637e-09 -0.000335778 0.0104211 -2.52865e-07 -1.64637e-09 -2.52865e-07 1.03514e-06 
19
0
0
-3.77081e-05
0.0120816 -0.000335784 -1.60862e-09 -0.000335784 0.0104212 -2.53703e-07 -1.60862e-09 -2.53703e-07 1.03514e-06 
20
0
0
0.00113007
0.0120816 -0.000335786 -1.58236e-09 -0.000335786 0.0104212 -2.54451e-07 -1.58236e-09 -2.54451e-07 1.03514e-06 
21
0
0
-0.000268111
0.0120817 -0.000335768 -1.54445e-09 -0.000335768 0.0104212 -2.55112e-07 -1.54445e-09 -2.55112e-07 1.03515e-06 
22
0
0
4.61013e-06
0.0120817 -0.000335785 -1.525e-09 -0.000335785 0.0104213 -2.55696e-07 -1.525e-09 -2.55696e-07 1.03515e-06 
23
0
0
0.000241257
0.0120817 -0.000335788 -1.49968e-09 -0.000335788 0.0104213 -2.5621e-07 -1.49968e-09 -2.5621e-07 1.03516e-06 
24
0
0
9.77245e-06
0.0120817 -0.000335785 -1.47969e-09 -0.000335785 0.0104213 -2.56663e-07 -1.47969e-09 -2.56663e-07 1.03516e-06 
25
0
0
0.000429913
0.0120817 -0.000335789 -1.46702e-09 -0.000335789 0.0104213 -2.57064e-07 -1.46702e-09 -2.57064e-07 1.03517e-06 
26
0
0
2.64151e-05
0.0120817 -0.000335784 -1.4471e-09 -0.000335784 0.0104213 -2.57419e-07 -1.4471e-09 -2.57419e-07 1.03517e-06 
27
0
0
-0.000547661
0.0120817 -0.000335789 -1.43205e-09 -0.000335789 0.0104213 -2.57729e-07 -1.43205e-09 -2.57729e-07 1.03518e-06 
28
0
0
-0.00131374
0.0120817 -0.0003358 -1.41787e-09 -0.0003358 0.0104214 -2.58001e-07 -1.41787e-09 -2.58001e-07 1.03518e-06 
29
0
0
-0.000363721
0.0120817 -0.000335816 -1.41099e-09 -0.000335816 0.0104214 -2.5824e-07 -1.41099e-09 -2.5824e-07 1.03519e-06 
30
0
0
-5.07974e-05
0.0120817 -0.000335808 -1.39261e-09 -0.000335808 0.0104214 -2.58449e-07 -1.39261e-09 -2.58449e-07 1.03519e-06 
31
0
0
1.77681e-05
0.0120817 -0.0003358 -1.3768e-09 -0.0003358 0.0104214 -2.58631e-07 -1.3768e-09 -2.58631e-07 1.03519e-06 
32
0
0
1.14489e-05
0.0120817 -0.000335796 -1.36573e-09 -0.000335796 0.0104214 -2.58791e-07 -1.36573e-09 -2.58791e-07 1.0352e-06 
33
0
0
-0.000832212
0.0120817 -0.000335795 -1.35897e-09 -0.000335795 0.0104214 -2.58931e-07 -1.35897e-09 -2.58931e-07 1.0352e-06 
34
0
0
-0.000182749
0.0120817 -0.000335808 -1.36078e-09 -0.000335808 0.0104214 -2.59053e-07 -1.36078e-09 -2.59053e-07 1.0352e-06 
35
0
0
-0.000242747
0.0120817 -0.000335803 -1.35166e-09 -0.000335803 0.0104214 -2.5916e-07 -1.35166e-09 -2.5916e-07 1.0352e-06 
36
0
0
-0.00084731
0.0120817 -0.000335802 -1.3478e-09 -0.000335802 0.0104214 -2.59256e-07 -1.3478e-09 -2.59256e-07 1.03521e-06 
37
0
0
0.000145935
0.0120817 -0.000335811 -1.34924e-09 -0.000335811 0.0104214 -2.59338e-07 -1.34924e-09 -2.59338e-07 1.03521e-06 
38
0
0
-0.000227262
0.0120817 -0.000335799 -1.33923e-09 -0.000335799 0.0104214 -2.59409e-07 -1.33923e-09 -2.59409e-07 1.03521e-06 
39
0
0
-0.000245644
0.0120817 -0.0003358 -1.33693e-09 -0.0003358 0.0104214 -2.5947e-07 -1.33693e-09 -2.5947e-07 1.03521e-06 
40
0
0
0.00138722
0.0120817 -0.000335801 -1.33422e-09 -0.000335801 0.0104214 -2.59522e-07 -1.33422e-09 -2.59522e-07 1.03521e-06 
41
0
0
0.00102693
0.0120817 -0.000335775 -1.31782e-09 -0.000335775 0.0104214 -2.59567e-07 -1.31782e-09 -2.59567e-07 1.03521e-06 
42
0
0
1.85208e-05
0.0120818 -0.000335771 -1.31461e-09 -0.000335771 0.0104214 -2.59607e-07 -1.31461e-09 -2.59607e-07 1.03521e-06 
43
0
0
-0.000416446
0.0120817 -0.000335786 -1.32182e-09 -0.000335786 0.0104214 -2.59641e-07 -1.32182e-09 -2.59641e-07 1.03522e-06 
44
0
0
0.000456366
0.0120817 -0.000335798 -1.32693e-09 -0.000335798 0.0104214 -2.59673e-07 -1.32693e-09 -2.59673e-07 1.03522e-06 
45
0
0
0.000362949
0.0120817 -0.000335789 -1.31897e-09 -0.000335789 0.0104214 -2.59701e-07 -1.31897e-09 -2.59701e-07 1.03522e-06 
46
0
0
0.000236309
0.0120817 -0.000335787 -1.3157e-09 -0.000335787 0.0104214 -2.59725e-07 -1.3157e-09 -2.59725e-07 1.03522e-06 
47
0
0
-0.000450543
0.0120817 -0.000335789 -1.31584e-09 -0.000335789 0.0104214 -2.59747e-07 -1.31584e-09 -2.59747e-07 1.03522e-06 
48
0
0
0.000682593
0.0120817 -0.0003358 -1.32189e-09 -0.0003358 0.0104214 -2.59766e-07 -1.32189e-09 -2.59766e-07 1.03522e-06 
49
0
0
-7.38173e-05
0.0120817 -0.000335786 -1.31291e-09 -0.000335786 0.0104214 -2.59783e-07 -1.31291e-09 -2.59783e-07 1.03522e-06 
50
0
0
-0.000391863
0.0120817 -0.000335793 -1.3154e-09 -0.000335793 0.0104214 -2.59797e-07 -1.3154e-09 -2.59797e-07 1.03522e-06 
51
0
0
-0.00056864
0.0120817 -0.000335801 -1.31805e-09 -0.000335801 0.0104214 -2.59809e-07 -1.31805e-09 -2.59809e-07 1.03522e-06 
52
0
0
2.49075e-05
0.0120817 -0.000335807 -1.32884e-09 -0.000335807 0.0104214 -2.5982e-07 -1.32884e-09 -2.5982e-07 1.03522e-06 
53
0
0
-0.000268
0.0120817 -0.000335799 -1.33085e-09 -0.000335799 0.0104214 -2.5983e-07 -1.33085e-09 -2.5983e-07 1.03522e-06 
54
0
0
0.000407399
0.0120817 -0.000335801 -1.33547e-09 -0.000335801 0.0104214 -2.59837e-07 -1.33547e-09 -2.59837e-07 1.03522e-06 
55
0
0
-0.000649185
0.0120817 -0.000335791 -1.33155e-09 -0.000335791 0.0104214 -2.59843e-07 -1.33155e-09 -2.59843e-07 1.03522e-06 
56
0
0
0.000712658
0.0120817 -0.000335804 -1.33958e-09 -0.000335804 0.0104214 -2.59849e-07 -1.33958e-09 -2.59849e-07 1.03522e-06 
57
0
0
0.000264369
0.0120817 -0.000335788 -1.33065e-09 -0.000335788 0.0104214 -2.59853e-07 -1.33065e-09 -2.59853e-07 1.03522e-06 
58
0
0
0.00109393
0.0120817 -0.000335788 -1.33215e-09 -0.000335788 0.0104214 -2.59858e-07 -1.33215e-09 -2.59858e-07 1.03522e-06 
59
0
0
-0.000230282
0.0120817 -0.000335776 -1.32581e-09 -0.000335776 0.0104214 -2.59862e-07 -1.32581e-09 -2.59862e-07 1.03522e-06 
60
0
0
0.000111916
0.0120817 -0.000335792 -1.33054e-09 -0.000335792 0.0104214 -2.59865e-07 -1.33054e-09 -2.59865e-07 1.03522e-06 
61
0
0
-0.00056843
0.0120817 -0.000335792 -1.32684e-09 -0.000335792 0.0104214 -2.59867e-07 -1.32684e-09 -2.59867e-07 1.03522e-06 
62
0
0
-0.00136484
0.0120817 -0.000335803 -1.33041e-09 -0.000335803 0.0104214 -2.5987e-07 -1.33041e-09 -2.5987e-07 1.03522e-06 
63
0
0
-0.000305914
0.0120817 -0.00033582 -1.33823e-09 -0.00033582 0.0104214 -2.59872e-07 -1.33823e-09 -2.59872e-07 1.03522e-06 
64
0
0
0.000223815
0.0120817 -0.00033581 -1.33187e-09 -0.00033581 0.0104214 -2.59874e-07 -1.33187e-09 -2.59874e-07 1.03522e-06 
65
0
0
0.000438903
0.0120817 -0.000335798 -1.32533e-09 -0.000335798 0.0104214 -2.59876e-07 -1.32533e-09 -2.59876e-07 1.03522e-06 
66
0
0
-0.000250675
0.0120817 -0.000335789 -1.32096e-09 -0.000335789 0.0104214 -2.59878e-07 -1.32096e-09 -2.59878e-07 1.03522e-06 
67
0
0
-0.000543513
0.0120817 -0.000335797 -1.32487e-09 -0.000335797 0.0104214 -2.59879e-07 -1.32487e-09 -2.59879e-07 1.03522e-06 
68
0
0
0.000286838
0.0120817 -0.000335805 -1.33084e-09 -0.000335805 0.0104214 -2.59879e-07 -1.33084e-09 -2.59879e-07 1.03522e-06 
69
0
0
0.000239662
0.0120817 -0.000335795 -1.32657e-09 -0.000335795 0.0104214 -2.59879e-07 -1.32657e-09 -2.59879e-07 1.03522e-06 
70
0
0
0.000338697
0.0120817 -0.000335791 -1.32599e-09 -0.000335791 0.0104214 -2.59879e-07 -1.32599e-09 -2.59879e-07 1.03522e-06 
71
0
0
-0.000144716
0.0120817 -0.000335789 -1.32505e-09 -0.000335789 0.0104214 -2.5988e-07 -1.32505e-09 -2.5988e-07 1.03522e-06 
72
0
0
8.93197e-05
0.0120817 -0.000335795 -1.32881e-09 -0.000335795 0.0104214 -2.59881e-07 -1.32881e-09 -2.59881e-07 1.03522e-06 
73
0
0
-0.000153313
0.0120817 -0.000335794 -1.32804e-09 -0.000335794 0.0104214 -2.59882e-07 -1.32804e-09 -2.59882e-07 1.03522e-06 
74
0
0
0.000433444
0.0120817 -0.000335797 -1.32913e-09 -0.000335797 0.0104214 -2.59882e-07 -1.32913e-09 -2.59882e-07 1.03522e-06 
75
0
0
0.000341536
0.0120817 -0.000335789 -1.32438e-09 -0.000335789 0.0104214 -2.59881e-07 -1.32438e-09 -2.59881e-07 1.03522e-06 
76
0
0
0.000822068
0.0120817 -0.000335788 -1.32436e-09 -0.000335788 0.0104214 -2.59878e-07 -1.32436e-09 -2.59878e-07 1.03522e-06 
77
0
0
0.000689289
0.0120817 -0.00033578 -1.32057e-09 -0.00033578 0.0104214 -2.59876e-07 -1.32057e-09 -2.59876e-07 1.03522e-06 
78
0
0
-0.000486971
0.0120817 -0.000335779 -1.32005e-09 -0.000335779 0.0104214 -2.59873e-07 -1.32005e-09 -2.59873e-07 1.03522e-06 
79
0
0
2.90424e-05
0.0120817 -0.000335797 -1.33009e-09 -0.000335797 0.0104214 -2.59872e-07 -1.33009e-09 -2.59872e-07 1.03522e-06 
80
0
0
-0.000128009
0.0120817 -0.000335796 -1.32922e-09 -0.000335796 0.0104214 -2.59871e-07 -1.32922e-09 -2.59871e-07 1.03522e-06 
81
0
0
0.000736349
0.0120817 -0.000335798 -1.32991e-09 -0.000335798 0.0104214 -2.59873e-07 -1.32991e-09 -2.59873e-07 1.03522e-06 
82
0
0
-7.57065e-05
0.0120817 -0.000335785 -1.32248e-09 -0.000335785 0.0104214 -2.59875e-07 -1.32248e-09 -2.59875e-07 1.03522e-06 
83
0
0
-0.00137445
0.0120817 -0.000335793 -1.32658e-09 -0.000335793 0.0104214 -2.59878e-07 -1.32658e-09 -2.59878e-07 1.03522e-06 
84
0
0
-0.000422211
0.0120817 -0.000335816 -1.3425e-09 -0.000335816 0.0104214 -2.59883e-07 -1.3425e-09 -2.59883e-07 1.03522e-06 
85
0
0
-0.000729697
0.0120817 -0.00033581 -1.34118e-09 -0.00033581 0.0104214 -2.59887e-07 -1.34118e-09 -2.59887e-07 1.03522e-06 
86
0
0
-0.00064187
0.0120817 -0.000335813 -1.34407e-09 -0.000335813 0.0104214 -2.5989e-07 -1.34407e-09 -2.5989e-07 1.03522e-06 
87
0
0
0.000405231
0.0120817 -0.000335812 -1.34431e-09 -0.000335812 0.0104214 -2.5989e-07 -1.34431e-09 -2.5989e-07 1.03522e-06 
88
0
0
0.000752544
0.0120817 -0.000335796 -1.33553e-09 -0.000335796 0.0104214 -2.59888e-07 -1.33553e-09 -2.59888e-07 1.03522e-06 
89
0
0
-0.000217225
0.0120817 -0.000335784 -1.33029e-09 -0.000335784 0.0104214 -2.59887e-07 -1.33029e-09 -2.59887e-07 1.03522e-06 
90
0
0
-0.000643516
0.0120817 -0.000335795 -1.33698e-09 -0.000335795 0.0104214 -2.59887e-07 -1.33698e-09 -2.59887e-07 1.03522e-06 
91
0
0
8.00652e-05
0.0120817 -0.000335805 -1.34156e-09 -0.000335805 0.0104214 -2.59886e-07 -1.34156e-09 -2.59886e-07 1.03522e-06 
92
0
0
-0.000232572
0.0120817 -0.000335798 -1.3345e-09 -0.000335798 0.0104214 -2.59892e-07 -1.3345e-09 -2.59892e-07 1.03522e-06 
93
0
0
0.000232242
0.0120817 -0.0003358 -1.3338e-09 -0.0003358 0.0104214 -2.59896e-07 -1.3338e-09 -2.59896e-07 1.03522e-06 
94
0
0
0.00157847
0.0120817 -0.000335794 -1.32884e-09 -0.000335794 0.0104214 -2.59897e-07 -1.32884e-09 -2.59897e-07 1.03522e-06 
95
0
0
0.00161112
0.0120818 -0.00033577 -1.31512e-09 -0.00033577 0.0104214 -2.59898e-07 -1.31512e-09 -2.59898e-07 1.03522e-06 
96
0
0
-0.000226199
0.0120818 -0.00033576 -1.30993e-09 -0.00033576 0.0104214 -2.59899e-07 -1.30993e-09 -2.59899e-07 1.03522e-06 
97
0
0
-0.000420532
0.0120817 -0.000335786 -1.32406e-09 -0.000335786 0.0104214 -2.59899e-07 -1.32406e-09 -2.59899e-07 1.03522e-06 
98
0
0
0.00149256
0.0120817 -0.000335799 -1.33002e-09 -0.000335799 0.0104214 -2.59899e-07 -1.33002e-09 -2.59899e-07 1.03522e-06 
99
0
0
0.000420435
0.0120818 -0.000335773 -1.31565e-09 -0.000335773 0.0104214 -2.59898e-07 -1.31565e-09 -2.59898e-07 1.03522e-06 
100
0
0
-0.000551607
0.0120817 -0.00033578 -1.32164e-09 -0.00033578 0.0104214 -2.59898e-07 -1.32164e-09 -2.59898e-07 1.03522e-06 
101
0
0
0.000118637
0.0120817 -0.000335799 -1.33201e-09 -0.000335799 0.0104214 -2.59897e-07 -1.33201e-09 -2.59897e-07 1.03522e-06 
102
0
0
-7.39898e-05
0.0120817 -0.000335795 -1.32899e-09 -0.000335795 0.0104214 -2.59895e-07 -1.32899e-09 -2.59895e-07 1.03522e-06 
103
0
0
0.000274241
0.0120817 -0.000335797 -1.32862e-09 -0.000335797 0.0104214 -2.59894e-07 -1.32862e-09 -2.59894e-07 1.03522e-06 
104
0
0
-0.000556699
0.0120817 -0.000335792 -1.32526e-09 -0.000335792 0.0104214 -2.59894e-07 -1.32526e-09 -2.59894e-07 1.03522e-06 
105
0
0
6.3981e-05
0.0120817 -0.000335803 -1.33113e-09 -0.000335803 0.0104214 -2.59894e-07 -1.33113e-09 -2.59894e-07 1.03522e-06 
106
0
0
2.79694e-05
0.0120817 -0.000335797 -1.32795e-09 -0.000335797 0.0104214 -2.59893e-07 -1.32795e-09 -2.59893e-07 1.03522e-06 
107
0
0
0.000209855
0.0120817 -0.000335796 -1.32776e-09 -0.000335796 0.0104214 -2.59893e-07 -1.32776e-09 -2.59893e-07 1.03522e-06 
108
0
0
-0.000115885
0.0120817 -0.000335792 -1.32694e-09 -0.000335792 0.0104214 -2.59893e-07 -1.32694e-09 -2.59893e-07 1.03522e-06 
109
0
0
-0.000287613
0.0120817 -0.000335796 -1.32941e-09 -0.000335796 0.0104214 -2.59895e-07 -1.32941e-09 -2.59895e-07 1.03522e-06 
110
0
0
-9.30204e-06
0.0120817 -0.0003358 -1.331e-09 -0.0003358 0.0104214 -2.59896e-07 -1.331e-09 -2.59896e-07 1.03522e-06 
111
0
0
-0.000365605
0.0120817 -0.000335798 -1.32899e-09 -0.000335798 0.0104214 -2.59898e-07 -1.32899e-09 -2.59898e-07 1.03522e-06 
112
0
0
0.00100507
0.0120817 -0.000335802 -1.33143e-09 -0.000335802 0.0104214 -2.599e-07 -1.33143e-09 -2.599e-07 1.03522e-06 
113
0
0
0.000739076
0.0120817 -0.000335782 -1.32037e-09 -0.000335782 0.0104214 -2.59902e-07 -1.32037e-09 -2.59902e-07 1.03522e-06 
114
0
0
-0.000318653
0.0120817 -0.000335779 -1.31871e-09 -0.000335779 0.0104214 -2.59904e-07 -1.31871e-09 -2.59904e-07 1.03522e-06 
115
0
0
-0.000193216
0.0120817 -0.000335794 -1.32723e-09 -0.000335794 0.0104214 -2.59905e-07 -1.32723e-09 -2.59905e-07 1.03522e-06 
116
0
0
0.000647573
0.0120817 -0.000335798 -1.33031e-09 -0.000335798 0.0104214 -2.59906e-07 -1.33031e-09 -2.59906e-07 1.03522e-06 
117
0
0
-0.000103366
0.0120817 -0.000335786 -1.32505e-09 -0.000335786 0.0104214 -2.59907e-07 -1.32505e-09 -2.59907e-07 1.03522e-06 
118
0
0
-0.000872762
0.0120817 -0.000335794 -1.32976e-09 -0.000335794 0.0104214 -2.59908e-07 -1.32976e-09 -2.59908e-07 1.03522e-06 
119
0
0
-0.000261607
0.0120817 -0.000335809 -1.33771e-09 -0.000335809 0.0104214 -2.59909e-07 -1.33771e-09 -2.59909e-07 1.03522e-06 
120
0
0
0.000239067
0.0120817 -0.000335805 -1.33541e-09 -0.000335805 0.0104214 -2.59909e-07 -1.33541e-09 -2.59909e-07 1.03522e-06 
121
0
0
-0.000403144
0.0120817 -0.000335795 -1.33025e-09 -0.000335795 0.0104214 -2.59909e-07 -1.33025e-09 -2.59909e-07 1.03522e-06 
122
0
0
-0.00102696
0.0120817 -0.000335802 -1.3343e-09 -0.000335802 0.0104214 -2.5991e-07 -1.3343e-09 -2.5991e-07 1.03522e-06 
123
0
0
-0.000853326
0.0120817 -0.000335814 -1.34088e-09 -0.000335814 0.0104214 -2.59911e-07 -1.34088e-09 -2.59911e-07 1.03522e-06 
124
0
0
-0.00104707
0.0120817 -0.000335816 -1.34413e-09 -0.000335816 0.0104214 -2.59912e-07 -1.34413e-09 -2.59912e-07 1.03522e-06 
125
0
0
-0.000187966
0.0120817 -0.00033582 -1.34787e-09 -0.00033582 0.0104214 -2.59912e-07 -1.34787e-09 -2.59912e-07 1.03522e-06 
126
0
0
-0.000810709
0.0120817 -0.000335808 -1.34162e-09 -0.000335808 0.0104214 -2.59912e-07 -1.34162e-09 -2.59912e-07 1.03522e-06 
127
0
0
0.000803449
0.0120817 -0.000335813 -1.34447e-09 -0.000335813 0.0104214 -2.59911e-07 -1.34447e-09 -2.59911e-07 1.03522e-06 
128
0
0
0.000993372
0.0120817 -0.00033579 -1.33066e-09 -0.00033579 0.0104214 -2.5991e-07 -1.33066e-09 -2.5991e-07 1.03522e-06 
129
0
0
0.000390871
0.0120817 -0.000335778 -1.32366e-09 -0.000335778 0.0104214 -2.5991e-07 -1.32366e-09 -2.5991e-07 1.03522e-06 
130
0
0
0.000140681
0.0120817 -0.000335783 -1.32581e-09 -0.000335783 0.0104214 -2.5991e-07 -1.32581e-09 -2.5991e-07 1.03522e-06 
131
0
0
0.000404525
0.0120817 -0.000335788 -1.33945e-09 -0.000335788 0.0104214 -2.59909e-07 -1.33945e-09 -2.59909e-07 1.03522e-06 
132
0
0
0.000357988
0.0120817 -0.000335786 -1.34514e-09 -0.000335786 0.0104214 -2.5991e-07 -1.34514e-09 -2.5991e-07 1.03522e-06 
133
0
0
-0.000518622
0.0120817 -0.000335786 -1.34803e-09 -0.000335786 0.0104214 -2.5991e-07 -1.34803e-09 -2.5991e-07 1.03522e-06 
134
0
0
-2.61878e-05
0.0120817 -0.0003358 -1.35683e-09 -0.0003358 0.0104214 -2.5991e-07 -1.35683e-09 -2.5991e-07 1.03522e-06 
135
0
0
0.000292168
0.0120817 -0.000335798 -1.35572e-09 -0.000335798 0.0104214 -2.59911e-07 -1.35572e-09 -2.59911e-07 1.03522e-06 
136
0
0
2.85186e-05
0.0120817 -0.000335792 -1.35238e-09 -0.000335792 0.0104214 -2.59911e-07 -1.35238e-09 -2.59911e-07 1.03522e-06 
137
0
0
0.000561462
0.0120817 -0.000335794 -1.35298e-09 -0.000335794 0.0104214 -2.5991e-07 -1.35298e-09 -2.5991e-07 1.03522e-06 
138
0
0
0.000172221
0.0120817 -0.000335786 -1.3484e-09 -0.000335786 0.0104214 -2.59911e-07 -1.3484e-09 -2.59911e-07 1.03522e-06 
139
0
0
-0.000293384
0.0120817 -0.000335789 -1.34996e-09 -0.000335789 0.0104214 -2.59911e-07 -1.34996e-09 -2.59911e-07 1.03522e-06 
140
0
0
0.000426061
0.0120817 -0.000335798 -1.35399e-09 -0.000335798 0.0104214 -2.59911e-07 -1.35399e-09 -2.59911e-07 1.03522e-06 
141
0
0
-0.000239274
0.0120817 -0.00033579 -1.34609e-09 -0.00033579 0.0104214 -2.5991e-07 -1.34609e-09 -2.5991e-07 1.03522e-06 
142
0
0
4.8521e-05
0.0120817 -0.000335797 -1.34775e-09 -0.000335797 0.0104214 -2.59909e-07 -1.34775e-09 -2.59909e-07 1.03522e-06 
143
0
0
-8.7024e-05
0.0120817 -0.000335795 -1.34504e-09 -0.000335795 0.0104214 -2.59909e-07 -1.34504e-09 -2.59909e-07 1.03522e-06 
144
0
0
-0.00106361
0.0120817 -0.000335797 -1.34526e-09 -0.000335797 0.0104214 -2.59908e-07 -1.34526e-09 -2.59908e-07 1.03522e-06 
145
0
0
-0.000363623
0.0120817 -0.000335813 -1.3536e-09 -0.000335813 0.0104214 -2.59908e-07 -1.3536e-09 -2.59908e-07 1.03522e-06 
146
0
0
0.000147613
0.0120817 -0.000335808 -1.35047e-09 -0.000335808 0.0104214 -2.59908e-07 -1.35047e-09 -2.59908e-07 1.03522e-06 
147
0
0
4.2282e-05
0.0120817 -0.000335798 -1.34538e-09 -0.000335798 0.0104214 -2.59911e-07 -1.34538e-09 -2.59911e-07 1.03522e-06 
148
0
0
-0.00124245
0.0120817 -0.000335796 -1.34413e-09 -0.000335796 0.0104214 -2.59912e-07 -1.34413e-09 -2.59912e-07 1.03522e-06 
149
0
0
-0.000685017
0.0120817 -0.000335815 -1.3552e-09 -0.000335815 0.0104214 -2.59913e-07 -1.3552e-09 -2.59913e-07 1.03522e-06 
150
0
0
-0.000654276
0.0120817 -0.000335814 -1.35509e-09 -0.000335814 0.0104214 -2.59913e-07 -1.35509e-09 -2.59913e-07 1.03522e-06 
151
0
0
0.000394046
0.0120817 -0.000335813 -1.35425e-09 -0.000335813 0.0104214 -2.59914e-07 -1.35425e-09 -2.59914e-07 1.03522e-06 
152
0
0
0.000281559
0.0120817 -0.000335796 -1.34354e-09 -0.000335796 0.0104214 -2.59913e-07 -1.34354e-09 -2.59913e-07 1.03522e-06 
153
0
0
0.00054053
0.0120817 -0.000335791 -1.34053e-09 -0.000335791 0.0104214 -2.59912e-07 -1.34053e-09 -2.59912e-07 1.03522e-06 
154
0
0
-0.000512548
0.0120817 -0.000335785 -1.33878e-09 -0.000335785 0.0104214 -2.59912e-07 -1.33878e-09 -2.59912e-07 1.03522e-06 
155
0
0
-0.000456787
0.0120817 -0.0003358 -1.34705e-09 -0.0003358 0.0104214 -2.59911e-07 -1.34705e-09 -2.59911e-07 1.03522e-06 
156
0
0
0.000781414
0.0120817 -0.000335805 -1.34901e-09 -0.000335805 0.0104214 -2.59911e-07 -1.34901e-09 -2.59911e-07 1.03522e-06 
157
0
0
0.000362051
0.0120817 -0.000335787 -1.33894e-09 -0.000335787 0.0104214 -2.59911e-07 -1.33894e-09 -2.59911e-07 1.03522e-06 
158
0
0
0.000703384
0.0120817 -0.000335786 -1.33909e-09 -0.000335786 0.0104214 -2.59911e-07 -1.33909e-09 -2.59911e-07 1.03522e-06 
159
0
0
-1.515e-05
0.0120817 -0.000335781 -1.33551e-09 -0.000335781 0.0104214 -2.59911e-07 -1.33551e-09 -2.59911e-07 1.03522e-06 
160
0
0
-0.000852629
0.0120817 -0.00033579 -1.33942e-09 -0.00033579 0.0104214 -2.59911e-07 -1.33942e-09 -2.59911e-07 1.03522e-06 
161
0
0
0.000669247
0.0120817 -0.000335807 -1.34711e-09 -0.000335807 0.0104214 -2.59911e-07 -1.34711e-09 -2.59911e-07 1.03522e-06 
162
0
0
-0.000313522
0.0120817 -0.000335789 -1.33598e-09 -0.000335789 0.0104214 -2.59912e-07 -1.33598e-09 -2.59912e-07 1.03522e-06 
163
0
0
-0.000582242
0.0120817 -0.000335798 -1.34052e-09 -0.000335798 0.0104214 -2.59913e-07 -1.34052e-09 -2.59913e-07 1.03522e-06 
164
0
0
0.000539066
0.0120817 -0.000335806 -1.34546e-09 -0.000335806 0.0104214 -2.59918e-07 -1.34546e-09 -2.59918e-07 1.03522e-06 
165
0
0
0.000302459
0.0120817 -0.000335791 -1.33719e-09 -0.000335791 0.0104214 -2.59921e-07 -1.33719e-09 -2.59921e-07 1.03522e-06 
166
0
0
8.45283e-05
0.0120817 -0.000335789 -1.33602e-09 -0.000335789 0.0104214 -2.59922e-07 -1.33602e-09 -2.59922e-07 1.03522e-06 
167
0
0
0.000611186
0.0120817 -0.000335792 -1.33768e-09 -0.000335792 0.0104214 -2.59923e-07 -1.33768e-09 -2.59923e-07 1.03522e-06 
168
0
0
0.000144375
0.0120817 -0.000335784 -1.33321e-09 -0.000335784 0.0104214 -2.59923e-07 -1.33321e-09 -2.59923e-07 1.03522e-06 
169
0
0
-0.00044925
0.0120817 -0.000335789 -1.33522e-09 -0.000335789 0.0104214 -2.59925e-07 -1.33522e-09 -2.59925e-07 1.03522e-06 
170
0
0
-0.000956966
0.0120817 -0.0003358 -1.34038e-09 -0.0003358 0.0104214 -2.59925e-07 -1.34038e-09 -2.59925e-07 1.03522e-06 
171
0
0
-0.000996567
0.0120817 -0.000335813 -1.34599e-09 -0.000335813 0.0104214 -2.59926e-07 -1.34599e-09 -2.59926e-07 1.03522e-06 
172
0
0
0.000593117
0.0120817 -0.000335818 -1.35092e-09 -0.000335818 0.0104214 -2.59925e-07 -1.35092e-09 -2.59925e-07 1.03522e-06 
173
0
0
0.000385577
0.0120817 -0.000335795 -1.33989e-09 -0.000335795 0.0104214 -2.59924e-07 -1.33989e-09 -2.59924e-07 1.03522e-06 
174
0
0
0.00130364
0.0120817 -0.000335789 -1.33827e-09 -0.000335789 0.0104214 -2.59923e-07 -1.33827e-09 -2.59923e-07 1.03522e-06 
175
0
0
0.000396792
0.0120818 -0.000335773 -1.32926e-09 -0.000335773 0.0104214 -2.59923e-07 -1.32926e-09 -2.59923e-07 1.03522e-06 
176
0
0
-0.000685869
0.0120817 -0.000335781 -1.33387e-09 -0.000335781 0.0104214 -2.59922e-07 -1.33387e-09 -2.59922e-07 1.03522e-06 
177
0
0
-0.000158733
0.0120817 -0.000335801 -1.344e-09 -0.000335801 0.0104214 -2.59922e-07 -1.344e-09 -2.59922e-07 1.03522e-06 
178
0
0
0.00119555
0.0120817 -0.0003358 -1.34278e-09 -0.0003358 0.0104214 -2.59922e-07 -1.34278e-09 -2.59922e-07 1.03522e-06 
179
0
0
3.08882e-05
0.0120817 -0.000335778 -1.32985e-09 -0.000335778 0.0104214 -2.59922e-07 -1.32985e-09 -2.59922e-07 1.03522e-06 
180
0
0
-0.000399565
0.0120817 -0.000335789 -1.33768e-09 -0.000335789 0.0104214 -2.59921e-07 -1.33768e-09 -2.59921e-07 1.03522e-06 
181
0
0
0.000220177
0.0120817 -0.000335799 -1.34497e-09 -0.000335799 0.0104214 -2.5992e-07 -1.34497e-09 -2.5992e-07 1.03522e-06 
182
0
0
0.000532457
0.0120817 -0.000335794 -1.34231e-09 -0.000335794 0.0104214 -2.5992e-07 -1.34231e-09 -2.5992e-07 1.03522e-06 
183
0
0
-0.00131735
0.0120817 -0.000335786 -1.33827e-09 -0.000335786 0.0104214 -2.5992e-07 -1.33827e-09 -2.5992e-07 1.03522e-06 
184
0
0
-0.000370642
0.0120817 -0.000335813 -1.35196e-09 -0.000335813 0.0104214 -2.59919e-07 -1.35196e-09 -2.59919e-07 1.03522e-06 
185
0
0
0.000374781
0.0120817 -0.000335808 -1.34813e-09 -0.000335808 0.0104214 -2.59919e-07 -1.34813e-09 -2.59919e-07 1.03522e-06 
186
0
0
0.000188611
0.0120817 -0.000335794 -1.34019e-09 -0.000335794 0.0104214 -2.59918e-07 -1.34019e-09 -2.59918e-07 1.03522e-06 
187
0
0
0.000642351
0.0120817 -0.000335792 -1.33815e-09 -0.000335792 0.0104214 -2.59918e-07 -1.33815e-09 -2.59918e-07 1.03522e-06 
188
0
0
0.000115729
0.0120817 -0.000335784 -1.33341e-09 -0.000335784 0.0104214 -2.59917e-07 -1.33341e-09 -2.59917e-07 1.03522e-06 
189
0
0
0.000311464
0.0120817 -0.000335789 -1.33689e-09 -0.000335789 0.0104214 -2.59917e-07 -1.33689e-09 -2.59917e-07 1.03522e-06 
190
0
0
-0.000488592
0.0120817 -0.000335788 -1.3368e-09 -0.000335788 0.0104214 -2.59917e-07 -1.3368e-09 -2.59917e-07 1.03522e-06 
191
0
0
0.000521537
0.0120817 -0.000335801 -1.34392e-09 -0.000335801 0.0104214 -2.59917e-07 -1.34392e-09 -2.59917e-07 1.03522e-06 
192
0
0
-0.000181739
0.0120817 -0.000335789 -1.33709e-09 -0.000335789 0.0104214 -2.59917e-07 -1.33709e-09 -2.59917e-07 1.03522e-06 
193
0
0
-0.000488811
0.0120817 -0.000335796 -1.34139e-09 -0.000335796 0.0104214 -2.59917e-07 -1.34139e-09 -2.59917e-07 1.03522e-06 
194
0
0
-3.78129e-05
0.0120817 -0.000335804 -1.34626e-09 -0.000335804 0.0104214 -2.59917e-07 -1.34626e-09 -2.59917e-07 1.03522e-06 
195
0
0
-0.000467975
0.0120817 -0.000335799 -1.34408e-09 -0.000335799 0.0104214 -2.59918e-07 -1.34408e-09 -2.59918e-07 1.03522e-06 
196
0
0
0.00012071
0.0120817 -0.000335804 -1.35081e-09 -0.000335804 0.0104214 -2.59919e-07 -1.35081e-09 -2.59919e-07 1.03522e-06 
197
0
0
-0.000549863
0.0120817 -0.000335797 -1.34972e-09 -0.000335797 0.0104214 -2.5992e-07 -1.34972e-09 -2.5992e-07 1.03522e-06 
198
0
0
1.81597e-05
0.0120817 -0.000335805 -1.35598e-09 -0.000335805 0.0104214 -2.5992e-07 -1.35598e-09 -2.5992e-07 1.03522e-06 
199
0
0
0.000253641
0.0120817 -0.000335799 -1.3535e-09 -0.000335799 0.0104214 -2.5992e-07 -1.3535e-09 -2.5992e-07 1.03522e-06 
200
0
0
-0.000237297
0.0120817 -0.000335793 -1.35045e-09 -0.000335793 0.0104214 -2.59919e-07 -1.35045e-09 -2.59919e-07 1.03522e-06 
201
0
0
0.000599958
0.0120817 -0.000335798 -1.35261e-09 -0.000335798 0.0104214 -2.59919e-07 -1.35261e-09 -2.59919e-07 1.03522e-06 
202
0
0
0.00110563
0.0120817 -0.000335787 -1.34499e-09 -0.000335787 0.0104214 -2.59918e-07 -1.34499e-09 -2.59918e-07 1.03522e-06 
203
0
0
0.000798861
0.0120817 -0.000335775 -1.33642e-09 -0.000335775 0.0104214 -2.59918e-07 -1.33642e-09 -2.59918e-07 1.03522e-06 
204
0
0
0.000339178
0.0120817 -0.000335775 -1.3367e-09 -0.000335775 0.0104214 -2.59917e-07 -1.3367e-09 -2.59917e-07 1.03522e-06 
205
0
0
-0.000391361
0.0120817 -0.000335782 -1.34098e-09 -0.000335782 0.0104214 -2.59917e-07 -1.34098e-09 -2.59917e-07 1.03522e-06 
206
0
0
-0.000468992
0.0120817 -0.000335797 -1.34898e-09 -0.000335797 0.0104214 -2.59917e-07 -1.34898e-09 -2.59917e-07 1.03522e-06 
207
0
0
-0.000477889
0.0120817 -0.000335804 -1.35227e-09 -0.000335804 0.0104214 -2.59918e-07 -1.35227e-09 -2.59918e-07 1.03522e-06 
208
0
0
-0.000540402
0.0120817 -0.000335806 -1.35409e-09 -0.000335806 0.0104214 -2.59919e-07 -1.35409e-09 -2.59919e-07 1.03522e-06 
209
0
0
-0.000286448
0.0120817 -0.000335808 -1.35463e-09 -0.000335808 0.0104214 -2.5992e-07 -1.35463e-09 -2.5992e-07 1.03522e-06 
210
0
0
-0.000467139
0.0120817 -0.000335805 -1.35222e-09 -0.000335805 0.0104214 -2.59922e-07 -1.35222e-09 -2.59922e-07 1.03522e-06 
211
0
0
-0.000218626
0.0120817 -0.000335807 -1.35375e-09 -0.000335807 0.0104214 -2.59923e-07 -1.35375e-09 -2.59923e-07 1.03522e-06 
212
0
0
-0.001085
0.0120817 -0.000335803 -1.35147e-09 -0.000335803 0.0104214 -2.59924e-07 -1.35147e-09 -2.59924e-07 1.03522e-06 
213
0
0
-0.00080979
0.0120817 -0.000335816 -1.35734e-09 -0.000335816 0.0104214 -2.59925e-07 -1.35734e-09 -2.59925e-07 1.03522e-06 
214
0
0
-0.00015378
0.0120817 -0.000335816 -1.35565e-09 -0.000335816 0.0104214 -2.59927e-07 -1.35565e-09 -2.59927e-07 1.03522e-06 
215
0
0
0.000230752
0.0120817 -0.000335806 -1.34843e-09 -0.000335806 0.0104214 -2.59927e-07 -1.34843e-09 -2.59927e-07 1.03522e-06 
216
0
0
-0.000167471
0.0120817 -0.000335796 -1.34228e-09 -0.000335796 0.0104214 -2.59927e-07 -1.34228e-09 -2.59927e-07 1.03522e-06 
217
0
0
0.000338423
0.0120817 -0.000335798 -1.34349e-09 -0.000335798 0.0104214 -2.59928e-07 -1.34349e-09 -2.59928e-07 1.03522e-06 
218
0
0
0.00025613
0.0120817 -0.000335791 -1.3389e-09 -0.000335791 0.0104214 -2.59928e-07 -1.3389e-09 -2.59928e-07 1.03522e-06 
219
0
0
0.000119615
0.0120817 -0.00033579 -1.33759e-09 -0.00033579 0.0104214 -2.59928e-07 -1.33759e-09 -2.59928e-07 1.03522e-06 
220
0
0
-3.45213e-05
0.0120817 -0.000335792 -1.34033e-09 -0.000335792 0.0104214 -2.59927e-07 -1.34033e-09 -2.59927e-07 1.03522e-06 
221
0
0
-0.000509554
0.0120817 -0.000335795 -1.34338e-09 -0.000335795 0.0104214 -2.59926e-07 -1.34338e-09 -2.59926e-07 1.03522e-06 
222
0
0
0.000707924
0.0120817 -0.000335803 -1.34906e-09 -0.000335803 0.0104214 -2.59925e-07 -1.34906e-09 -2.59925e-07 1.03522e-06 
223
0
0
-2.78867e-05
0.0120817 -0.000335787 -1.33988e-09 -0.000335787 0.0104214 -2.59924e-07 -1.33988e-09 -2.59924e-07 1.03522e-06 
224
0
0
0.000434137
0.0120817 -0.000335793 -1.34262e-09 -0.000335793 0.0104214 -2.59922e-07 -1.34262e-09 -2.59922e-07 1.03522e-06 
225
0
0
0.000508214
0.0120817 -0.000335788 -1.33894e-09 -0.000335788 0.0104214 -2.59919e-07 -1.33894e-09 -2.59919e-07 1.03522e-06 
226
0
0
0.000305053
0.0120817 -0.000335785 -1.33812e-09 -0.000335785 0.0104214 -2.59918e-07 -1.33812e-09 -2.59918e-07 1.03522e-06 
227
0
0
-0.000228593
0.0120817 -0.000335787 -1.33951e-09 -0.000335787 0.0104214 -2.59918e-07 -1.33951e-09 -2.59918e-07 1.03522e-06 
228
0
0
-0.000161799
0.0120817 -0.000335796 -1.33989e-09 -0.000335796 0.0104214 -2.59915e-07 -1.33989e-09 -2.59915e-07 1.03522e-06 
229
0
0
-0.000209792
0.0120817 -0.000335798 -1.33705e-09 -0.000335798 0.0104214 -2.59913e-07 -1.33705e-09 -2.59913e-07 1.03522e-06 
230
0
0
0.000375512
0.0120817 -0.0003358 -1.3353e-09 -0.0003358 0.0104214 -2.59912e-07 -1.3353e-09 -2.59912e-07 1.03522e-06 
231
0
0
0.000246669
0.0120817 -0.000335791 -1.32858e-09 -0.000335791 0.0104214 -2.59912e-07 -1.32858e-09 -2.59912e-07 1.03522e-06 
232
0
0
0.000777741
0.0120817 -0.00033579 -1.32634e-09 -0.00033579 0.0104214 -2.59912e-07 -1.32634e-09 -2.59912e-07 1.03522e-06 
233
0
0
0.000682674
0.0120817 -0.000335781 -1.31989e-09 -0.000335781 0.0104214 -2.59913e-07 -1.31989e-09 -2.59913e-07 1.03522e-06 
234
0
0
0.000219212
0.0120817 -0.000335779 -1.31741e-09 -0.000335779 0.0104214 -2.59913e-07 -1.31741e-09 -2.59913e-07 1.03522e-06 
235
0
0
-0.000248299
0.0120817 -0.000335786 -1.32046e-09 -0.000335786 0.0104214 -2.59913e-07 -1.32046e-09 -2.59913e-07 1.03522e-06 
236
0
0
0.000128241
0.0120817 -0.000335796 -1.32994e-09 -0.000335796 0.0104214 -2.59917e-07 -1.32994e-09 -2.59917e-07 1.03522e-06 
237
0
0
-0.000353134
0.0120817 -0.000335794 -1.33151e-09 -0.000335794 0.0104214 -2.59919e-07 -1.33151e-09 -2.59919e-07 1.03522e-06 
238
0
0
-0.000507719
0.0120817 -0.000335801 -1.33698e-09 -0.000335801 0.0104214 -2.5992e-07 -1.33698e-09 -2.5992e-07 1.03522e-06 
239
0
0
-0.000295644
0.0120817 -0.000335806 -1.34066e-09 -0.000335806 0.0104214 -2.59921e-07 -1.34066e-09 -2.59921e-07 1.03522e-06 
240
0
0
-0.000425983
0.0120817 -0.000335804 -1.33983e-09 -0.000335804 0.0104214 -2.59921e-07 -1.33983e-09 -2.59921e-07 1.03522e-06 
241
0
0
-0.00112228
0.0120817 -0.000335806 -1.34046e-09 -0.000335806 0.0104214 -2.59921e-07 -1.34046e-09 -2.59921e-07 1.03522e-06 
242
0
0
-4.43611e-05
0.0120817 -0.000335817 -1.34674e-09 -0.000335817 0.0104214 -2.5992e-07 -1.34674e-09 -2.5992e-07 1.03522e-06 
243
0
0
0.000410371
0.0120817 -0.000335805 -1.3397e-09 -0.000335805 0.0104214 -2.5992e-07 -1.3397e-09 -2.5992e-07 1.03522e-06 
244
0
0
0.000387722
0.0120817 -0.000335793 -1.33562e-09 -0.000335793 0.0104214 -2.5992e-07 -1.33562e-09 -2.5992e-07 1.03522e-06 
245
0
0
0.000466663
0.0120817 -0.000335788 -1.33492e-09 -0.000335788 0.0104214 -2.5992e-07 -1.33492e-09 -2.5992e-07 1.03522e-06 
246
0
0
-0.000525329
0.0120817 -0.000335785 -1.33325e-09 -0.000335785 0.0104214 -2.59921e-07 -1.33325e-09 -2.59921e-07 1.03522e-06 
247
0
0
-0.00104279
0.0120817 -0.0003358 -1.3401e-09 -0.0003358 0.0104214 -2.59921e-07 -1.3401e-09 -2.59921e-07 1.03522e-06 
248
0
0
0.000755815
0.0120817 -0.000335814 -1.34579e-09 -0.000335814 0.0104214 -2.59921e-07 -1.34579e-09 -2.59921e-07 1.03522e-06 
249
0
0
0.00128383
0.0120817 -0.000335791 -1.333e-09 -0.000335791 0.0104214 -2.5992e-07 -1.333e-09 -2.5992e-07 1.03522e-06 
250
0
0
0.000573562
0.0120817 -0.000335773 -1.32458e-09 -0.000335773 0.0104214 -2.5992e-07 -1.32458e-09 -2.5992e-07 1.03522e-06 
251
0
0
-9.2254e-05
0.0120817 -0.000335778 -1.33556e-09 -0.000335778 0.0104214 -2.5992e-07 -1.33556e-09 -2.5992e-07 1.03522e-06 
252
0
0
0.000171835
0.0120817 -0.00033579 -1.34672e-09 -0.00033579 0.0104214 -2.5992e-07 -1.34672e-09 -2.5992e-07 1.03522e-06 
253
0
0
-0.000451152
0.0120817 -0.000335791 -1.34933e-09 -0.000335791 0.0104214 -2.59921e-07 -1.34933e-09 -2.59921e-07 1.03522e-06 
254
0
0
-0.000481988
0.0120817 -0.000335801 -1.35669e-09 -0.000335801 0.0104214 -2.59921e-07 -1.35669e-09 -2.59921e-07 1.03522e-06 
255
0
0
-0.000405668
0.0120817 -0.000335805 -1.3602e-09 -0.000335805 0.0104214 -2.59923e-07 -1.3602e-09 -2.59923e-07 1.03522e-06 
256
0
0
4.89093e-05
0.0120817 -0.000335806 -1.36074e-09 -0.000335806 0.0104214 -2.59925e-07 -1.36074e-09 -2.59925e-07 1.03522e-06 
257
0
0
-0.00136216
0.0120817 -0.000335799 -1.35639e-09 -0.000335799 0.0104214 -2.59926e-07 -1.35639e-09 -2.59926e-07 1.03522e-06 
258
0
0
-0.00175903
0.0120817 -0.000335818 -1.36728e-09 -0.000335818 0.0104214 -2.59926e-07 -1.36728e-09 -2.59926e-07 1.03522e-06 
259
0
0
-0.0015415
0.0120817 -0.000335832 -1.37446e-09 -0.000335832 0.0104215 -2.59926e-07 -1.37446e-09 -2.59926e-07 1.03522e-06 
260
0
0
0.000682663
0.0120817 -0.000335834 -1.38023e-09 -0.000335834 0.0104215 -2.59922e-07 -1.38023e-09 -2.59922e-07 1.03522e-06 
261
0
0
0.000718827
0.0120817 -0.000335799 -1.36508e-09 -0.000335799 0.0104214 -2.5992e-07 -1.36508e-09 -2.5992e-07 1.03522e-06 
262
0
0
0.000528661
0.0120817 -0.000335786 -1.36027e-09 -0.000335786 0.0104214 -2.5992e-07 -1.36027e-09 -2.5992e-07 1.03522e-06 
263
0
0
-0.000463045
0.0120817 -0.000335783 -1.3603e-09 -0.000335783 0.0104214 -2.5992e-07 -1.3603e-09 -2.5992e-07 1.03522e-06 
264
0
0
0.00106791
0.0120817 -0.000335798 -1.36882e-09 -0.000335798 0.0104214 -2.5992e-07 -1.36882e-09 -2.5992e-07 1.03522e-06 
265
0
0
-8.37499e-05
0.0120817 -0.00033578 -1.35827e-09 -0.00033578 0.0104214 -2.5992e-07 -1.35827e-09 -2.5992e-07 1.03522e-06 
266
0
0
-0.00016343
0.0120817 -0.000335791 -1.36441e-09 -0.000335791 0.0104214 -2.59918e-07 -1.36441e-09 -2.59918e-07 1.03522e-06 
267
0
0
0.000337074
0.0120817 -0.000335796 -1.3673e-09 -0.000335796 0.0104214 -2.59916e-07 -1.3673e-09 -2.59916e-07 1.03522e-06 
268
0
0
0.00131886
0.0120817 -0.000335791 -1.36291e-09 -0.000335791 0.0104214 -2.59914e-07 -1.36291e-09 -2.59914e-07 1.03522e-06 
269
0
0
0.000530503
0.0120818 -0.000335773 -1.3524e-09 -0.000335773 0.0104214 -2.59914e-07 -1.3524e-09 -2.59914e-07 1.03522e-06 
270
0
0
-0.000815546
0.0120817 -0.000335779 -1.35467e-09 -0.000335779 0.0104214 -2.59914e-07 -1.35467e-09 -2.59914e-07 1.03522e-06 
271
0
0
0.000228214
0.0120817 -0.000335802 -1.36695e-09 -0.000335802 0.0104214 -2.59914e-07 -1.36695e-09 -2.59914e-07 1.03522e-06 
272
0
0
-1.45723e-05
0.0120817 -0.000335794 -1.36201e-09 -0.000335794 0.0104214 -2.59914e-07 -1.36201e-09 -2.59914e-07 1.03522e-06 
273
0
0
-0.00165889
0.0120817 -0.000335795 -1.36161e-09 -0.000335795 0.0104214 -2.59915e-07 -1.36161e-09 -2.59915e-07 1.03522e-06 
274
0
0
-0.000264503
0.0120817 -0.000335822 -1.37562e-09 -0.000335822 0.0104214 -2.59915e-07 -1.37562e-09 -2.59915e-07 1.03522e-06 
275
0
0
0.00012542
0.0120817 -0.00033581 -1.36864e-09 -0.00033581 0.0104214 -2.59916e-07 -1.36864e-09 -2.59916e-07 1.03522e-06 
276
0
0
-0.00143318
0.0120817 -0.000335799 -1.36133e-09 -0.000335799 0.0104214 -2.59917e-07 -1.36133e-09 -2.59917e-07 1.03522e-06 
277
0
0
-0.000323315
0.0120817 -0.00033582 -1.37121e-09 -0.00033582 0.0104214 -2.59917e-07 -1.37121e-09 -2.59917e-07 1.03522e-06 
278
0
0
0.000867735
0.0120817 -0.00033581 -1.36435e-09 -0.00033581 0.0104214 -2.59917e-07 -1.36435e-09 -2.59917e-07 1.03522e-06 
279
0
0
-0.000248477
0.0120817 -0.000335787 -1.3519e-09 -0.000335787 0.0104214 -2.59916e-07 -1.3519e-09 -2.59916e-07 1.03522e-06 
280
0
0
-0.000335852
0.0120817 -0.000335796 -1.35709e-09 -0.000335796 0.0104214 -2.59916e-07 -1.35709e-09 -2.59916e-07 1.03522e-06 
281
0
0
6.35119e-05
0.0120817 -0.000335801 -1.35874e-09 -0.000335801 0.0104214 -2.59915e-07 -1.35874e-09 -2.59915e-07 1.03522e-06 
282
0
0
-0.000419551
0.0120817 -0.000335797 -1.35514e-09 -0.000335797 0.0104214 -2.59914e-07 -1.35514e-09 -2.59914e-07 1.03522e-06 
283
0
0
0.000147659
0.0120817 -0.000335803 -1.35711e-09 -0.000335803 0.0104214 -2.59913e-07 -1.35711e-09 -2.59913e-07 1.03522e-06 
284
0
0
0.00123483
0.0120817 -0.000335796 -1.35125e-09 -0.000335796 0.0104214 -2.59915e-07 -1.35125e-09 -2.59915e-07 1.03522e-06 
285
0
0
0.000639866
0.0120817 -0.000335776 -1.33896e-09 -0.000335776 0.0104214 -2.59917e-07 -1.33896e-09 -2.59917e-07 1.03522e-06 
286
0
0
-0.00108155
0.0120817 -0.000335778 -1.33986e-09 -0.000335778 0.0104214 -2.59917e-07 -1.33986e-09 -2.59917e-07 1.03522e-06 
287
0
0
0.000333362
0.0120817 -0.000335806 -1.35521e-09 -0.000335806 0.0104214 -2.59916e-07 -1.35521e-09 -2.59916e-07 1.03522e-06 
288
0
0
-0.0010702
0.0120817 -0.000335794 -1.3483e-09 -0.000335794 0.0104214 -2.59916e-07 -1.3483e-09 -2.59916e-07 1.03522e-06 
289
0
0
-0.000923865
0.0120817 -0.000335812 -1.35729e-09 -0.000335812 0.0104214 -2.59916e-07 -1.35729e-09 -2.59916e-07 1.03522e-06 
290
0
0
0.000101422
0.0120817 -0.000335817 -1.3583e-09 -0.000335817 0.0104214 -2.59917e-07 -1.3583e-09 -2.59917e-07 1.03522e-06 
291
0
0
-0.000214802
0.0120817 -0.000335802 -1.35023e-09 -0.000335802 0.0104214 -2.59917e-07 -1.35023e-09 -2.59917e-07 1.03522e-06 
292
0
0
-0.000600718
0.0120817 -0.000335801 -1.35655e-09 -0.000335801 0.0104214 -2.59917e-07 -1.35655e-09 -2.59917e-07 1.03522e-06 
293
0
0
-0.000416548
0.0120817 -0.000335807 -1.36387e-09 -0.000335807 0.0104214 -2.59917e-07 -1.36387e-09 -2.59917e-07 1.03522e-06 
294
0
0
0.000357567
0.0120817 -0.000335807 -1.36544e-09 -0.000335807 0.0104214 -2.59917e-07 -1.36544e-09 -2.59917e-07 1.03522e-06 
295
0
0
-0.000595666
0.0120817 -0.000335794 -1.35983e-09 -0.000335794 0.0104214 -2.59917e-07 -1.35983e-09 -2.59917e-07 1.03522e-06 
296
0
0
-0.000930142
0.0120817 -0.000335805 -1.36677e-09 -0.000335805 0.0104214 -2.59918e-07 -1.36677e-09 -2.59918e-07 1.03522e-06 
297
0
0
-0.000730146
0.0120817 -0.000335814 -1.37133e-09 -0.000335814 0.0104214 -2.5992e-07 -1.37133e-09 -2.5992e-07 1.03522e-06 
298
0
0
-0.000837773
0.0120817 -0.000335814 -1.37049e-09 -0.000335814 0.0104214 -2.59921e-07 -1.37049e-09 -2.59921e-07 1.03522e-06 
299
0
0
0.000157452
0.0120817 -0.000335816 -1.3704e-09 -0.000335816 0.0104214 -2.59922e-07 -1.3704e-09 -2.59922e-07 1.03522e-06 
300
0
0
0.000103431
0.0120817 -0.000335801 -1.3643e-09 -0.000335801 0.0104214 -2.59922e-07 -1.3643e-09 -2.59922e-07 1.03522e-06 
301
0
0
-0.000686722
0.0120817 -0.000335796 -1.36393e-09 -0.000335796 0.0104214 -2.59922e-07 -1.36393e-09 -2.59922e-07 1.03522e-06 
302
0
0
0.000136519
0.0120817 -0.000335807 -1.37055e-09 -0.000335807 0.0104214 -2.59922e-07 -1.37055e-09 -2.59922e-07 1.03522e-06 
303
0
0
-0.000269426
0.0120817 -0.000335798 -1.36546e-09 -0.000335798 0.0104214 -2.59922e-07 -1.36546e-09 -2.59922e-07 1.03522e-06 
304
0
0
0.000316925
0.0120817 -0.000335801 -1.3682e-09 -0.000335801 0.0104214 -2.59921e-07 -1.3682e-09 -2.59921e-07 1.03522e-06 
305
0
0
0.00105541
0.0120817 -0.000335793 -1.36517e-09 -0.000335793 0.0104214 -2.59921e-07 -1.36517e-09 -2.59921e-07 1.03522e-06 
306
0
0
-0.000503757
0.0120817 -0.000335778 -1.35727e-09 -0.000335778 0.0104214 -2.59922e-07 -1.35727e-09 -2.59922e-07 1.03522e-06 
307
0
0
-8.06035e-05
