0
0
0
-0.000386103
0.00800061 -2.68385e-11 1.2769e-14 -2.68385e-11 0.00900061 -9.84301e-12 1.2769e-14 -9.84301e-12 1.24978e-06 
1
0
0
-0.000311314
0.0150026 9.37032e-09 -1.46976e-11 9.37032e-09 0.0170026 -6.44474e-09 -1.46976e-11 -6.44474e-09 1.03722e-06 
2
0
0
-0.00022819
0.0220062 2.41143e-08 -3.48914e-11 2.41143e-08 0.0250061 -1.73335e-08 -3.48914e-11 -1.73335e-08 1.03685e-06 
3
0
0
0.000488665
0.0290117 3.94378e-08 -5.22921e-11 3.94378e-08 0.0330113 -3.11464e-08 -5.22921e-11 -3.11464e-08 1.03711e-06 
4
0
0
-0.000560157
0.036019 -1.26032e-08 -5.7478e-11 -1.26032e-08 0.0410185 -4.77371e-08 -5.7478e-11 -4.77371e-08 1.03672e-06 
5
0
0
-0.000508082
0.043028 5.24555e-08 -7.31457e-11 5.24555e-08 0.0490275 -6.68844e-08 -7.31457e-11 -6.68844e-08 1.03632e-06 
6
0
0
-5.68325e-05
0.0500387 1.21609e-07 -7.15338e-11 1.21609e-07 0.0570384 -8.82422e-08 -7.15338e-11 -8.82422e-08 1.03601e-06 
7
0
-0.0533382
-0.000689941
0.0570507 1.22149e-07 -4.91014e-11 1.22149e-07 0.0650513 -1.11424e-07 -4.91014e-11 -1.11424e-07 1.03577e-06 
8
0
-0.0684777
-0.000434788
0.0640641 2.48249e-07 -3.34953e-11 2.48249e-07 0.0730661 -1.36046e-07 -3.34953e-11 -1.36046e-07 1.03559e-06 
9
0
-0.0851088
-0.00057142
0.0710785 3.31618e-07 9.46062e-12 3.31618e-07 0.0810826 -1.61744e-07 9.46062e-12 -1.61744e-07 1.03545e-06 
10
0
-0.103385
-0.000798181
0.0780938 4.57473e-07 5.84799e-11 4.57473e-07 0.0891008 -1.88182e-07 5.84799e-11 -1.88182e-07 1.03535e-06 
11
0
-0.123357
2.32705e-05
0.0851099 6.57542e-07 1.15088e-10 6.57542e-07 0.0971206 -2.15053e-07 1.15088e-10 -2.15053e-07 1.03528e-06 
12
0
-0.144143
-0.00140245
0.0921267 6.285e-07 2.14177e-10 6.285e-07 0.105142 -2.42088e-07 2.14177e-10 -2.42088e-07 1.03523e-06 
13
0
-0.166648
9.78863e-05
0.099144 1.06055e-06 2.59519e-10 1.06055e-06 0.113165 -2.69052e-07 2.59519e-10 -2.69052e-07 1.03519e-06 
14
0
-0.190379
0.00042291
0.106162 9.99722e-07 3.95808e-10 9.99722e-07 0.121188 -2.95741e-07 3.95808e-10 -2.95741e-07 1.03517e-06 
15
0
-0.214331
-0.000733835
0.11318 8.12226e-07 5.251e-10 8.12226e-07 0.129214 -3.21988e-07 5.251e-10 -3.21988e-07 1.03515e-06 
16
0
-0.239663
-0.00104501
0.120198 1.07595e-06 6.02617e-10 1.07595e-06 0.13724 -3.4765e-07 6.02617e-10 -3.4765e-07 1.03515e-06 
17
0
-0.266187
-0.000665297
0.127217 1.48909e-06 7.01928e-10 1.48909e-06 0.145267 -3.72619e-07 7.01928e-10 -3.72619e-07 1.03514e-06 
18
0
-0.29319
-0.000294177
0.134236 1.7557e-06 8.36954e-10 1.7557e-06 0.153294 -3.96804e-07 8.36954e-10 -3.96804e-07 1.03514e-06 
19
0
-0.32134
-5.40892e-05
0.141255 1.86085e-06 9.84634e-10 1.86085e-06 0.161323 -4.20138e-07 9.84634e-10 -4.20138e-07 1.03514e-06 
20
0
-0.349262
-0.00074097
0.148274 1.85166e-06 1.13796e-09 1.85166e-06 0.169352 -4.42578e-07 1.13796e-09 -4.42578e-07 1.03515e-06 
21
0
-0.37851
0.000226904
0.155293 2.2047e-06 1.25337e-09 2.2047e-06 0.177382 -4.6409e-07 1.25337e-09 -4.6409e-07 1.03515e-06 
22
0
-0.407997
0.000757769
0.162313 2.04086e-06 1.43649e-09 2.04086e-06 0.185412 -4.8466e-07 1.43649e-09 -4.8466e-07 1.03515e-06 
23
0
-0.436959
-0.000426621
0.169332 1.56368e-06 1.62246e-09 1.56368e-06 0.193443 -5.0428e-07 1.62246e-09 -5.0428e-07 1.03516e-06 
24
0
-0.467649
0.000202756
0.176352 1.78049e-06 1.7317e-09 1.78049e-06 0.201475 -5.22955e-07 1.7317e-09 -5.22955e-07 1.03517e-06 
25
0
-0.498087
-7.7802e-05
0.183371 1.61198e-06 1.90895e-09 1.61198e-06 0.209506 -5.40696e-07 1.90895e-09 -5.40696e-07 1.03517e-06 
26
0
-0.528102
-0.000709278
0.190391 1.62099e-06 2.05958e-09 1.62099e-06 0.217538 -5.57523e-07 2.05958e-09 -5.57523e-07 1.03518e-06 
27
0
-0.559456
0.000834073
0.197411 2.06003e-06 2.18336e-09 2.06003e-06 0.22557 -5.73457e-07 2.18336e-09 -5.73457e-07 1.03518e-06 
28
0
-0.590029
6.78523e-05
0.20443 1.42983e-06 2.40911e-09 1.42983e-06 0.233603 -5.88525e-07 2.40911e-09 -5.88525e-07 1.03519e-06 
29
0
-0.620934
-0.000375395
0.21145 1.33689e-06 2.55032e-09 1.33689e-06 0.241636 -6.02758e-07 2.55032e-09 -6.02758e-07 1.03519e-06 
30
0
-0.652399
-2.97903e-06
0.21847 1.57633e-06 2.68528e-09 1.57633e-06 0.249669 -6.16184e-07 2.68528e-09 -6.16184e-07 1.03519e-06 
31
0
-0.683469
3.71511e-05
0.22549 1.53441e-06 2.85772e-09 1.53441e-06 0.257702 -6.28841e-07 2.85772e-09 -6.28841e-07 1.0352e-06 
32
0
-0.715782
0.000221933
0.23251 1.4599e-06 3.02194e-09 1.4599e-06 0.265735 -6.40758e-07 3.02194e-09 -6.40758e-07 1.0352e-06 
33
0
-0.74756
0.000306886
0.23953 1.23065e-06 3.19728e-09 1.23065e-06 0.273769 -6.5197e-07 3.19728e-09 -6.5197e-07 1.0352e-06 
34
0
-0.779658
0.00057152
0.24655 9.22758e-07 3.36895e-09 9.22758e-07 0.281802 -6.62513e-07 3.36895e-09 -6.62513e-07 1.03521e-06 
35
0
-0.81212
0.000730499
0.253569 3.73586e-07 3.55129e-09 3.73586e-07 0.289836 -6.72417e-07 3.55129e-09 -6.72417e-07 1.03521e-06 
36
0
-0.843882
-0.000176953
0.260589 -3.34467e-07 3.73401e-09 -3.34467e-07 0.29787 -6.81716e-07 3.73401e-09 -6.81716e-07 1.03521e-06 
37
0
-0.875689
-0.000597024
0.267609 -2.1543e-07 3.85814e-09 -2.1543e-07 0.305903 -6.9044e-07 3.85814e-09 -6.9044e-07 1.03521e-06 
38
0
-0.90804
1.08962e-05
0.274629 3.10111e-07 3.9862e-09 3.10111e-07 0.313937 -6.98622e-07 3.9862e-09 -6.98622e-07 1.03521e-06 
39
0
-0.940425
1.64022e-05
0.281649 2.53201e-07 4.1669e-09 2.53201e-07 0.321971 -7.06293e-07 4.1669e-09 -7.06293e-07 1.03522e-06 
40
0
-0.972495
-0.000184444
0.288669 1.90338e-07 4.33175e-09 1.90338e-07 0.330005 -7.1348e-07 4.33175e-09 -7.1348e-07 1.03522e-06 
41
0
-1.0045
-0.000343183
0.295689 3.3451e-07 4.48096e-09 3.3451e-07 0.33804 -7.20211e-07 4.48096e-09 -7.20211e-07 1.03522e-06 
42
0
-1.03693
-5.17738e-05
0.302709 6.51332e-07 4.62639e-09 6.51332e-07 0.346074 -7.26514e-07 4.62639e-09 -7.26514e-07 1.03522e-06 
43
0
-1.0695
-0.000539187
0.309729 6.6082e-07 4.79517e-09 6.6082e-07 0.354108 -7.32414e-07 4.79517e-09 -7.32414e-07 1.03522e-06 
44
0
-1.10239
-0.000230913
0.316749 1.21234e-06 4.92924e-09 1.21234e-06 0.362142 -7.37935e-07 4.92924e-09 -7.37935e-07 1.03522e-06 
45
0
-1.13373
-0.00105647
0.323769 1.4276e-06 5.09562e-09 1.4276e-06 0.370177 -7.43098e-07 5.09562e-09 -7.43098e-07 1.03522e-06 
46
0
-1.16615
-0.000716747
0.330789 2.60652e-06 5.20257e-09 2.60652e-06 0.378211 -7.47928e-07 5.20257e-09 -7.47928e-07 1.03522e-06 
47
0
-1.19972
0.00113202
0.337809 3.40938e-06 5.35682e-09 3.40938e-06 0.386245 -7.52444e-07 5.35682e-09 -7.52444e-07 1.03522e-06 
48
0
-1.23099
2.00095e-05
0.344829 1.99158e-06 5.61273e-09 1.99158e-06 0.39428 -7.56666e-07 5.61273e-09 -7.56666e-07 1.03522e-06 
49
0
-1.26328
-0.000574075
0.351849 1.91983e-06 5.73716e-09 1.91983e-06 0.402314 -7.6061e-07 5.73716e-09 -7.6061e-07 1.03522e-06 
50
0
-1.29621
-0.000227661
0.358869 2.59704e-06 5.85568e-09 2.59704e-06 0.410349 -7.64296e-07 5.85568e-09 -7.64296e-07 1.03522e-06 
51
0
-1.32804
-0.000594757
0.365889 2.84291e-06 6.01977e-09 2.84291e-06 0.418383 -7.67739e-07 6.01977e-09 -7.67739e-07 1.03522e-06 
52
0
-1.36131
0.000360602
0.372909 3.5763e-06 6.1521e-09 3.5763e-06 0.426418 -7.70953e-07 6.1521e-09 -7.70953e-07 1.03522e-06 
53
0
-1.39392
0.000450598
0.379929 3.04667e-06 6.35374e-09 3.04667e-06 0.434452 -7.73955e-07 6.35374e-09 -7.73955e-07 1.03522e-06 
54
0
-1.42725
0.00110552
0.386949 2.38521e-06 6.52937e-09 2.38521e-06 0.442487 -7.76758e-07 6.52937e-09 -7.76758e-07 1.03522e-06 
55
0
-1.45901
0.000232998
0.393969 8.02919e-07 6.736e-09 8.02919e-07 0.450521 -7.79375e-07 6.736e-09 -7.79375e-07 1.03522e-06 
56
0
-1.4928
0.000716772
0.400989 4.26169e-07 6.86417e-09 4.26169e-07 0.458556 -7.8182e-07 6.86417e-09 -7.8182e-07 1.03522e-06 
57
0
-1.52405
-0.000804734
0.408009 -6.52805e-07 7.05031e-09 -6.52805e-07 0.46659 -7.841e-07 7.05031e-09 -7.841e-07 1.03523e-06 
58
0
-1.55698
-0.000274009
0.415029 4.7838e-07 7.12929e-09 4.7838e-07 0.474625 -7.86229e-07 7.12929e-09 -7.86229e-07 1.03523e-06 
59
0
-1.59002
0.000111133
0.422049 8.39172e-07 7.29039e-09 8.39172e-07 0.482659 -7.88214e-07 7.29039e-09 -7.88214e-07 1.03523e-06 
60
0
-1.62311
0.000653572
0.429069 6.23291e-07 7.46569e-09 6.23291e-07 0.490694 -7.90068e-07 7.46569e-09 -7.90068e-07 1.03523e-06 
61
0
-1.65567
0.000780265
0.436089 -4.31142e-07 7.65794e-09 -4.31142e-07 0.498728 -7.91796e-07 7.65794e-09 -7.91796e-07 1.03523e-06 
62
0
-1.68777
0.000333277
0.443109 -1.70057e-06 7.83493e-09 -1.70057e-06 0.506763 -7.93409e-07 7.83493e-09 -7.93409e-07 1.03523e-06 
63
0
-1.72063
0.000832279
0.450129 -2.27848e-06 7.9761e-09 -2.27848e-06 0.514798 -7.94913e-07 7.9761e-09 -7.94913e-07 1.03523e-06 
64
0
-1.75316
0.000508207
0.457149 -3.67165e-06 8.1608e-09 -3.67165e-06 0.522832 -7.96318e-07 8.1608e-09 -7.96318e-07 1.03523e-06 
65
0
-1.78481
-0.00100032
0.464169 -4.55377e-06 8.31168e-09 -4.55377e-06 0.530867 -7.97627e-07 8.31168e-09 -7.97627e-07 1.03523e-06 
66
0
-1.81857
0.00035484
0.471189 -2.93337e-06 8.38054e-09 -2.93337e-06 0.538901 -7.98847e-07 8.38054e-09 -7.98847e-07 1.03523e-06 
67
0
-1.85061
-5.56281e-05
0.478209 -3.58173e-06 8.58457e-09 -3.58173e-06 0.546936 -7.99985e-07 8.58457e-09 -7.99985e-07 1.03523e-06 
68
0
-1.88288
-0.00069854
0.485229 -3.5338e-06 8.72449e-09 -3.5338e-06 0.554971 -8.01049e-07 8.72449e-09 -8.01049e-07 1.03523e-06 
69
0
-1.91606
0.000336402
0.492249 -2.3635e-06 8.83483e-09 -2.3635e-06 0.563005 -8.0204e-07 8.83483e-09 -8.0204e-07 1.03523e-06 
70
0
-1.94865
0.000313399
0.499269 -3.00628e-06 9.03e-09 -3.00628e-06 0.57104 -8.02964e-07 9.03e-09 -8.02964e-07 1.03523e-06 
71
0
-1.98057
-0.000510794
0.506289 -3.61631e-06 9.19248e-09 -3.61631e-06 0.579075 -8.03825e-07 9.19248e-09 -8.03825e-07 1.03523e-06 
72
0
-2.01347
-0.000218517
0.513309 -2.73452e-06 9.30035e-09 -2.73452e-06 0.587109 -8.04628e-07 9.30035e-09 -8.04628e-07 1.03523e-06 
73
0
-2.04733
0.00105343
0.520329 -2.37908e-06 9.45429e-09 -2.37908e-06 0.595144 -8.05375e-07 9.45429e-09 -8.05375e-07 1.03523e-06 
74
0
-2.08024
0.00147404
0.527349 -4.39715e-06 9.68041e-09 -4.39715e-06 0.603178 -8.06072e-07 9.68041e-09 -8.06072e-07 1.03523e-06 
75
0
-2.11153
-0.000258325
0.534369 -7.23933e-06 9.88507e-09 -7.23933e-06 0.611213 -8.06724e-07 9.88507e-09 -8.06724e-07 1.03523e-06 
76
0
-2.1439
-0.000359207
0.541389 -6.79077e-06 9.96202e-09 -6.79077e-06 0.619248 -8.07332e-07 9.96202e-09 -8.07332e-07 1.03523e-06 
77
0
-2.1778
0.00100216
0.548409 -6.13935e-06 1.00883e-08 -6.13935e-06 0.627282 -8.07899e-07 1.00883e-08 -8.07899e-07 1.03523e-06 
78
0
-2.20943
-7.36338e-05
0.555429 -8.16328e-06 1.03115e-08 -8.16328e-06 0.635317 -8.08425e-07 1.03115e-08 -8.08425e-07 1.03523e-06 
79
0
-2.24311
0.00116164
0.562449 -8.06399e-06 1.0423e-08 -8.06399e-06 0.643352 -8.08917e-07 1.0423e-08 -8.08917e-07 1.03523e-06 
80
0
-2.27429
2.22744e-06
0.569469 -1.04613e-05 1.06393e-08 -1.04613e-05 0.651386 -8.09376e-07 1.06393e-08 -8.09376e-07 1.03523e-06 
81
0
-2.3066
-0.000413194
0.576489 -1.05137e-05 1.07447e-08 -1.05137e-05 0.659421 -8.09804e-07 1.07447e-08 -8.09804e-07 1.03523e-06 
82
0
-2.33908
-0.000543715
0.583509 -9.70483e-06 1.08605e-08 -9.70483e-06 0.667456 -8.10203e-07 1.08605e-08 -8.10203e-07 1.03523e-06 
83
0
-2.37176
-0.000181095
0.590529 -8.61159e-06 1.09891e-08 -8.61159e-06 0.67549 -8.10578e-07 1.09891e-08 -8.10578e-07 1.03523e-06 
84
0
-2.4046
0.000449431
0.597549 -8.2748e-06 1.11472e-08 -8.2748e-06 0.683525 -8.10927e-07 1.11472e-08 -8.10927e-07 1.03523e-06 
85
0
-2.43685
-0.000322787
0.604569 -9.28869e-06 1.13322e-08 -9.28869e-06 0.69156 -8.11251e-07 1.13322e-08 -8.11251e-07 1.03523e-06 
86
0
-2.46984
-0.000264312
0.611589 -8.63454e-06 1.14485e-08 -8.63454e-06 0.699594 -8.11553e-07 1.14485e-08 -8.11553e-07 1.03523e-06 
87
0
-2.50141
-0.00118059
0.618609 -8.10089e-06 1.1592e-08 -8.10089e-06 0.707629 -8.11834e-07 1.1592e-08 -8.11834e-07 1.03523e-06 
88
0
-2.53513
3.3518e-05
0.625629 -5.52133e-06 1.16798e-08 -5.52133e-06 0.715664 -8.12099e-07 1.16798e-08 -8.12099e-07 1.03523e-06 
89
0
-2.56719
-0.000857753
0.632649 -5.64469e-06 1.18755e-08 -5.64469e-06 0.723698 -8.12343e-07 1.18755e-08 -8.12343e-07 1.03523e-06 
90
0
-2.60046
-0.000417434
0.639669 -3.7401e-06 1.19811e-08 -3.7401e-06 0.731733 -8.12572e-07 1.19811e-08 -8.12572e-07 1.03523e-06 
91
0
-2.63313
-0.000315483
0.646689 -2.82722e-06 1.21393e-08 -2.82722e-06 0.739768 -8.12785e-07 1.21393e-08 -8.12785e-07 1.03523e-06 
92
0
-2.66597
1.63888e-05
0.653709 -2.141e-06 1.22918e-08 -2.141e-06 0.747802 -8.12985e-07 1.22918e-08 -8.12985e-07 1.03523e-06 
93
0
-2.69942
0.000482693
0.660729 -2.22745e-06 1.2459e-08 -2.22745e-06 0.755837 -8.13173e-07 1.2459e-08 -8.13173e-07 1.03523e-06 
94
0
-2.7319
-1.69827e-05
0.667749 -3.42306e-06 1.2644e-08 -3.42306e-06 0.763872 -8.13347e-07 1.2644e-08 -8.13347e-07 1.03523e-06 
95
0
-2.7645
5.93452e-05
0.674769 -3.43013e-06 1.27795e-08 -3.43013e-06 0.771906 -8.13509e-07 1.27795e-08 -8.13509e-07 1.03523e-06 
96
0
-2.79754
0.000234773
0.681789 -3.62215e-06 1.29324e-08 -3.62215e-06 0.779941 -8.13659e-07 1.29324e-08 -8.13659e-07 1.03523e-06 
97
0
-2.82966
-0.000857182
0.688809 -4.24616e-06 1.30968e-08 -4.24616e-06 0.787976 -8.13804e-07 1.30968e-08 -8.13804e-07 1.03523e-06 
98
0
-2.86419
0.000827197
0.695829 -2.16895e-06 1.31895e-08 -2.16895e-06 0.79601 -8.13938e-07 1.31895e-08 -8.13938e-07 1.03523e-06 
99
0
-2.89573
5.23493e-05
0.702849 -4.28866e-06 1.34223e-08 -4.28866e-06 0.804045 -8.14063e-07 1.34223e-08 -8.14063e-07 1.03523e-06 
100
0
-2.9289
0.000181276
0.709869 -4.46902e-06 1.35516e-08 -4.46902e-06 0.81208 -8.14178e-07 1.35516e-08 -8.14178e-07 1.03523e-06 
101
0
-2.96238
0.00106939
0.716889 -4.98017e-06 1.37094e-08 -4.98017e-06 0.820114 -8.14288e-07 1.37094e-08 -8.14288e-07 1.03523e-06 
102
0
-2.99375
-0.000511082
0.723909 -7.78786e-06 1.39187e-08 -7.78786e-06 0.828149 -8.14389e-07 1.39187e-08 -8.14389e-07 1.03523e-06 
103
0
-3.02609
-0.000639576
0.730929 -6.5039e-06 1.39998e-08 -6.5039e-06 0.836184 -8.14484e-07 1.39998e-08 -8.14484e-07 1.03523e-06 
104
0
-3.05954
3.06736e-05
0.737949 -4.8689e-06 1.41221e-08 -4.8689e-06 0.844218 -8.14571e-07 1.41221e-08 -8.14571e-07 1.03523e-06 
105
0
-3.09135
-0.000799171
0.744969 -4.99839e-06 1.43002e-08 -4.99839e-06 0.852253 -8.14656e-07 1.43002e-08 -8.14656e-07 1.03523e-06 
106
0
-3.12448
-0.000260532
0.751989 -2.90289e-06 1.44054e-08 -2.90289e-06 0.860288 -8.14734e-07 1.44054e-08 -8.14734e-07 1.03523e-06 
107
0
-3.15654
-0.000764223
0.759009 -2.24551e-06 1.45698e-08 -2.24551e-06 0.868322 -8.14807e-07 1.45698e-08 -8.14807e-07 1.03523e-06 
108
0
-3.19065
0.000808302
0.766029 -2.05001e-07 1.46887e-08 -2.05001e-07 0.876357 -8.14874e-07 1.46887e-08 -8.14874e-07 1.03523e-06 
109
0
-3.22315
0.000273048
0.773049 -2.48251e-06 1.49198e-08 -2.48251e-06 0.884392 -8.14938e-07 1.49198e-08 -8.14938e-07 1.03523e-06 
110
0
-3.25604
0.000722655
0.780069 -3.29055e-06 1.50664e-08 -3.29055e-06 0.892426 -8.14998e-07 1.50664e-08 -8.14998e-07 1.03523e-06 
111
0
-3.28816
0.000475088
0.787089 -5.36847e-06 1.52481e-08 -5.36847e-06 0.900461 -8.15054e-07 1.52481e-08 -8.15054e-07 1.03523e-06 
112
0
-3.31929
-0.00058794
0.794109 -6.76303e-06 1.53991e-08 -6.76303e-06 0.908496 -8.15106e-07 1.53991e-08 -8.15106e-07 1.03523e-06 
113
0
-3.35146
-0.000673993
0.801129 -5.12971e-06 1.549e-08 -5.12971e-06 0.91653 -8.15155e-07 1.549e-08 -8.15155e-07 1.03523e-06 
114
0
-3.38423
5.09682e-06
0.808149 -3.23325e-06 1.56148e-08 -3.23325e-06 0.924565 -8.15203e-07 1.56148e-08 -8.15203e-07 1.03523e-06 
115
0
-3.41671
-0.000758651
0.815169 -3.29616e-06 1.57909e-08 -3.29616e-06 0.9326 -8.15247e-07 1.57909e-08 -8.15247e-07 1.03523e-06 
116
0
-3.4507
0.000946187
0.822189 -1.11697e-06 1.59023e-08 -1.11697e-06 0.940634 -8.1529e-07 1.59023e-08 -8.1529e-07 1.03523e-06 
117
0
-3.48246
-0.000116151
0.829209 -3.96687e-06 1.61388e-08 -3.96687e-06 0.948669 -8.1533e-07 1.61388e-08 -8.1533e-07 1.03523e-06 
118
0
-3.51474
-0.000520351
0.836229 -3.66803e-06 1.62549e-08 -3.66803e-06 0.956704 -8.15368e-07 1.62549e-08 -8.15368e-07 1.03523e-06 
119
0
-3.54785
-0.000437231
0.843249 -2.14887e-06 1.63738e-08 -2.14887e-06 0.964738 -8.154e-07 1.63738e-08 -8.154e-07 1.03523e-06 
120
0
-3.58168
0.000226332
0.850269 -8.68985e-07 1.65186e-08 -8.68985e-07 0.972773 -8.1543e-07 1.65186e-08 -8.1543e-07 1.03523e-06 
121
0
-3.6142
0.000554373
0.857289 -1.61027e-06 1.67055e-08 -1.61027e-06 0.980808 -8.15462e-07 1.67055e-08 -8.15462e-07 1.03523e-06 
122
0
-3.64593
-0.000440962
0.864309 -3.37026e-06 1.68852e-08 -3.37026e-06 0.988842 -8.15492e-07 1.68852e-08 -8.15492e-07 1.03523e-06 
123
0
-3.67792
-0.000785689
0.871329 -2.04549e-06 1.69892e-08 -2.04549e-06 0.996877 -8.15518e-07 1.69892e-08 -8.15518e-07 1.03523e-06 
124
0
-3.71154
0.000771234
0.878349 3.72454e-07 1.71036e-08 3.72454e-07 1.00491 -8.15544e-07 1.71036e-08 -8.15544e-07 1.03523e-06 
125
0
-3.74329
-0.000540388
0.885369 -2.11595e-06 1.73305e-08 -2.11595e-06 1.01295 -8.1557e-07 1.73305e-08 -8.1557e-07 1.03523e-06 
126
0
-3.77567
-0.000384724
0.892389 -4.40522e-07 1.74282e-08 -4.40522e-07 1.02098 -8.15595e-07 1.74282e-08 -8.15595e-07 1.03523e-06 
127
0
-3.80878
0.000116966
0.899409 7.48144e-07 1.75705e-08 7.48144e-07 1.02902 -8.15621e-07 1.75705e-08 -8.15621e-07 1.03523e-06 
128
0
-3.84214
0.000267846
0.906429 3.20989e-07 1.77458e-08 3.20989e-07 1.03705 -8.1564e-07 1.77458e-08 -8.1564e-07 1.03523e-06 
129
0
-3.87429
-0.000330776
0.913449 -6.01838e-07 1.79153e-08 -6.01838e-07 1.04508 -8.1566e-07 1.79153e-08 -8.1566e-07 1.03523e-06 
130
0
-3.90771
0.000576027
0.920469 4.38561e-07 1.8038e-08 4.38561e-07 1.05312 -8.1568e-07 1.8038e-08 -8.1568e-07 1.03523e-06 
131
0
-3.9394
-0.000130323
0.927489 -1.5199e-06 1.82351e-08 -1.5199e-06 1.06115 -8.15698e-07 1.82351e-08 -8.15698e-07 1.03523e-06 
132
0
-3.97338
0.000994971
0.934509 -1.13257e-06 1.83591e-08 -1.13257e-06 1.06919 -8.15716e-07 1.83591e-08 -8.15716e-07 1.03523e-06 
133
0
-4.00505
-4.40888e-05
0.941529 -4.53087e-06 1.85738e-08 -4.53087e-06 1.07722 -8.15735e-07 1.85738e-08 -8.15735e-07 1.03523e-06 
134
0
-4.03708
-0.00141072
0.948549 -4.42948e-06 1.86874e-08 -4.42948e-06 1.08526 -8.15753e-07 1.86874e-08 -8.15753e-07 1.03523e-06 
135
0
-4.07072
-0.000345899
0.955569 3.43802e-07 1.87504e-08 3.43802e-07 1.09329 -8.15768e-07 1.87504e-08 -8.15768e-07 1.03523e-06 
136
0
-4.10354
-0.000215626
0.962589 1.48651e-06 1.89304e-08 1.48651e-06 1.10133 -8.15782e-07 1.89304e-08 -8.15782e-07 1.03523e-06 
137
0
-4.13566
-0.000973365
0.969609 2.18615e-06 1.90902e-08 2.18615e-06 1.10936 -8.15796e-07 1.90902e-08 -8.15796e-07 1.03523e-06 
138
0
-4.16949
0.000223176
0.976629 5.5387e-06 1.91949e-08 5.5387e-06 1.1174 -8.1581e-07 1.91949e-08 -8.1581e-07 1.03523e-06 
139
0
-4.20181
-0.000332883
0.983649 4.70502e-06 1.93981e-08 4.70502e-06 1.12543 -8.15823e-07 1.93981e-08 -8.15823e-07 1.03523e-06 
140
0
-4.23421
-0.000955796
0.990669 5.8367e-06 1.95299e-08 5.8367e-06 1.13347 -8.15835e-07 1.95299e-08 -8.15835e-07 1.03523e-06 
141
0
-4.26726
-0.000367999
0.997689 9.20059e-06 1.96375e-08 9.20059e-06 1.1415 -8.15846e-07 1.96375e-08 -8.15846e-07 1.03523e-06 
142
0
-4.30016
6.46885e-05
1.00471 1.04754e-05 1.9804e-08 1.04754e-05 1.14954 -8.15861e-07 1.9804e-08 -8.15861e-07 1.03523e-06 
143
0
-4.33272
-0.000331951
1.01173 1.01929e-05 1.99804e-08 1.01929e-05 1.15757 -8.15874e-07 1.99804e-08 -8.15874e-07 1.03523e-06 
144
0
-4.36587
0.000342087
1.01875 1.13549e-05 2.0116e-08 1.13549e-05 1.16561 -8.15885e-07 2.0116e-08 -8.15885e-07 1.03523e-06 
145
0
-4.39832
-0.000106245
1.02577 1.00506e-05 2.03025e-08 1.00506e-05 1.17364 -8.15894e-07 2.03025e-08 -8.15894e-07 1.03523e-06 
146
0
-4.43095
7.87252e-06
1.03279 1.03951e-05 2.04405e-08 1.03951e-05 1.18167 -8.15904e-07 2.04405e-08 -8.15904e-07 1.03523e-06 
147
0
-4.46404
0.000455564
1.03981 1.03175e-05 2.05963e-08 1.03175e-05 1.18971 -8.15916e-07 2.05963e-08 -8.15916e-07 1.03523e-06 
148
0
-4.49772
0.00133978
1.04683 8.56196e-06 2.07778e-08 8.56196e-06 1.19774 -8.15928e-07 2.07778e-08 -8.15928e-07 1.03523e-06 
149
0
-4.52932
0.000230097
1.05385 3.4588e-06 2.09975e-08 3.4588e-06 1.20578 -8.15939e-07 2.09975e-08 -8.15939e-07 1.03523e-06 
150
0
-4.56228
-4.74438e-05
1.06087 2.53653e-06 2.11137e-08 2.53653e-06 1.21381 -8.1595e-07 2.11137e-08 -8.1595e-07 1.03523e-06 
151
0
-4.59513
1.11242e-06
1.06789 2.66959e-06 2.1248e-08 2.66959e-06 1.22185 -8.15961e-07 2.1248e-08 -8.15961e-07 1.03523e-06 
152
0
-4.62848
0.0009017
1.07491 2.61693e-06 2.13994e-08 2.61693e-06 1.22988 -8.1597e-07 2.13994e-08 -8.1597e-07 1.03523e-06 
153
0
-4.66061
8.10978e-05
1.08193 -9.24967e-07 2.16052e-08 -9.24967e-07 1.23792 -8.15979e-07 2.16052e-08 -8.15979e-07 1.03523e-06 
154
0
-4.69306
-0.000918606
1.08895 -1.28961e-06 2.17299e-08 -1.28961e-06 1.24595 -8.15989e-07 2.17299e-08 -8.15989e-07 1.03523e-06 
155
0
-4.72617
-0.000521147
1.09597 2.26759e-06 2.18191e-08 2.26759e-06 1.25399 -8.15999e-07 2.18191e-08 -8.15999e-07 1.03523e-06 
156
0
-4.75958
0.000176396
1.10299 4.2779e-06 2.19701e-08 4.2779e-06 1.26202 -8.16005e-07 2.19701e-08 -8.16005e-07 1.03523e-06 
157
0
-4.79197
0.000101887
1.11001 3.52812e-06 2.21566e-08 3.52812e-06 1.27006 -8.16012e-07 2.21566e-08 -8.16012e-07 1.03523e-06 
158
0
-4.82418
-0.000177939
1.11703 3.072e-06 2.23114e-08 3.072e-06 1.27809 -8.1602e-07 2.23114e-08 -8.1602e-07 1.03523e-06 
159
0
-4.85656
-0.000500925
1.12405 3.74002e-06 2.2447e-08 3.74002e-06 1.28613 -8.16029e-07 2.2447e-08 -8.16029e-07 1.03523e-06 
160
0
-4.88963
0.000383751
1.13107 5.72125e-06 2.25733e-08 5.72125e-06 1.29416 -8.16038e-07 2.25733e-08 -8.16038e-07 1.03523e-06 
161
0
-4.92199
-6.06055e-05
1.13809 4.10809e-06 2.27654e-08 4.10809e-06 1.30219 -8.16046e-07 2.27654e-08 -8.16046e-07 1.03523e-06 
162
0
-4.95472
-0.000130381
1.14511 4.30824e-06 2.2903e-08 4.30824e-06 1.31023 -8.16056e-07 2.2903e-08 -8.16056e-07 1.03523e-06 
163
0
-4.98687
-0.000496177
1.15213 4.79795e-06 2.30474e-08 4.79795e-06 1.31826 -8.16063e-07 2.30474e-08 -8.16063e-07 1.03523e-06 
164
0
-5.01973
-0.000354166
1.15915 6.81023e-06 2.31728e-08 6.81023e-06 1.3263 -8.16073e-07 2.31728e-08 -8.16073e-07 1.03523e-06 
165
0
-5.05242
2.7509e-05
1.16617 8.24165e-06 2.33214e-08 8.24165e-06 1.33433 -8.16082e-07 2.33214e-08 -8.16082e-07 1.03523e-06 
166
0
-5.08554
0.000419394
1.17319 8.07745e-06 2.34896e-08 8.07745e-06 1.34237 -8.1609e-07 2.34896e-08 -8.1609e-07 1.03523e-06 
167
0
-5.1181
0.000534694
1.18021 6.25507e-06 2.36692e-08 6.25507e-06 1.3504 -8.16097e-07 2.36692e-08 -8.16097e-07 1.03523e-06 
168
0
-5.1504
0.000303563
1.18723 3.93148e-06 2.38383e-08 3.93148e-06 1.35844 -8.16103e-07 2.38383e-08 -8.16103e-07 1.03523e-06 
169
0
-5.18294
0.000337731
1.19425 2.5836e-06 2.39862e-08 2.5836e-06 1.36647 -8.16111e-07 2.39862e-08 -8.16111e-07 1.03523e-06 
170
0
-5.21551
0.000109682
1.20127 1.08089e-06 2.41427e-08 1.08089e-06 1.37451 -8.1612e-07 2.41427e-08 -8.1612e-07 1.03523e-06 
171
0
-5.24817
-0.000237051
1.20829 5.57268e-07 2.42862e-08 5.57268e-07 1.38254 -8.16129e-07 2.42862e-08 -8.16129e-07 1.03523e-06 
172
0
-5.28167
1.78493e-05
1.21531 1.54132e-06 2.44173e-08 1.54132e-06 1.39058 -8.16138e-07 2.44173e-08 -8.16138e-07 1.03523e-06 
173
0
-5.31503
0.000615999
1.22233 1.41446e-06 2.45789e-08 1.41446e-06 1.39861 -8.16146e-07 2.45789e-08 -8.16146e-07 1.03523e-06 
174
0
-5.34745
0.000160351
1.22935 -1.34893e-06 2.47689e-08 -1.34893e-06 1.40665 -8.16154e-07 2.47689e-08 -8.16154e-07 1.03523e-06 
175
0
-5.3797
-0.000277856
1.23637 -2.10832e-06 2.49083e-08 -2.10832e-06 1.41468 -8.16162e-07 2.49083e-08 -8.16162e-07 1.03523e-06 
176
0
-5.41244
2.61582e-05
1.24339 -9.18372e-07 2.50321e-08 -9.18372e-07 1.42271 -8.16169e-07 2.50321e-08 -8.16169e-07 1.03523e-06 
177
0
-5.44574
0.000791171
1.25041 -1.08434e-06 2.51914e-08 -1.08434e-06 1.43075 -8.16175e-07 2.51914e-08 -8.16175e-07 1.03523e-06 
178
0
-5.47818
0.000622789
1.25743 -4.70006e-06 2.53899e-08 -4.70006e-06 1.43878 -8.16183e-07 2.53899e-08 -8.16183e-07 1.03523e-06 
179
0
-5.51049
-5.69695e-05
1.26445 -7.57241e-06 2.55496e-08 -7.57241e-06 1.44682 -8.16192e-07 2.55496e-08 -8.16192e-07 1.03523e-06 
180
0
-5.54371
0.000730877
1.27147 -7.36139e-06 2.56697e-08 -7.36139e-06 1.45485 -8.16199e-07 2.56697e-08 -8.16199e-07 1.03523e-06 
181
0
-5.57543
-0.000148329
1.27849 -1.07609e-05 2.58604e-08 -1.07609e-05 1.46289 -8.16206e-07 2.58604e-08 -8.16206e-07 1.03523e-06 
182
0
-5.6086
0.000283726
1.28551 -1.01259e-05 2.59732e-08 -1.01259e-05 1.47092 -8.16214e-07 2.59732e-08 -8.16214e-07 1.03523e-06 
183
0
-5.6418
0.000387896
1.29253 -1.14898e-05 2.61404e-08 -1.14898e-05 1.47896 -8.16222e-07 2.61404e-08 -8.16222e-07 1.03523e-06 
184
0
-5.67351
-0.000377779
1.29955 -1.33465e-05 2.63046e-08 -1.33465e-05 1.48699 -8.16229e-07 2.63046e-08 -8.16229e-07 1.03523e-06 
185
0
-5.70715
0.000131634
1.30657 -1.1625e-05 2.6414e-08 -1.1625e-05 1.49503 -8.16237e-07 2.6414e-08 -8.16237e-07 1.03523e-06 
186
0
-5.74023
0.00076517
1.31359 -1.22941e-05 2.65833e-08 -1.22941e-05 1.50306 -8.16244e-07 2.65833e-08 -8.16244e-07 1.03523e-06 
187
0
-5.77184
-0.000518844
1.32061 -1.59674e-05 2.67755e-08 -1.59674e-05 1.5111 -8.1625e-07 2.67755e-08 -8.1625e-07 1.03523e-06 
188
0
-5.80559
0.000876436
1.32763 -1.35454e-05 2.68652e-08 -1.35454e-05 1.51913 -8.16259e-07 2.68652e-08 -8.16259e-07 1.03523e-06 
189
0
-5.83778
0.000277776
1.33465 -1.77902e-05 2.708e-08 -1.77902e-05 1.52717 -8.16266e-07 2.708e-08 -8.16266e-07 1.03523e-06 
190
0
-5.87014
-5.64235e-05
1.34167 -1.9176e-05 2.72168e-08 -1.9176e-05 1.5352 -8.16274e-07 2.72168e-08 -8.16274e-07 1.03523e-06 
191
0
-5.90252
-3.45788e-05
1.34869 -1.89519e-05 2.73467e-08 -1.89519e-05 1.54323 -8.16281e-07 2.73467e-08 -8.16281e-07 1.03523e-06 
192
0
-5.93484
-0.00026104
1.35571 -1.88327e-05 2.74909e-08 -1.88327e-05 1.55127 -8.1629e-07 2.74909e-08 -8.1629e-07 1.03523e-06 
193
0
-5.96774
-4.7685e-05
1.36273 -1.76054e-05 2.76235e-08 -1.76054e-05 1.5593 -8.163e-07 2.76235e-08 -8.163e-07 1.03523e-06 
194
0
-5.9998
-7.87465e-05
1.36975 -1.742e-05 2.77784e-08 -1.742e-05 1.56734 -8.16305e-07 2.77784e-08 -8.16305e-07 1.03523e-06 
195
0
-6.0321
-0.000198309
1.37677 -1.708e-05 2.79232e-08 -1.708e-05 1.57537 -8.16313e-07 2.79232e-08 -8.16313e-07 1.03523e-06 
196
0
-6.06469
0.000334062
1.38379 -1.61444e-05 2.80618e-08 -1.61444e-05 1.58341 -8.1632e-07 2.80618e-08 -8.1632e-07 1.03523e-06 
197
0
-6.09785
0.000232898
1.39081 -1.78605e-05 2.82363e-08 -1.78605e-05 1.59144 -8.16327e-07 2.82363e-08 -8.16327e-07 1.03523e-06 
198
0
-6.13067
0.000169785
1.39783 -1.90777e-05 2.8391e-08 -1.90777e-05 1.59948 -8.16336e-07 2.8391e-08 -8.16336e-07 1.03523e-06 
199
0
-6.16343
-1.30129e-05
1.40485 -1.99826e-05 2.85414e-08 -1.99826e-05 1.60751 -8.16343e-07 2.85414e-08 -8.16343e-07 1.03523e-06 
200
0
-6.19639
-0.000176653
1.41187 -1.99657e-05 2.8683e-08 -1.99657e-05 1.61555 -8.16349e-07 2.8683e-08 -8.16349e-07 1.03523e-06 
201
0
-6.22956
0.000141533
1.41889 -1.91153e-05 2.88223e-08 -1.91153e-05 1.62358 -8.16358e-07 2.88223e-08 -8.16358e-07 1.03523e-06 
202
0
-6.26182
-0.0001995
1.42591 -1.98886e-05 2.89873e-08 -1.98886e-05 1.63162 -8.16366e-07 2.89873e-08 -8.16366e-07 1.03523e-06 
203
0
-6.29493
0.000565181
1.43293 -1.89117e-05 2.91201e-08 -1.89117e-05 1.63965 -8.16374e-07 2.91201e-08 -8.16374e-07 1.03523e-06 
204
0
-6.32711
0.000190679
1.43995 -2.18817e-05 2.93092e-08 -2.18817e-05 1.64769 -8.16381e-07 2.93092e-08 -8.16381e-07 1.03523e-06 
205
0
-6.35917
-4.52187e-05
1.44697 -2.29211e-05 2.94504e-08 -2.29211e-05 1.65572 -8.16386e-07 2.94504e-08 -8.16386e-07 1.03523e-06 
206
0
-6.39198
0.000278929
1.45399 -2.27342e-05 2.95849e-08 -2.27342e-05 1.66375 -8.16394e-07 2.95849e-08 -8.16394e-07 1.03523e-06 
207
0
-6.42458
0.000243989
1.46101 -2.42461e-05 2.975e-08 -2.42461e-05 1.67179 -8.16401e-07 2.975e-08 -8.16401e-07 1.03523e-06 
208
0
-6.45737
0.000412879
1.46803 -2.55809e-05 2.99037e-08 -2.55809e-05 1.67982 -8.16408e-07 2.99037e-08 -8.16408e-07 1.03523e-06 
209
0
-6.49009
0.000318233
1.47505 -2.78162e-05 3.00672e-08 -2.78162e-05 1.68786 -8.16415e-07 3.00672e-08 -8.16415e-07 1.03523e-06 
210
0
-6.52226
-9.34386e-05
1.48207 -2.95585e-05 3.02195e-08 -2.95585e-05 1.69589 -8.16423e-07 3.02195e-08 -8.16423e-07 1.03523e-06 
211
0
-6.55483
-0.000402256
1.48909 -2.91082e-05 3.03478e-08 -2.91082e-05 1.70393 -8.16431e-07 3.03478e-08 -8.16431e-07 1.03523e-06 
212
0
-6.58716
-0.000863211
1.49611 -2.69969e-05 3.04733e-08 -2.69969e-05 1.71196 -8.16438e-07 3.04733e-08 -8.16438e-07 1.03523e-06 
213
0
-6.62037
-0.000255021
1.50313 -2.2388e-05 3.05843e-08 -2.2388e-05 1.72 -8.16446e-07 3.05843e-08 -8.16446e-07 1.03523e-06 
214
0
-6.65275
7.82887e-05
1.51015 -2.10546e-05 3.07512e-08 -2.10546e-05 1.72803 -8.16453e-07 3.07512e-08 -8.16453e-07 1.03523e-06 
215
0
-6.68506
-0.000613527
1.51717 -2.15303e-05 3.09182e-08 -2.15303e-05 1.73607 -8.1646e-07 3.09182e-08 -8.1646e-07 1.03523e-06 
216
0
-6.71807
-0.000329477
1.52419 -1.82221e-05 3.10314e-08 -1.82221e-05 1.7441 -8.16467e-07 3.10314e-08 -8.16467e-07 1.03523e-06 
217
0
-6.75106
0.00029057
1.53121 -1.646e-05 3.11839e-08 -1.646e-05 1.75214 -8.16475e-07 3.11839e-08 -8.16475e-07 1.03523e-06 
218
0
-6.78339
-0.000125916
1.53823 -1.81142e-05 3.13669e-08 -1.81142e-05 1.76017 -8.16483e-07 3.13669e-08 -8.16483e-07 1.03523e-06 
219
0
-6.81651
0.000192393
1.54525 -1.74648e-05 3.15025e-08 -1.74648e-05 1.76821 -8.16489e-07 3.15025e-08 -8.16489e-07 1.03523e-06 
220
0
-6.84826
-0.000418869
1.55227 -1.85866e-05 3.1669e-08 -1.85866e-05 1.77624 -8.16496e-07 3.1669e-08 -8.16496e-07 1.03523e-06 
221
0
-6.88164
0.000299826
1.55929 -1.62905e-05 3.17868e-08 -1.62905e-05 1.78427 -8.16503e-07 3.17868e-08 -8.16503e-07 1.03523e-06 
222
0
-6.91449
0.000487793
1.56631 -1.80263e-05 3.19699e-08 -1.80263e-05 1.79231 -8.16509e-07 3.19699e-08 -8.16509e-07 1.03523e-06 
223
0
-6.94707
0.000332495
1.57333 -2.08317e-05 3.21425e-08 -2.08317e-05 1.80034 -8.16516e-07 3.21425e-08 -8.16516e-07 1.03523e-06 
224
0
-6.97974
0.000268012
1.58035 -2.27681e-05 3.22951e-08 -2.27681e-05 1.80838 -8.16522e-07 3.22951e-08 -8.16522e-07 1.03523e-06 
225
0
-7.01258
0.000284647
1.58737 -2.43453e-05 3.24473e-08 -2.43453e-05 1.81641 -8.16528e-07 3.24473e-08 -8.16528e-07 1.03523e-06 
226
0
-7.04531
7.35854e-05
1.59439 -2.60246e-05 3.26036e-08 -2.60246e-05 1.82445 -8.16534e-07 3.26036e-08 -8.16534e-07 1.03523e-06 
227
0
-7.07723
-0.000780301
1.60141 -2.64973e-05 3.27471e-08 -2.64973e-05 1.83248 -8.16541e-07 3.27471e-08 -8.16541e-07 1.03523e-06 
228
0
-7.11019
-0.000209841
1.60843 -2.20391e-05 3.2845e-08 -2.20391e-05 1.84052 -8.16547e-07 3.2845e-08 -8.16547e-07 1.03523e-06 
229
0
-7.14348
0.00057276
1.61545 -2.0871e-05 3.30085e-08 -2.0871e-05 1.84855 -8.16553e-07 3.30085e-08 -8.16553e-07 1.03523e-06 
230
0
-7.17636
0.000838643
1.62247 -2.42583e-05 3.32055e-08 -2.42583e-05 1.85659 -8.1656e-07 3.32055e-08 -8.1656e-07 1.03523e-06 
231
0
-7.20897
0.000673252
1.62949 -2.92163e-05 3.33887e-08 -2.92163e-05 1.86462 -8.16565e-07 3.33887e-08 -8.16565e-07 1.03523e-06 
232
0
-7.24122
0.000126663
1.63651 -3.32233e-05 3.35473e-08 -3.32233e-05 1.87266 -8.1657e-07 3.35473e-08 -8.1657e-07 1.03523e-06 
233
0
-7.27317
-0.000124067
1.64353 -3.40206e-05 3.36754e-08 -3.40206e-05 1.88069 -8.16578e-07 3.36754e-08 -8.16578e-07 1.03523e-06 
234
0
-7.30578
4.76771e-05
1.65055 -3.33345e-05 3.38055e-08 -3.33345e-05 1.88873 -8.16584e-07 3.38055e-08 -8.16584e-07 1.03523e-06 
235
0
-7.33833
-0.000147333
1.65757 -3.3668e-05 3.39591e-08 -3.3668e-05 1.89676 -8.1659e-07 3.39591e-08 -8.1659e-07 1.03523e-06 
236
0
-7.37138
0.000178877
1.66459 -3.28365e-05 3.40981e-08 -3.28365e-05 1.90479 -8.16596e-07 3.40981e-08 -8.16596e-07 1.03523e-06 
237
0
-7.40444
0.000449436
1.67161 -3.39603e-05 3.42637e-08 -3.39603e-05 1.91283 -8.16603e-07 3.42637e-08 -8.16603e-07 1.03523e-06 
238
0
-7.43703
0.000312293
1.67863 -3.67202e-05 3.44356e-08 -3.67202e-05 1.92086 -8.1661e-07 3.44356e-08 -8.1661e-07 1.03523e-06 
239
0
-7.46938
-0.000519723
1.68565 -3.86611e-05 3.45872e-08 -3.86611e-05 1.9289 -8.16618e-07 3.45872e-08 -8.16618e-07 1.03523e-06 
240
0
-7.50272
-0.000187416
1.69267 -3.55502e-05 3.46923e-08 -3.55502e-05 1.93693 -8.16624e-07 3.46923e-08 -8.16624e-07 1.03523e-06 
241
0
-7.53623
0.000139595
1.69969 -3.44554e-05 3.48478e-08 -3.44554e-05 1.94497 -8.16629e-07 3.48478e-08 -8.16629e-07 1.03523e-06 
242
0
-7.56893
-2.95666e-05
1.70671 -3.53611e-05 3.50176e-08 -3.53611e-05 1.953 -8.16636e-07 3.50176e-08 -8.16636e-07 1.03523e-06 
243
0
-7.60166
0.000161226
1.71373 -3.52287e-05 3.51631e-08 -3.52287e-05 1.96104 -8.16642e-07 3.51631e-08 -8.16642e-07 1.03523e-06 
244
0
-7.63464
0.000524053
1.72075 -3.62752e-05 3.53227e-08 -3.62752e-05 1.96907 -8.16648e-07 3.53227e-08 -8.16648e-07 1.03523e-06 
245
0
-7.66674
-0.000183058
1.72777 -3.95783e-05 3.54984e-08 -3.95783e-05 1.97711 -8.16658e-07 3.54984e-08 -8.16658e-07 1.03523e-06 
246
0
-7.6996
4.62382e-05
1.73479 -3.8487e-05 3.56173e-08 -3.8487e-05 1.98514 -8.16665e-07 3.56173e-08 -8.16665e-07 1.03523e-06 
247
0
-7.73219
-0.000191029
1.74181 -3.88262e-05 3.57726e-08 -3.88262e-05 1.99318 -8.16669e-07 3.57726e-08 -8.16669e-07 1.03523e-06 
248
0
-7.7649
-1.76952e-05
1.74883 -3.76755e-05 3.59097e-08 -3.76755e-05 2.00121 -8.16678e-07 3.59097e-08 -8.16678e-07 1.03523e-06 
249
0
-7.79759
-8.8218e-05
1.75585 -3.76137e-05 3.60643e-08 -3.76137e-05 2.00925 -8.16684e-07 3.60643e-08 -8.16684e-07 1.03523e-06 
250
0
-7.83068
0.000711193
1.76287 -3.71047e-05 3.62106e-08 -3.71047e-05 2.01728 -8.16692e-07 3.62106e-08 -8.16692e-07 1.03523e-06 
251
0
-7.86299
0.000102169
1.76989 -4.16778e-05 3.6406e-08 -4.16778e-05 2.02531 -8.16701e-07 3.6406e-08 -8.16701e-07 1.03523e-06 
252
0
-7.895
-0.000289019
1.77691 -4.23801e-05 3.65378e-08 -4.23801e-05 2.03335 -8.16711e-07 3.65378e-08 -8.16711e-07 1.03523e-06 
253
0
-7.92758
-0.000584132
1.78393 -4.05771e-05 3.66606e-08 -4.05771e-05 2.04138 -8.1672e-07 3.66606e-08 -8.1672e-07 1.03523e-06 
254
0
-7.96012
-0.000701969
1.79095 -3.68673e-05 3.67838e-08 -3.68673e-05 2.04942 -8.16726e-07 3.67838e-08 -8.16726e-07 1.03523e-06 
255
0
-7.9923
-0.000312387
1.79797 -3.23814e-05 3.69131e-08 -3.23814e-05 2.05745 -8.16731e-07 3.69131e-08 -8.16731e-07 1.03523e-06 
256
0
-8.02544
0.000316262
1.80499 -3.04049e-05 3.70698e-08 -3.04049e-05 2.06549 -8.16735e-07 3.70698e-08 -8.16735e-07 1.03523e-06 
257
0
-8.05746
0.000149802
1.81201 -3.25144e-05 3.72549e-08 -3.25144e-05 2.07352 -8.16741e-07 3.72549e-08 -8.16741e-07 1.03523e-06 
258
0
-8.09188
0.00121787
1.81903 -3.35438e-05 3.74044e-08 -3.35438e-05 2.08156 -8.16746e-07 3.74044e-08 -8.16746e-07 1.03523e-06 
259
0
-8.12431
0.00071755
1.82605 -4.15868e-05 3.76255e-08 -4.15868e-05 2.08959 -8.16755e-07 3.76255e-08 -8.16755e-07 1.03523e-06 
260
0
-8.15691
0.000949551
1.83307 -4.63644e-05 3.77766e-08 -4.63644e-05 2.09763 -8.16765e-07 3.77766e-08 -8.16765e-07 1.03523e-06 
261
0
-8.18834
-0.000924216
1.84009 -5.26946e-05 3.79502e-08 -5.26946e-05 2.10566 -8.16773e-07 3.79502e-08 -8.16773e-07 1.03523e-06 
262
0
-8.22212
0.000170765
1.84711 -4.66085e-05 3.80051e-08 -4.66085e-05 2.1137 -8.16783e-07 3.80051e-08 -8.16783e-07 1.03523e-06 
263
0
-8.25519
0.00072271
1.85413 -4.77967e-05 3.81913e-08 -4.77967e-05 2.12173 -8.16789e-07 3.81913e-08 -8.16789e-07 1.03523e-06 
264
0
-8.28745
0.00034185
1.86115 -5.26817e-05 3.83826e-08 -5.26817e-05 2.12977 -8.16797e-07 3.83826e-08 -8.16797e-07 1.03523e-06 
265
0
-8.31992
0.000431351
1.86817 -5.50274e-05 3.85262e-08 -5.50274e-05 2.1378 -8.16804e-07 3.85262e-08 -8.16804e-07 1.03523e-06 
266
0
-8.35165
-0.000614067
1.87519 -5.79852e-05 3.86834e-08 -5.79852e-05 2.14583 -8.1681e-07 3.86834e-08 -8.1681e-07 1.03523e-06 
267
0
-8.38545
0.000340304
1.88221 -5.38805e-05 3.87761e-08 -5.38805e-05 2.15387 -8.16819e-07 3.87761e-08 -8.16819e-07 1.03523e-06 
268
0
-8.41793
-2.62179e-05
1.88923 -5.62418e-05 3.8965e-08 -5.62418e-05 2.1619 -8.16827e-07 3.8965e-08 -8.16827e-07 1.03523e-06 
269
0
-8.45109
0.000382267
1.89625 -5.61133e-05 3.91039e-08 -5.61133e-05 2.16994 -8.16834e-07 3.91039e-08 -8.16834e-07 1.03523e-06 
270
0
-8.48338
-0.000570165
1.90327 -5.87791e-05 3.92759e-08 -5.87791e-05 2.17797 -8.16841e-07 3.92759e-08 -8.16841e-07 1.03523e-06 
271
0
-8.51586
-0.000187573
1.91029 -5.49137e-05 3.93781e-08 -5.49137e-05 2.18601 -8.1685e-07 3.93781e-08 -8.1685e-07 1.03523e-06 
272
0
-8.54859
-0.000940428
1.91731 -5.3671e-05 3.95315e-08 -5.3671e-05 2.19404 -8.16855e-07 3.95315e-08 -8.16855e-07 1.03523e-06 
273
0
-8.58157
-0.00107791
1.92433 -4.72152e-05 3.96357e-08 -4.72152e-05 2.20208 -8.16862e-07 3.96357e-08 -8.16862e-07 1.03523e-06 
274
0
-8.61531
-0.000302121
1.93135 -3.97809e-05 3.97569e-08 -3.97809e-05 2.21011 -8.16871e-07 3.97569e-08 -8.16871e-07 1.03523e-06 
275
0
-8.64802
4.28139e-05
1.93837 -3.77258e-05 3.99351e-08 -3.77258e-05 2.21815 -8.16877e-07 3.99351e-08 -8.16877e-07 1.03523e-06 
276
0
-8.68163
-7.20228e-05
1.94539 -3.80756e-05 4.01064e-08 -3.80756e-05 2.22618 -8.16884e-07 4.01064e-08 -8.16884e-07 1.03523e-06 
277
0
-8.71372
-0.000742228
1.95241 -3.76203e-05 4.02592e-08 -3.76203e-05 2.23422 -8.16889e-07 4.02592e-08 -8.16889e-07 1.03523e-06 
278
0
-8.7468
-9.54281e-05
1.95943 -3.24416e-05 4.0369e-08 -3.24416e-05 2.24225 -8.16894e-07 4.0369e-08 -8.16894e-07 1.03523e-06 
279
0
-8.77959
-0.000390332
1.96645 -3.18173e-05 4.05413e-08 -3.18173e-05 2.25029 -8.16899e-07 4.05413e-08 -8.16899e-07 1.03523e-06 
280
0
-8.81274
-0.000190162
1.97347 -2.9098e-05 4.06791e-08 -2.9098e-05 2.25832 -8.16906e-07 4.06791e-08 -8.16906e-07 1.03523e-06 
281
0
-8.84505
-0.000281931
1.98049 -2.77942e-05 4.08366e-08 -2.77942e-05 2.26636 -8.16911e-07 4.08366e-08 -8.16911e-07 1.03523e-06 
282
0
-8.87764
-0.000185163
1.98751 -2.58298e-05 4.09806e-08 -2.58298e-05 2.27439 -8.16918e-07 4.09806e-08 -8.16918e-07 1.03523e-06 
283
0
-8.9099
-0.000561813
1.99453 -2.45522e-05 4.11329e-08 -2.45522e-05 2.28242 -8.16923e-07 4.11329e-08 -8.16923e-07 1.03523e-06 
284
0
-8.94255
-0.000569897
2.00155 -2.05592e-05 4.12597e-08 -2.05592e-05 2.29046 -8.16929e-07 4.12597e-08 -8.16929e-07 1.03523e-06 
285
0
-8.97564
-6.02026e-05
2.00857 -1.64935e-05 4.13994e-08 -1.64935e-05 2.29849 -8.16934e-07 4.13994e-08 -8.16934e-07 1.03523e-06 
286
0
-9.00858
0.000208673
2.01559 -1.61076e-05 4.1573e-08 -1.61076e-05 2.30653 -8.16941e-07 4.1573e-08 -8.16941e-07 1.03523e-06 
287
0
-9.04113
-4.24312e-06
2.02261 -1.76759e-05 4.17459e-08 -1.76759e-05 2.31456 -8.16948e-07 4.17459e-08 -8.16948e-07 1.03523e-06 
288
0
-9.07472
0.000628764
2.02963 -1.76954e-05 4.18933e-08 -1.76954e-05 2.3226 -8.16956e-07 4.18933e-08 -8.16956e-07 1.03523e-06 
289
0
-9.10807
0.00139608
2.03665 -2.23511e-05 4.20857e-08 -2.23511e-05 2.33063 -8.16963e-07 4.20857e-08 -8.16963e-07 1.03523e-06 
290
0
-9.14025
0.000494825
2.04367 -3.2662e-05 4.23017e-08 -3.2662e-05 2.33867 -8.16969e-07 4.23017e-08 -8.16969e-07 1.03523e-06 
291
0
-9.17328
0.00149968
2.05069 -3.63618e-05 4.24322e-08 -3.63618e-05 2.3467 -8.16979e-07 4.24322e-08 -8.16979e-07 1.03523e-06 
292
0
-9.20472
0.000416459
2.05771 -4.75104e-05 4.26465e-08 -4.75104e-05 2.35474 -8.16986e-07 4.26465e-08 -8.16986e-07 1.03523e-06 
293
0
-9.23705
-1.00009e-05
2.06473 -5.06534e-05 4.27633e-08 -5.06534e-05 2.36277 -8.16995e-07 4.27633e-08 -8.16995e-07 1.03523e-06 
294
0
-9.26968
2.82592e-05
2.07175 -5.06295e-05 4.28877e-08 -5.06295e-05 2.37081 -8.17003e-07 4.28877e-08 -8.17003e-07 1.03523e-06 
295
0
-9.30238
3.17163e-05
2.07878 -5.08915e-05 4.30347e-08 -5.08915e-05 2.37884 -8.1701e-07 4.30347e-08 -8.1701e-07 1.03523e-06 
296
0
-9.33533
0.00018424
2.0858 -5.11802e-05 4.31844e-08 -5.11802e-05 2.38688 -8.17017e-07 4.31844e-08 -8.17017e-07 1.03523e-06 
297
0
-9.36699
-0.00058269
2.09282 -5.26177e-05 4.33441e-08 -5.26177e-05 2.39491 -8.17024e-07 4.33441e-08 -8.17024e-07 1.03523e-06 
298
0
-9.40046
0.000534596
2.09984 -4.82677e-05 4.34499e-08 -4.82677e-05 2.40294 -8.17029e-07 4.34499e-08 -8.17029e-07 1.03523e-06 
299
0
-9.43278
-6.83162e-05
2.10686 -5.23696e-05 4.36503e-08 -5.23696e-05 2.41098 -8.17035e-07 4.36503e-08 -8.17035e-07 1.03523e-06 
300
0
-9.46591
0.000575535
2.11388 -5.1901e-05 4.37807e-08 -5.1901e-05 2.41901 -8.17042e-07 4.37807e-08 -8.17042e-07 1.03523e-06 
301
0
-9.49861
0.000534812
2.1209 -5.63423e-05 4.39645e-08 -5.63423e-05 2.42705 -8.17049e-07 4.39645e-08 -8.17049e-07 1.03523e-06 
302
0
-9.53145
0.000710352
2.12792 -6.04865e-05 4.41261e-08 -6.04865e-05 2.43508 -8.17056e-07 4.41261e-08 -8.17056e-07 1.03523e-06 
303
0
-9.5645
0.000755941
2.13494 -6.59923e-05 4.42958e-08 -6.59923e-05 2.44312 -8.17062e-07 4.42958e-08 -8.17062e-07 1.03523e-06 
304
0
-9.59689
1.84189e-05
