4
0
0
0
0.00800063 0 0 0 0.00900062 0 0 0 0.00100563 
5
0
0
-0.00265474
0.00869178 -5.90665e-05 2.22457e-07 -5.90665e-05 0.0170017 2.0686e-09 2.22457e-07 2.0686e-09 1.21944e-06 
6
0
0
-0.00193894
0.0089511 -0.000122107 2.91719e-08 -0.000122107 0.025004 -7.48072e-09 2.91719e-08 -7.48072e-09 1.03811e-06 
7
0
0
-0.00249651
0.00904812 -0.000186825 6.16774e-09 -0.000186825 0.0330075 -1.80735e-08 6.16774e-09 -1.80735e-08 1.0387e-06 
8
0
0
-0.00307995
0.00908465 -0.000251924 3.9402e-09 -0.000251924 0.0410121 -2.99678e-08 3.9402e-09 -2.99678e-08 1.03875e-06 
9
0
0
-0.00248381
0.00909868 -0.000316993 4.00415e-09 -0.000316993 0.0490178 -4.34026e-08 4.00415e-09 -4.34026e-08 1.03813e-06 
10
0
0
-0.00200805
0.00910435 -0.00038254 4.18974e-09 -0.00038254 0.0570244 -5.82652e-08 4.18974e-09 -5.82652e-08 1.03754e-06 
11
0
0
-0.00179144
0.00910688 -0.000448395 4.3154e-09 -0.000448395 0.0650318 -7.43014e-08 4.3154e-09 -7.43014e-08 1.03707e-06 
12
0
0
-0.00388162
0.00910825 -0.000514322 4.40414e-09 -0.000514322 0.0730397 -9.12362e-08 4.40414e-09 -9.12362e-08 1.03671e-06 
13
0
0
-0.00245965
0.00910912 -0.000578253 4.46937e-09 -0.000578253 0.0810479 -1.0881e-07 4.46937e-09 -1.0881e-07 1.03642e-06 
14
0
0
-0.00183209
0.00910985 -0.00064415 4.54321e-09 -0.00064415 0.0890561 -1.26791e-07 4.54321e-09 -1.26791e-07 1.0362e-06 
15
0
0
-0.00227692
0.0091105 -0.000710581 4.62298e-09 -0.000710581 0.0970641 -1.44972e-07 4.62298e-09 -1.44972e-07 1.03603e-06 
16
0
0
-0.00208833
0.00911111 -0.00077612 4.70488e-09 -0.00077612 0.105072 -1.63175e-07 4.70488e-09 -1.63175e-07 1.03589e-06 
17
0
0
-0.00215299
0.00911169 -0.000841908 4.79096e-09 -0.000841908 0.113078 -1.81246e-07 4.79096e-09 -1.81246e-07 1.03579e-06 
18
0
0
-0.00315665
0.00911226 -0.000907503 4.87767e-09 -0.000907503 0.121084 -1.99059e-07 4.87767e-09 -1.99059e-07 1.03571e-06 
19
0
0
-0.00325814
0.0091128 -0.000971483 4.96415e-09 -0.000971483 0.129089 -2.16506e-07 4.96415e-09 -2.16506e-07 1.03565e-06 
20
0
0
-0.00251771
0.00911333 -0.00103585 5.05594e-09 -0.00103585 0.137092 -2.33503e-07 5.05594e-09 -2.33503e-07 1.0356e-06 
21
0
0
-0.00223071
0.00911389 -0.00110192 5.15262e-09 -0.00110192 0.145093 -2.49985e-07 5.15262e-09 -2.49985e-07 1.03556e-06 
22
0
0
-0.00324212
0.00911444 -0.00116824 5.24614e-09 -0.00116824 0.153092 -2.659e-07 5.24614e-09 -2.659e-07 1.03553e-06 
23
0
0
-0.00307965
0.00911496 -0.00123213 5.32999e-09 -0.00123213 0.161089 -2.81209e-07 5.32999e-09 -2.81209e-07 1.03551e-06 
24
0
0
-0.00213519
0.00911549 -0.00129691 5.42157e-09 -0.00129691 0.169084 -2.95888e-07 5.42157e-09 -2.95888e-07 1.0355e-06 
25
0
0
-0.00305385
0.00911605 -0.001364 5.51922e-09 -0.001364 0.177075 -3.09922e-07 5.51922e-09 -3.09922e-07 1.03548e-06 
26
0
0
-0.00171214
0.00911656 -0.00142817 5.59383e-09 -0.00142817 0.185064 -3.23305e-07 5.59383e-09 -3.23305e-07 1.03547e-06 
27
0
0
-0.00166137
0.00911713 -0.00149609 5.68491e-09 -0.00149609 0.19305 -3.36041e-07 5.68491e-09 -3.36041e-07 1.03547e-06 
28
0
0
-0.00224311
0.00911769 -0.00156307 5.7716e-09 -0.00156307 0.201033 -3.48132e-07 5.7716e-09 -3.48132e-07 1.03546e-06 
29
0
0
-0.00185426
0.00911821 -0.0016278 5.84504e-09 -0.0016278 0.209012 -3.59591e-07 5.84504e-09 -3.59591e-07 1.03546e-06 
30
0
0
-0.00350233
0.00911876 -0.00169385 5.91869e-09 -0.00169385 0.216987 -3.70433e-07 5.91869e-09 -3.70433e-07 1.03546e-06 
31
0
0
-0.00290276
0.00911922 -0.00175474 5.96649e-09 -0.00175474 0.224959 -3.80672e-07 5.96649e-09 -3.80672e-07 1.03546e-06 
32
0
0
-0.0031268
0.00911974 -0.00181918 6.0307e-09 -0.00181918 0.232927 -3.90334e-07 6.0307e-09 -3.90334e-07 1.03545e-06 
33
0
0
-0.00221932
0.00912025 -0.00188315 6.09078e-09 -0.00188315 0.24089 -3.99437e-07 6.09078e-09 -3.99437e-07 1.03545e-06 
34
0
0
-0.00260674
0.00912081 -0.00195048 6.15803e-09 -0.00195048 0.248849 -4.08006e-07 6.15803e-09 -4.08006e-07 1.03545e-06 
35
0
0
-0.00212809
0.00912134 -0.00201552 6.20742e-09 -0.00201552 0.256804 -4.16062e-07 6.20742e-09 -4.16062e-07 1.03545e-06 
36
0
0
-0.00287253
0.0091219 -0.00208219 6.26193e-09 -0.00208219 0.264754 -4.2363e-07 6.26193e-09 -4.2363e-07 1.03545e-06 
37
0
0
-0.00198601
0.0091224 -0.00214545 6.30361e-09 -0.00214545 0.272699 -4.3073e-07 6.30361e-09 -4.3073e-07 1.03545e-06 
38
0
0
-0.00137034
0.00912296 -0.00221267 6.36257e-09 -0.00221267 0.280639 -4.3739e-07 6.36257e-09 -4.3739e-07 1.03545e-06 
39
0
0
-0.00429895
0.00912355 -0.00228127 6.41796e-09 -0.00228127 0.288574 -4.43631e-07 6.41796e-09 -4.43631e-07 1.03545e-06 
40
0
0
-0.00357293
0.00912393 -0.00233679 6.41567e-09 -0.00233679 0.296504 -4.4947e-07 6.41567e-09 -4.4947e-07 1.03546e-06 
41
0
0
-0.0013556
0.00912441 -0.00239906 6.44311e-09 -0.00239906 0.304429 -4.54935e-07 6.44311e-09 -4.54935e-07 1.03546e-06 
42
0
0
-0.00180603
0.00912506 -0.00247151 6.51892e-09 -0.00247151 0.312347 -4.60049e-07 6.51892e-09 -4.60049e-07 1.03546e-06 
43
0
0
-0.00285395
0.00912563 -0.00253877 6.56473e-09 -0.00253877 0.32026 -4.64826e-07 6.56473e-09 -4.64826e-07 1.03546e-06 
44
0
0
-0.00274777
0.00912611 -0.00260035 6.57364e-09 -0.00260035 0.328167 -4.69288e-07 6.57364e-09 -4.69288e-07 1.03546e-06 
45
0
0
-0.00348064
0.00912661 -0.00266365 6.58391e-09 -0.00266365 0.336069 -4.73452e-07 6.58391e-09 -4.73452e-07 1.03546e-06 
46
0
0
-0.000873129
0.00912707 -0.00272406 6.60291e-09 -0.00272406 0.343963 -4.77336e-07 6.60291e-09 -4.77336e-07 1.03546e-06 
47
0
0
-0.00123286
0.00912775 -0.00279845 6.67421e-09 -0.00279845 0.351852 -4.80963e-07 6.67421e-09 -4.80963e-07 1.03546e-06 
48
0
0
-0.00312666
0.00912834 -0.00286693 6.70212e-09 -0.00286693 0.359734 -4.84343e-07 6.70212e-09 -4.84343e-07 1.03546e-06 
49
0
0
-0.00204149
0.00912876 -0.00292437 6.68262e-09 -0.00292437 0.36761 -4.87489e-07 6.68262e-09 -4.87489e-07 1.03546e-06 
50
0
0
-0.0020853
0.0091293 -0.0029902 6.7019e-09 -0.0029902 0.375478 -4.90421e-07 6.7019e-09 -4.90421e-07 1.03546e-06 
51
0
0
-0.0024331
0.00912984 -0.00305516 6.72999e-09 -0.00305516 0.38334 -4.9315e-07 6.72999e-09 -4.9315e-07 1.03546e-06 
52
0
0
-0.00262508
0.00913034 -0.00311798 6.74596e-09 -0.00311798 0.391195 -4.95687e-07 6.74596e-09 -4.95687e-07 1.03546e-06 
53
0
0
-0.00314023
0.00913083 -0.00318032 6.74682e-09 -0.00318032 0.399043 -4.98048e-07 6.74682e-09 -4.98048e-07 1.03546e-06 
54
0
0
-0.0037389
0.00913129 -0.00324056 6.73961e-09 -0.00324056 0.406883 -5.00242e-07 6.73961e-09 -5.00242e-07 1.03546e-06 
55
0
0
-0.00231881
0.00913173 -0.00329898 6.73822e-09 -0.00329898 0.414716 -5.02278e-07 6.73822e-09 -5.02278e-07 1.03546e-06 
56
0
0
-0.00151445
0.00913233 -0.00336779 6.76966e-09 -0.00336779 0.422541 -5.04174e-07 6.76966e-09 -5.04174e-07 1.03546e-06 
57
0
0
-0.00216326
0.00913297 -0.00343916 6.80064e-09 -0.00343916 0.430359 -5.05936e-07 6.80064e-09 -5.05936e-07 1.03546e-06 
58
0
0
-0.0038038
0.00913349 -0.00350348 6.80467e-09 -0.00350348 0.438169 -5.07568e-07 6.80467e-09 -5.07568e-07 1.03546e-06 
59
0
0
-0.00346981
0.00913386 -0.00355763 6.78062e-09 -0.00355763 0.44597 -5.09077e-07 6.78062e-09 -5.09077e-07 1.03546e-06 
60
0
0
-0.00202883
0.00913432 -0.00361783 6.77719e-09 -0.00361783 0.453764 -5.10478e-07 6.77719e-09 -5.10478e-07 1.03546e-06 
61
0
0
-0.00334149
0.00913495 -0.00368844 6.80456e-09 -0.00368844 0.461549 -5.1178e-07 6.80456e-09 -5.1178e-07 1.03546e-06 
62
0
0
-0.00157569
0.0091354 -0.00374763 6.79967e-09 -0.00374763 0.469326 -5.12982e-07 6.79967e-09 -5.12982e-07 1.03546e-06 
63
0
0
-0.0023405
0.00913606 -0.00382005 6.82685e-09 -0.00382005 0.477095 -5.14099e-07 6.82685e-09 -5.14099e-07 1.03546e-06 
64
0
0
-0.00284389
0.00913658 -0.00388358 6.82543e-09 -0.00388358 0.484855 -5.15131e-07 6.82543e-09 -5.15131e-07 1.03546e-06 
65
0
0
-0.00281587
0.00913704 -0.00394364 6.81512e-09 -0.00394364 0.492606 -5.16082e-07 6.81512e-09 -5.16082e-07 1.03546e-06 
66
0
0
-0.00270642
0.00913753 -0.00400523 6.81297e-09 -0.00400523 0.500348 -5.16961e-07 6.81297e-09 -5.16961e-07 1.03546e-06 
67
0
0
-0.00247883
0.00913805 -0.00406822 6.81529e-09 -0.00406822 0.508081 -5.17773e-07 6.81529e-09 -5.17773e-07 1.03546e-06 
68
0
0
-0.0025917
0.00913858 -0.00413282 6.82064e-09 -0.00413282 0.515805 -5.18523e-07 6.82064e-09 -5.18523e-07 1.03546e-06 
69
0
0
-0.00289666
0.0091391 -0.00419592 6.81561e-09 -0.00419592 0.52352 -5.19214e-07 6.81561e-09 -5.19214e-07 1.03546e-06 
70
0
0
-0.00362958
0.00913958 -0.00425671 6.80535e-09 -0.00425671 0.531225 -5.19849e-07 6.80535e-09 -5.19849e-07 1.03546e-06 
71
0
0
-0.00313347
0.00913998 -0.00431294 6.78719e-09 -0.00431294 0.538921 -5.20432e-07 6.78719e-09 -5.20432e-07 1.03546e-06 
72
0
0
-0.00268871
0.0091405 -0.0043756 6.78879e-09 -0.0043756 0.546607 -5.20969e-07 6.78879e-09 -5.20969e-07 1.03546e-06 
73
0
0
-0.00256319
0.00914106 -0.00444157 6.7965e-09 -0.00444157 0.554283 -5.21464e-07 6.7965e-09 -5.21464e-07 1.03546e-06 
74
0
0
-0.00205386
0.00914161 -0.00450702 6.80035e-09 -0.00450702 0.561949 -5.21918e-07 6.80035e-09 -5.21918e-07 1.03546e-06 
75
0
0
-0.00270913
0.00914221 -0.00457515 6.80845e-09 -0.00457515 0.569605 -5.22336e-07 6.80845e-09 -5.22336e-07 1.03546e-06 
76
0
0
-0.00306052
0.00914269 -0.00463566 6.80362e-09 -0.00463566 0.577252 -5.22716e-07 6.80362e-09 -5.22716e-07 1.03546e-06 
77
0
0
-0.00266165
0.00914314 -0.00469412 6.79116e-09 -0.00469412 0.584887 -5.23062e-07 6.79116e-09 -5.23062e-07 1.03546e-06 
78
0
0
-0.00323869
0.00914366 -0.00475741 6.78705e-09 -0.00475741 0.592513 -5.23379e-07 6.78705e-09 -5.23379e-07 1.03546e-06 
79
0
0
-0.00241413
0.0091441 -0.00481544 6.7728e-09 -0.00481544 0.600128 -5.23665e-07 6.7728e-09 -5.23665e-07 1.03546e-06 
80
0
0
-0.00335867
0.00914468 -0.00488203 6.78288e-09 -0.00488203 0.607732 -5.23927e-07 6.78288e-09 -5.23927e-07 1.03546e-06 
81
0
0
-0.00336369
0.0091451 -0.00493864 6.77295e-09 -0.00493864 0.615325 -5.24162e-07 6.77295e-09 -5.24162e-07 1.03546e-06 
82
0
0
-0.00314652
0.00914555 -0.00499742 6.76436e-09 -0.00499742 0.622908 -5.24373e-07 6.76436e-09 -5.24373e-07 1.03546e-06 
83
0
0
-0.003074
0.00914606 -0.0050593 6.76139e-09 -0.0050593 0.630479 -5.24565e-07 6.76139e-09 -5.24565e-07 1.03546e-06 
84
0
0
-0.00429305
0.00914657 -0.00512167 6.75907e-09 -0.00512167 0.63804 -5.24737e-07 6.75907e-09 -5.24737e-07 1.03546e-06 
85
0
0
-0.00240996
0.00914691 -0.00517283 6.7382e-09 -0.00517283 0.645589 -5.24887e-07 6.7382e-09 -5.24887e-07 1.03546e-06 
86
0
0
-0.00222885
0.00914759 -0.00524523 6.75654e-09 -0.00524523 0.653126 -5.25027e-07 6.75654e-09 -5.25027e-07 1.03546e-06 
87
0
0
-0.00333602
0.00914821 -0.00531451 6.75823e-09 -0.00531451 0.660653 -5.25151e-07 6.75823e-09 -5.25151e-07 1.03546e-06 
88
0
0
-0.00393377
0.00914862 -0.00537018 6.73806e-09 -0.00537018 0.668168 -5.25256e-07 6.73806e-09 -5.25256e-07 1.03546e-06 
89
0
0
-0.00458342
0.00914898 -0.00542261 6.72135e-09 -0.00542261 0.675671 -5.25345e-07 6.72135e-09 -5.25345e-07 1.03546e-06 
90
0
0
-0.00368581
0.0091493 -0.00547257 6.70217e-09 -0.00547257 0.683162 -5.25419e-07 6.70217e-09 -5.25419e-07 1.03546e-06 
91
0
0
-0.00377832
0.00914983 -0.00553567 6.70323e-09 -0.00553567 0.690641 -5.25486e-07 6.70323e-09 -5.25486e-07 1.03546e-06 
92
0
0
-0.00441132
0.00915033 -0.00559682 6.699e-09 -0.00559682 0.698108 -5.25543e-07 6.699e-09 -5.25543e-07 1.03546e-06 
93
0
0
-0.00412096
0.00915073 -0.00565153 6.6829e-09 -0.00565153 0.705563 -5.25585e-07 6.6829e-09 -5.25585e-07 1.03546e-06 
94
0
0
-0.00476323
0.00915121 -0.00571153 6.673e-09 -0.00571153 0.713005 -5.2562e-07 6.673e-09 -5.2562e-07 1.03546e-06 
95
0
0
-0.00375268
0.0091516 -0.00576524 6.65106e-09 -0.00576524 0.720435 -5.25644e-07 6.65106e-09 -5.25644e-07 1.03546e-06 
96
0
0
-0.0041519
0.00915219 -0.00583184 6.65954e-09 -0.00583184 0.727853 -5.25665e-07 6.65954e-09 -5.25665e-07 1.03546e-06 
97
0
0
-0.00382771
0.00915267 -0.00589157 6.65876e-09 -0.00589157 0.735258 -5.25677e-07 6.65876e-09 -5.25677e-07 1.03546e-06 
98
0
0
-0.00396109
0.0091532 -0.00595471 6.66345e-09 -0.00595471 0.742651 -5.25682e-07 6.66345e-09 -5.25682e-07 1.03546e-06 
99
0
0
-0.0037079
0.0091537 -0.00601505 6.66376e-09 -0.00601505 0.75003 -5.25681e-07 6.66376e-09 -5.25681e-07 1.03546e-06 
100
0
0
-0.00337965
0.00915423 -0.00607779 6.65907e-09 -0.00607779 0.757397 -5.25676e-07 6.65907e-09 -5.25676e-07 1.03546e-06 
101
0.130141
0
-0.00404266
0.0091548 -0.00614268 6.65015e-09 -0.00614268 0.764751 -5.25666e-07 6.65015e-09 -5.25666e-07 1.03546e-06 
102
0.188323
0
-0.00361877
0.00915521 -0.00619823 6.54406e-09 -0.00619823 0.772092 -5.25105e-07 6.54406e-09 -5.25105e-07 1.03546e-06 
103
0.214993
0
-0.0044641
0.00915573 -0.00626003 6.45006e-09 -0.00626003 0.779419 -5.24746e-07 6.45006e-09 -5.24746e-07 1.03546e-06 
104
0.227044
0
-0.00260585
0.00915609 -0.0063116 6.3403e-09 -0.0063116 0.786734 -5.24552e-07 6.3403e-09 -5.24552e-07 1.03546e-06 
105
0.232408
0
-0.00309946
0.00915683 -0.00638684 6.25765e-09 -0.00638684 0.794035 -5.24455e-07 6.25765e-09 -5.24455e-07 1.03546e-06 
106
0.23466
0
-0.00317749
0.00915737 -0.00644973 6.14988e-09 -0.00644973 0.801322 -5.24395e-07 6.14988e-09 -5.24395e-07 1.03546e-06 
107
0.235365
0
-0.00500961
0.00915787 -0.00651014 6.04549e-09 -0.00651014 0.808596 -5.2435e-07 6.04549e-09 -5.2435e-07 1.03546e-06 
108
0.235301
0
-0.0043621
0.00915803 -0.00654929 5.9157e-09 -0.00654929 0.815857 -5.24303e-07 5.9157e-09 -5.24303e-07 1.03546e-06 
109
0.277321
0
-0.00360797
0.00915844 -0.00660424 5.80948e-09 -0.00660424 0.823103 -5.24262e-07 5.80948e-09 -5.24262e-07 1.03546e-06 
110
0.296736
0
-0.00388825
0.00915903 -0.00666943 5.79697e-09 -0.00666943 0.830335 -5.24042e-07 5.79697e-09 -5.24042e-07 1.03546e-06 
111
0.305536
0
-0.00475174
0.00915951 -0.00672852 5.78915e-09 -0.00672852 0.837554 -5.23886e-07 5.78915e-09 -5.23886e-07 1.03546e-06 
112
0.309758
0
-0.0049556
0.00915983 -0.00677722 5.7686e-09 -0.00677722 0.844758 -5.23781e-07 5.7686e-09 -5.23781e-07 1.03546e-06 
113
0.311619
0
-0.00402517
0.00916017 -0.00682762 5.7462e-09 -0.00682762 0.851948 -5.23702e-07 5.7462e-09 -5.23702e-07 1.03546e-06 
114
0.312264
0
-0.00404736
0.00916075 -0.00689238 5.74866e-09 -0.00689238 0.859124 -5.23642e-07 5.74866e-09 -5.23642e-07 1.03546e-06 
115
0.312698
0
-0.00434561
0.00916128 -0.00695396 5.74535e-09 -0.00695396 0.866285 -5.23587e-07 5.74535e-09 -5.23587e-07 1.03546e-06 
116
0.312991
0
-0.00483888
0.00916172 -0.00701035 5.74037e-09 -0.00701035 0.873432 -5.2353e-07 5.74037e-09 -5.2353e-07 1.03546e-06 
117
0.313025
0
-0.00455169
0.00916208 -0.0070613 5.71534e-09 -0.0070613 0.880565 -5.23469e-07 5.71534e-09 -5.23469e-07 1.03546e-06 
118
0.312933
0
-0.00412225
0.00916254 -0.00711865 5.70109e-09 -0.00711865 0.887682 -5.23409e-07 5.70109e-09 -5.23409e-07 1.03546e-06 
119
0.31282
0
-0.00494252
0.00916309 -0.00718137 5.70523e-09 -0.00718137 0.894785 -5.23351e-07 5.70523e-09 -5.23351e-07 1.03546e-06 
120
0.312868
0
-0.00458396
0.00916344 -0.00723154 5.70031e-09 -0.00723154 0.901873 -5.23286e-07 5.70031e-09 -5.23286e-07 1.03546e-06 
121
0.312739
0
-0.00407048
0.00916391 -0.00728925 5.70069e-09 -0.00728925 0.908947 -5.23222e-07 5.70069e-09 -5.23222e-07 1.03546e-06 
122
0.312659
0
-0.00267022
0.00916448 -0.00735322 5.69838e-09 -0.00735322 0.916005 -5.2316e-07 5.69838e-09 -5.2316e-07 1.03546e-06 
123
0.270404
0
-0.00485534
0.00916529 -0.00743211 5.72165e-09 -0.00743211 0.923049 -5.23103e-07 5.72165e-09 -5.23103e-07 1.03546e-06 
124
0.250714
0
-0.00504183
0.0091655 -0.00747341 5.59422e-09 -0.00747341 0.930077 -5.23212e-07 5.59422e-09 -5.23212e-07 1.03546e-06 
125
0.241583
0
-0.00343653
0.00916578 -0.00751896 5.4655e-09 -0.00751896 0.93709 -5.23251e-07 5.4655e-09 -5.23251e-07 1.03546e-06 
126
0.237354
0
-0.00379772
0.00916648 -0.00759031 5.37132e-09 -0.00759031 0.944088 -5.23241e-07 5.37132e-09 -5.23241e-07 1.03546e-06 
127
0.235242
0
-0.00374755
0.00916699 -0.00765052 5.25775e-09 -0.00765052 0.951071 -5.23197e-07 5.25775e-09 -5.23197e-07 1.03546e-06 
128
0.234263
0
-0.00364925
0.0091675 -0.00770979 5.14396e-09 -0.00770979 0.958038 -5.23137e-07 5.14396e-09 -5.23137e-07 1.03546e-06 
129
0.233802
0
-0.00441911
0.009168 -0.00776913 5.02766e-09 -0.00776913 0.96499 -5.23069e-07 5.02766e-09 -5.23069e-07 1.03546e-06 
130
0.233621
0
-0.0043891
0.00916832 -0.00781676 4.88896e-09 -0.00781676 0.971926 -5.22992e-07 4.88896e-09 -5.22992e-07 1.03546e-06 
131
0.233503
0
-0.00414636
0.0091687 -0.00786844 4.76089e-09 -0.00786844 0.978847 -5.22915e-07 4.76089e-09 -5.22915e-07 1.03546e-06 
132
0.233439
0
-0.00440381
0.00916917 -0.00792526 4.64309e-09 -0.00792526 0.985751 -5.22839e-07 4.64309e-09 -5.22839e-07 1.03546e-06 
133
0.233409
0
-0.00536448
0.00916957 -0.00797809 4.52073e-09 -0.00797809 0.99264 -5.2276e-07 4.52073e-09 -5.2276e-07 1.03546e-06 
134
0.233138
0
-0.00389504
0.00916978 -0.0080188 4.37235e-09 -0.0080188 0.999513 -5.22676e-07 4.37235e-09 -5.22676e-07 1.03546e-06 
135
0.232672
0
-0.00495629
0.00917043 -0.00808638 4.26107e-09 -0.00808638 1.00637 -5.22604e-07 4.26107e-09 -5.22604e-07 1.03546e-06 
136
0.23256
0
-0.00585833
0.00917075 -0.00813375 4.12717e-09 -0.00813375 1.01321 -5.22525e-07 4.12717e-09 -5.22525e-07 1.03546e-06 
137
0.232335
0
-0.00522794
0.00917092 -0.0081717 3.98889e-09 -0.0081717 1.02003 -5.22439e-07 3.98889e-09 -5.22439e-07 1.03546e-06 
138
0.232406
0
-0.00552794
0.00917135 -0.00822596 3.85869e-09 -0.00822596 1.02684 -5.2236e-07 3.85869e-09 -5.2236e-07 1.03546e-06 
139
0.274414
0
-0.00502632
0.00917172 -0.00827614 3.72315e-09 -0.00827614 1.03363 -5.22278e-07 3.72315e-09 -5.22278e-07 1.03546e-06 
140
0.29297
0
-0.00525186
0.00917224 -0.00833548 3.70507e-09 -0.00833548 1.04041 -5.2202e-07 3.70507e-09 -5.2202e-07 1.03546e-06 
141
0.301277
0
-0.00732707
0.00917267 -0.00838945 3.68162e-09 -0.00838945 1.04717 -5.21833e-07 3.68162e-09 -5.21833e-07 1.03546e-06 
142
0.30475
0
-0.00636823
0.00917262 -0.00841318 3.63168e-09 -0.00841318 1.05391 -5.21689e-07 3.63168e-09 -5.21689e-07 1.03546e-06 
143
0.316372
0
-0.00390052
0.00917301 -0.00846413 3.60025e-09 -0.00846413 1.06063 -5.21586e-07 3.60025e-09 -5.21586e-07 1.03546e-06 
144
0.323141
0
-0.0039993
0.009174 -0.00855297 3.67547e-09 -0.00855297 1.06734 -5.21473e-07 3.67547e-09 -5.21473e-07 1.03546e-06 
145
0.327002
0
-0.00466644
0.00917472 -0.00862528 3.72248e-09 -0.00862528 1.07403 -5.21372e-07 3.72248e-09 -5.21372e-07 1.03546e-06 
146
0.328374
0
-0.00346958
0.00917516 -0.00867963 3.75916e-09 -0.00867963 1.08071 -5.21278e-07 3.75916e-09 -5.21278e-07 1.03546e-06 
147
0.329541
0
-0.00261618
0.00917589 -0.00875185 3.79852e-09 -0.00875185 1.08737 -5.21204e-07 3.79852e-09 -5.21204e-07 1.03546e-06 
148
0.330497
0
-0.00508795
0.0091767 -0.0088291 3.86955e-09 -0.0088291 1.09401 -5.21137e-07 3.86955e-09 -5.21137e-07 1.03546e-06 
149
0.330845
0
-0.00429067
0.00917674 -0.00885836 3.88091e-09 -0.00885836 1.10064 -5.21049e-07 3.88091e-09 -5.21049e-07 1.03546e-06 
150
0.331098
0
-0.00302609
0.00917715 -0.00891038 3.91666e-09 -0.00891038 1.10725 -5.20972e-07 3.91666e-09 -5.20972e-07 1.03546e-06 
151
0.331586
0
-0.00341549
0.00917789 -0.00898258 3.96132e-09 -0.00898258 1.11384 -5.20906e-07 3.96132e-09 -5.20906e-07 1.03546e-06 
152
0.331848
0
-0.00314932
0.00917839 -0.00904055 4.00378e-09 -0.00904055 1.12042 -5.20834e-07 4.00378e-09 -5.20834e-07 1.03546e-06 
153
0.331794
0
-0.00462406
0.00917894 -0.00910064 4.05291e-09 -0.00910064 1.12697 -5.20763e-07 4.05291e-09 -5.20763e-07 1.03546e-06 
154
0.331786
0
-0.004082
0.00917906 -0.00913445 4.08099e-09 -0.00913445 1.13352 -5.20681e-07 4.08099e-09 -5.20681e-07 1.03546e-06 
155
0.361167
0
-0.0060019
0.00917945 -0.0091851 4.11161e-09 -0.0091851 1.14004 -5.20606e-07 4.11161e-09 -5.20606e-07 1.03546e-06 
156
0.37465
0
-0.00392084
0.00917937 -0.00920598 4.07498e-09 -0.00920598 1.14655 -5.20389e-07 4.07498e-09 -5.20389e-07 1.03546e-06 
157
0.380752
0
-0.00468924
0.00918004 -0.00927389 4.09045e-09 -0.00927389 1.15303 -5.20242e-07 4.09045e-09 -5.20242e-07 1.03546e-06 
158
0.383314
0
-0.00607476
0.00918041 -0.00932265 4.08714e-09 -0.00932265 1.15951 -5.20128e-07 4.08714e-09 -5.20128e-07 1.03546e-06 
159
0.38441
0
-0.00382932
0.00918044 -0.00935039 4.06129e-09 -0.00935039 1.16596 -5.20026e-07 4.06129e-09 -5.20026e-07 1.03546e-06 
160
0.384783
0
-0.00433634
0.00918122 -0.00942522 4.08677e-09 -0.00942522 1.1724 -5.19955e-07 4.08677e-09 -5.19955e-07 1.03546e-06 
161
0.423765
0
-0.00547292
0.00918172 -0.00948181 4.09063e-09 -0.00948181 1.17881 -5.19883e-07 4.09063e-09 -5.19883e-07 1.03546e-06 
162
0.441915
0
-0.00438465
0.00918188 -0.00951753 4.06942e-09 -0.00951753 1.18521 -5.19634e-07 4.06942e-09 -5.19634e-07 1.03546e-06 
163
0.450175
0
-0.00485278
0.00918244 -0.00957815 4.07936e-09 -0.00957815 1.1916 -5.1946e-07 4.07936e-09 -5.1946e-07 1.03546e-06 
164
0.453856
0
-0.00475502
0.00918281 -0.00962697 4.07765e-09 -0.00962697 1.19796 -5.19335e-07 4.07765e-09 -5.19335e-07 1.03546e-06 
165
0.455417
0
-0.00435215
0.00918323 -0.00967849 4.07414e-09 -0.00967849 1.20431 -5.19241e-07 4.07414e-09 -5.19241e-07 1.03546e-06 
166
0.456057
0
-0.00421012
0.00918376 -0.00973663 4.08447e-09 -0.00973663 1.21064 -5.19163e-07 4.08447e-09 -5.19163e-07 1.03546e-06 
167
0.456306
0
-0.00522039
0.00918427 -0.0097941 4.10148e-09 -0.0097941 1.21695 -5.19092e-07 4.10148e-09 -5.19092e-07 1.03546e-06 
168
0.456226
0
-0.00360764
0.00918447 -0.0098315 4.09089e-09 -0.0098315 1.22325 -5.19014e-07 4.09089e-09 -5.19014e-07 1.03546e-06 
169
0.45623
0
-0.00351921
0.0091852 -0.00990228 4.10955e-09 -0.00990228 1.22953 -5.18952e-07 4.10955e-09 -5.18952e-07 1.03546e-06 
170
0.456021
0
-0.00431545
0.00918582 -0.00996587 4.11645e-09 -0.00996587 1.23579 -5.18889e-07 4.11645e-09 -5.18889e-07 1.03546e-06 
171
0.455787
0
-0.00561682
0.00918612 -0.01001 4.10738e-09 -0.01001 1.24203 -5.18818e-07 4.10738e-09 -5.18818e-07 1.03546e-06 
172
0.455604
0
-0.00459589
0.00918611 -0.0100342 4.08278e-09 -0.0100342 1.24825 -5.18736e-07 4.08278e-09 -5.18736e-07 1.03546e-06 
173
0.455378
0
-0.0043062
0.00918657 -0.0100875 4.09178e-09 -0.0100875 1.25445 -5.18666e-07 4.09178e-09 -5.18666e-07 1.03546e-06 
174
0.455256
0
-0.00597519
0.00918708 -0.0101444 4.10194e-09 -0.0101444 1.26064 -5.18599e-07 4.10194e-09 -5.18599e-07 1.03546e-06 
175
0.455172
0
-0.00460041
0.00918708 -0.0101688 4.08437e-09 -0.0101688 1.26681 -5.18516e-07 4.08437e-09 -5.18516e-07 1.03546e-06 
176
0.455133
0
-0.00382791
0.00918764 -0.0102285 4.10562e-09 -0.0102285 1.27296 -5.18448e-07 4.10562e-09 -5.18448e-07 1.03546e-06 
177
0.455135
0
-0.00423381
0.00918835 -0.0102975 4.12664e-09 -0.0102975 1.27909 -5.18387e-07 4.12664e-09 -5.18387e-07 1.03546e-06 
178
0.455092
0
-0.0047309
0.00918881 -0.0103508 4.13934e-09 -0.0103508 1.28521 -5.18319e-07 4.13934e-09 -5.18319e-07 1.03546e-06 
179
0.455385
0
-0.00502684
0.0091891 -0.0103934 4.1405e-09 -0.0103934 1.2913 -5.18245e-07 4.1405e-09 -5.18245e-07 1.03546e-06 
180
0.455371
0
-0.00479984
0.00918936 -0.0104335 4.13545e-09 -0.0104335 1.29738 -5.18169e-07 4.13545e-09 -5.18169e-07 1.03546e-06 
181
0.466822
0
-0.00379773
0.00918974 -0.0104815 4.1323e-09 -0.0104815 1.30344 -5.18096e-07 4.1323e-09 -5.18096e-07 1.03546e-06 
182
0.472194
0
-0.00507064
0.00919042 -0.0105481 4.18832e-09 -0.0105481 1.30948 -5.17985e-07 4.18832e-09 -5.17985e-07 1.03546e-06 
183
0.475046
0
-0.00484166
0.0091906 -0.0105837 4.22353e-09 -0.0105837 1.3155 -5.17879e-07 4.22353e-09 -5.17879e-07 1.03546e-06 
184
0.477219
0
-0.00406765
0.00919094 -0.010629 4.25972e-09 -0.010629 1.32151 -5.1779e-07 4.25972e-09 -5.1779e-07 1.03546e-06 
185
0.479008
0
-0.00335062
0.00919153 -0.01069 4.30102e-09 -0.01069 1.32749 -5.17714e-07 4.30102e-09 -5.17714e-07 1.03546e-06 
186
0.478944
0
-0.00236111
0.00919225 -0.0107588 4.33897e-09 -0.0107588 1.33346 -5.17645e-07 4.33897e-09 -5.17645e-07 1.03546e-06 
187
0.47798
0
-0.00304069
0.00919313 -0.0108371 4.4005e-09 -0.0108371 1.33941 -5.17591e-07 4.4005e-09 -5.17591e-07 1.03546e-06 
188
0.478172
0
-0.00649745
0.00919359 -0.0108897 4.4911e-09 -0.0108897 1.34534 -5.17532e-07 4.4911e-09 -5.17532e-07 1.03546e-06 
189
0.478567
0
-0.00545216
0.00919297 -0.010875 4.51114e-09 -0.010875 1.35125 -5.17437e-07 4.51114e-09 -5.17437e-07 1.03546e-06 
190
0.478209
0
-0.00307548
0.00919311 -0.0109072 4.53522e-09 -0.0109072 1.35715 -5.17357e-07 4.53522e-09 -5.17357e-07 1.03546e-06 
191
0.47822
0
-0.00374018
0.00919408 -0.0109911 4.58943e-09 -0.0109911 1.36302 -5.17304e-07 4.58943e-09 -5.17304e-07 1.03546e-06 
192
0.478999
0
-0.00571747
0.00919459 -0.0110465 4.6386e-09 -0.0110465 1.36888 -5.17241e-07 4.6386e-09 -5.17241e-07 1.03546e-06 
193
0.478793
0
-0.00732184
0.00919444 -0.0110604 4.66126e-09 -0.0110604 1.37472 -5.17156e-07 4.66126e-09 -5.17156e-07 1.03546e-06 
194
0.477995
0
-0.00381358
0.00919402 -0.0110578 4.6573e-09 -0.0110578 1.38053 -5.17064e-07 4.6573e-09 -5.17064e-07 1.03546e-06 
195
0.477926
0
-0.00296553
0.00919504 -0.0111443 4.7433e-09 -0.0111443 1.38633 -5.17013e-07 4.7433e-09 -5.17013e-07 1.03546e-06 
196
0.511866
0
-0.00402798
0.00919604 -0.0112301 4.82031e-09 -0.0112301 1.39211 -5.16964e-07 4.82031e-09 -5.16964e-07 1.03546e-06 
197
0.52729
0
-0.0028167
0.00919644 -0.0112781 4.83051e-09 -0.0112781 1.39788 -5.16754e-07 4.83051e-09 -5.16754e-07 1.03546e-06 
198
0.534064
0
-0.00422743
0.00919721 -0.0113492 4.85661e-09 -0.0113492 1.40362 -5.16609e-07 4.85661e-09 -5.16609e-07 1.03546e-06 
199
0.536961
0
-0.00667017
0.00919736 -0.0113819 4.85765e-09 -0.0113819 1.40935 -5.16496e-07 4.85765e-09 -5.16496e-07 1.03546e-06 
200
0.538824
0
-0.00586356
0.00919684 -0.0113722 4.81257e-09 -0.0113722 1.41506 -5.16387e-07 4.81257e-09 -5.16387e-07 1.03546e-06 
201
0.540004
0
-0.00364309
0.00919697 -0.0114025 4.79166e-09 -0.0114025 1.42074 -5.16299e-07 4.79166e-09 -5.16299e-07 1.03546e-06 
202
0.574036
0
-0.00383656
0.0091979 -0.0114837 4.81781e-09 -0.0114837 1.42641 -5.16241e-07 4.81781e-09 -5.16241e-07 1.03546e-06 
203
0.589836
0
-0.00410774
0.00919853 -0.0115456 4.78467e-09 -0.0115456 1.43206 -5.16037e-07 4.78467e-09 -5.16037e-07 1.03546e-06 
204
0.59731
0
-0.00429587
0.00919896 -0.011595 4.75607e-09 -0.011595 1.43769 -5.15884e-07 4.75607e-09 -5.15884e-07 1.03546e-06 
205
0.611607
0
-0.00545498
0.0091993 -0.0116389 4.70168e-09 -0.0116389 1.44331 -5.15774e-07 4.70168e-09 -5.15774e-07 1.03546e-06 
206
0.617936
0
-0.0041581
0.00919928 -0.0116598 4.66981e-09 -0.0116598 1.4489 -5.15631e-07 4.66981e-09 -5.15631e-07 1.03546e-06 
207
0.621388
0
-0.00407316
0.00919985 -0.0117176 4.68502e-09 -0.0117176 1.45448 -5.15535e-07 4.68502e-09 -5.15535e-07 1.03546e-06 
208
0.623563
0
-0.00600346
0.00920035 -0.0117715 4.71493e-09 -0.0117715 1.46003 -5.15458e-07 4.71493e-09 -5.15458e-07 1.03546e-06 
209
0.624051
0
-0.00522393
0.00920017 -0.0117819 4.6904e-09 -0.0117819 1.46557 -5.15369e-07 4.6904e-09 -5.15369e-07 1.03546e-06 
210
0.624012
0
-0.00376275
0.00920047 -0.0118231 4.68276e-09 -0.0118231 1.47109 -5.15299e-07 4.68276e-09 -5.15299e-07 1.03546e-06 
211
0.624361
0
-0.00488169
0.00920129 -0.0118958 4.71096e-09 -0.0118958 1.47659 -5.15249e-07 4.71096e-09 -5.15249e-07 1.03546e-06 
212
0.624513
0
-0.00516268
0.00920153 -0.011933 4.71969e-09 -0.011933 1.48207 -5.15184e-07 4.71969e-09 -5.15184e-07 1.03546e-06 
213
0.624377
0
-0.00514642
0.00920173 -0.0119673 4.72335e-09 -0.0119673 1.48753 -5.15117e-07 4.72335e-09 -5.15117e-07 1.03546e-06 
214
0.624319
0
-0.00447751
0.009202 -0.0120061 4.71847e-09 -0.0120061 1.49297 -5.15052e-07 4.71847e-09 -5.15052e-07 1.03546e-06 
215
0.624334
0
-0.00470038
0.00920253 -0.0120611 4.73034e-09 -0.0120611 1.49839 -5.14994e-07 4.73034e-09 -5.14994e-07 1.03546e-06 
216
0.624242
0
-0.00538324
0.00920291 -0.0121064 4.72851e-09 -0.0121064 1.5038 -5.14933e-07 4.72851e-09 -5.14933e-07 1.03546e-06 
217
0.624025
0
-0.00588706
0.00920305 -0.0121365 4.72856e-09 -0.0121365 1.50919 -5.14866e-07 4.72856e-09 -5.14866e-07 1.03546e-06 
218
0.623934
0
-0.00419644
0.00920311 -0.0121617 4.72223e-09 -0.0121617 1.51455 -5.14795e-07 4.72223e-09 -5.14795e-07 1.03546e-06 
219
0.623947
0
-0.00472388
0.00920387 -0.0122305 4.74809e-09 -0.0122305 1.5199 -5.14743e-07 4.74809e-09 -5.14743e-07 1.03546e-06 
220
0.624028
0
-0.00425251
0.00920427 -0.0122769 4.74872e-09 -0.0122769 1.52523 -5.14683e-07 4.74872e-09 -5.14683e-07 1.03546e-06 
221
0.623958
0
-0.00400898
0.00920481 -0.0123318 4.76552e-09 -0.0123318 1.53054 -5.14627e-07 4.76552e-09 -5.14627e-07 1.03546e-06 
222
0.623911
0
-0.00461206
0.00920535 -0.0123866 4.77956e-09 -0.0123866 1.53583 -5.14572e-07 4.77956e-09 -5.14572e-07 1.03546e-06 
223
0.624002
0
-0.00463458
0.00920559 -0.0124232 4.78104e-09 -0.0124232 1.54111 -5.14509e-07 4.78104e-09 -5.14509e-07 1.03546e-06 
224
0.623895
0
-0.004461
0.00920587 -0.0124618 4.77561e-09 -0.0124618 1.54636 -5.14446e-07 4.77561e-09 -5.14446e-07 1.03546e-06 
225
0.623898
0
-0.00434862
0.00920624 -0.0125058 4.77979e-09 -0.0125058 1.5516 -5.14385e-07 4.77979e-09 -5.14385e-07 1.03546e-06 
226
0.623876
0
-0.00431357
0.00920664 -0.0125514 4.77572e-09 -0.0125514 1.55681 -5.14326e-07 4.77572e-09 -5.14326e-07 1.03546e-06 
227
0.623736
0
-0.00522091
0.00920702 -0.0125962 4.78013e-09 -0.0125962 1.56201 -5.14267e-07 4.78013e-09 -5.14267e-07 1.03546e-06 
228
0.623541
0
-0.00484187
0.00920707 -0.0126198 4.76202e-09 -0.0126198 1.56719 -5.14199e-07 4.76202e-09 -5.14199e-07 1.03546e-06 
229
0.6234
0
-0.00476673
0.00920738 -0.0126596 4.76653e-09 -0.0126596 1.57235 -5.14137e-07 4.76653e-09 -5.14137e-07 1.03546e-06 
230
0.623314
0
-0.00394741
0.00920772 -0.0127018 4.76311e-09 -0.0127018 1.57749 -5.14077e-07 4.76311e-09 -5.14077e-07 1.03546e-06 
231
0.623094
0
-0.00574624
0.00920835 -0.0127617 4.78037e-09 -0.0127617 1.58261 -5.14025e-07 4.78037e-09 -5.14025e-07 1.03546e-06 
232
0.62304
0
-0.00486748
0.00920822 -0.0127735 4.75814e-09 -0.0127735 1.58772 -5.13954e-07 4.75814e-09 -5.13954e-07 1.03546e-06 
233
0.622976
0
-0.00443414
0.0092086 -0.0128176 4.77164e-09 -0.0128176 1.5928 -5.13893e-07 4.77164e-09 -5.13893e-07 1.03546e-06 
234
0.623087
0
-0.00460802
0.00920911 -0.01287 4.78375e-09 -0.01287 1.59787 -5.13839e-07 4.78375e-09 -5.13839e-07 1.03546e-06 
235
0.622869
0
-0.00355139
0.00920948 -0.0129134 4.79294e-09 -0.0129134 1.60291 -5.1378e-07 4.79294e-09 -5.1378e-07 1.03546e-06 
236
0.622903
0
-0.0059224
0.00921022 -0.0129793 4.81739e-09 -0.0129793 1.60794 -5.13733e-07 4.81739e-09 -5.13733e-07 1.03546e-06 
237
0.623144
0
-0.00411524
0.00920991 -0.0129807 4.78961e-09 -0.0129807 1.61295 -5.13658e-07 4.78961e-09 -5.13658e-07 1.03546e-06 
238
0.62341
0
-0.00521143
0.00921054 -0.0130398 4.80813e-09 -0.0130398 1.61794 -5.13604e-07 4.80813e-09 -5.13604e-07 1.03546e-06 
239
0.623423
0
-0.00416944
0.00921064 -0.0130659 4.80045e-09 -0.0130659 1.62292 -5.13539e-07 4.80045e-09 -5.13539e-07 1.03546e-06 
240
0.623653
0
-0.00543529
0.00921122 -0.0131216 4.82011e-09 -0.0131216 1.62787 -5.13486e-07 4.82011e-09 -5.13486e-07 1.03546e-06 
241
0.623761
0
-0.00496284
0.00921122 -0.0131416 4.81237e-09 -0.0131416 1.6328 -5.13418e-07 4.81237e-09 -5.13418e-07 1.03546e-06 
242
0.62391
0
-0.00499681
0.00921153 -0.0131809 4.81957e-09 -0.0131809 1.63772 -5.13358e-07 4.81957e-09 -5.13358e-07 1.03546e-06 
243
0.624143
0
-0.00402054
0.00921184 -0.0132195 4.82736e-09 -0.0132195 1.64262 -5.13298e-07 4.82736e-09 -5.13298e-07 1.03546e-06 
244
0.624265
0
-0.00654763
0.00921251 -0.0132809 4.85004e-09 -0.0132809 1.6475 -5.13249e-07 4.85004e-09 -5.13249e-07 1.03546e-06 
245
0.623509
0
-0.00703176
0.00921209 -0.0132742 4.81372e-09 -0.0132742 1.65235 -5.13171e-07 4.81372e-09 -5.13171e-07 1.03546e-06 
246
0.623184
0
-0.00427459
0.00921182 -0.0132761 4.80589e-09 -0.0132761 1.65719 -5.13096e-07 4.80589e-09 -5.13096e-07 1.03546e-06 
247
0.622365
0
-0.00540488
0.00921282 -0.0133581 4.85877e-09 -0.0133581 1.66201 -5.13056e-07 4.85877e-09 -5.13056e-07 1.03546e-06 
248
0.622724
0
-0.00696018
0.0092131 -0.0133949 4.875e-09 -0.0133949 1.66682 -5.13003e-07 4.875e-09 -5.13003e-07 1.03546e-06 
249
0.623299
0
-0.00687349
0.00921281 -0.013396 4.86242e-09 -0.013396 1.6716 -5.12928e-07 4.86242e-09 -5.12928e-07 1.03546e-06 
250
0.623969
0
-0.00676021
0.00921282 -0.0134153 4.86746e-09 -0.0134153 1.67636 -5.12856e-07 4.86746e-09 -5.12856e-07 1.03546e-06 
251
0.729995
0
-0.00494821
0.009213 -0.0134454 4.87393e-09 -0.0134454 1.6811 -5.12789e-07 4.87393e-09 -5.12789e-07 1.03546e-06 
252
0.780333
0
-0.00463309
0.00921392 -0.0135216 5.33277e-09 -0.0135216 1.68583 -5.12294e-07 5.33277e-09 -5.12294e-07 1.03546e-06 
253
0.804155
0
-0.00496354
0.00921468 -0.0135885 5.8589e-09 -0.0135885 1.69054 -5.1197e-07 5.8589e-09 -5.1197e-07 1.03546e-06 
254
0.815795
0
-0.00642371
0.00921512 -0.013635 6.38448e-09 -0.013635 1.69523 -5.11783e-07 6.38448e-09 -5.11783e-07 1.03546e-06 
255
0.821888
0
-0.00495151
0.00921495 -0.0136429 6.87839e-09 -0.0136429 1.6999 -5.11657e-07 6.87839e-09 -5.11657e-07 1.03546e-06 
256
0.825495
0
-0.00453047
0.00921555 -0.0136987 7.41381e-09 -0.0136987 1.70456 -5.11584e-07 7.41381e-09 -5.11584e-07 1.03546e-06 
257
0.827709
0
-0.00542425
0.00921617 -0.0137565 7.95652e-09 -0.0137565 1.70919 -5.1153e-07 7.95652e-09 -5.1153e-07 1.03546e-06 
258
0.829272
0
-0.00589944
0.00921632 -0.013784 8.48083e-09 -0.013784 1.71381 -5.11474e-07 8.48083e-09 -5.11474e-07 1.03546e-06 
259
0.830618
0
-0.00463122
0.00921634 -0.0138041 8.98929e-09 -0.0138041 1.71841 -5.11419e-07 8.98929e-09 -5.11419e-07 1.03546e-06 
260
0.831564
0
-0.00385579
0.00921698 -0.0138621 9.52517e-09 -0.0138621 1.72299 -5.11376e-07 9.52517e-09 -5.11376e-07 1.03546e-06 
261
0.832578
0
-0.00379143
0.00921777 -0.0139296 1.00776e-08 -0.0139296 1.72756 -5.11338e-07 1.00776e-08 -5.11338e-07 1.03546e-06 
262
0.833568
0
-0.00444341
0.00921837 -0.0139853 1.06248e-08 -0.0139853 1.7321 -5.11296e-07 1.06248e-08 -5.11296e-07 1.03546e-06 
263
0.834712
0
-0.00475315
0.00921858 -0.0140168 1.11462e-08 -0.0140168 1.73663 -5.11249e-07 1.11462e-08 -5.11249e-07 1.03546e-06 
264
0.83582
0
-0.00480113
0.00921871 -0.0140429 1.16699e-08 -0.0140429 1.74114 -5.11199e-07 1.16699e-08 -5.11199e-07 1.03546e-06 
265
0.730732
0
-0.00458631
0.00921889 -0.0140723 1.21953e-08 -0.0140723 1.74563 -5.11149e-07 1.21953e-08 -5.11149e-07 1.03546e-06 
266
0.681894
0
-0.0045432
0.00921921 -0.0141098 1.22763e-08 -0.0141098 1.75011 -5.11553e-07 1.22763e-08 -5.11553e-07 1.03546e-06 
267
0.659159
0
-0.0047874
0.00921953 -0.0141477 1.22917e-08 -0.0141477 1.75456 -5.11784e-07 1.22917e-08 -5.11784e-07 1.03546e-06 
268
0.648531
0
-0.00490615
0.00921974 -0.0141786 1.22767e-08 -0.0141786 1.759 -5.11871e-07 1.22767e-08 -5.11871e-07 1.03546e-06 
269
0.643273
0
-0.00477919
0.00921994 -0.0142087 1.22675e-08 -0.0142087 1.76342 -5.1188e-07 1.22675e-08 -5.1188e-07 1.03546e-06 
270
0.640605
0
-0.00562012
0.00922022 -0.0142443 1.22624e-08 -0.0142443 1.76782 -5.11855e-07 1.22624e-08 -5.11855e-07 1.03546e-06 
271
0.639267
0
-0.00561415
0.00922018 -0.0142588 1.22557e-08 -0.0142588 1.7722 -5.11809e-07 1.22557e-08 -5.11809e-07 1.03546e-06 
272
0.638514
0
-0.00619635
0.00922028 -0.0142825 1.22496e-08 -0.0142825 1.77656 -5.11756e-07 1.22496e-08 -5.11756e-07 1.03546e-06 
273
0.638165
0
-0.0047309
0.00922023 -0.0142965 1.22333e-08 -0.0142965 1.78091 -5.11697e-07 1.22333e-08 -5.11697e-07 1.03546e-06 
274
0.637907
0
-0.00461239
0.0092209 -0.0143562 1.22408e-08 -0.0143562 1.78523 -5.11645e-07 1.22408e-08 -5.11645e-07 1.03546e-06 
275
0.637622
0
-0.00573019
0.00922146 -0.014408 1.2255e-08 -0.014408 1.78954 -5.11593e-07 1.2255e-08 -5.11593e-07 1.03546e-06 
276
0.637449
0
-0.00650453
0.00922144 -0.0144242 1.22463e-08 -0.0144242 1.79383 -5.11536e-07 1.22463e-08 -5.11536e-07 1.03546e-06 
277
0.637306
0
-0.00612302
0.00922124 -0.0144288 1.22237e-08 -0.0144288 1.79811 -5.11475e-07 1.22237e-08 -5.11475e-07 1.03546e-06 
278
0.637352
0
-0.00404589
0.0092214 -0.0144558 1.22079e-08 -0.0144558 1.80236 -5.11418e-07 1.22079e-08 -5.11418e-07 1.03546e-06 
279
0.637023
0
-0.00448324
0.00922246 -0.0145385 1.22354e-08 -0.0145385 1.8066 -5.11371e-07 1.22354e-08 -5.11371e-07 1.03546e-06 
280
0.636899
0
-0.0048811
0.00922299 -0.0145889 1.22273e-08 -0.0145889 1.81082 -5.11323e-07 1.22273e-08 -5.11323e-07 1.03546e-06 
281
0.637517
0
-0.00450894
0.00922325 -0.014622 1.22125e-08 -0.014622 1.81502 -5.11272e-07 1.22125e-08 -5.11272e-07 1.03546e-06 
282
0.63824
0
-0.00395106
0.00922367 -0.0146648 1.2205e-08 -0.0146648 1.81921 -5.1122e-07 1.2205e-08 -5.1122e-07 1.03546e-06 
283
0.638818
0
-0.00522004
0.00922425 -0.0147179 1.2234e-08 -0.0147179 1.82338 -5.1117e-07 1.2234e-08 -5.1117e-07 1.03546e-06 
284
0.638071
0
-0.00636724
0.00922417 -0.01473 1.22573e-08 -0.01473 1.82753 -5.11114e-07 1.22573e-08 -5.11114e-07 1.03546e-06 
285
0.637529
0
-0.00394247
0.00922378 -0.0147219 1.22162e-08 -0.0147219 1.83166 -5.11058e-07 1.22162e-08 -5.11058e-07 1.03546e-06 
286
0.637372
0
-0.00293026
0.00922467 -0.014794 1.22099e-08 -0.014794 1.83578 -5.11017e-07 1.22099e-08 -5.11017e-07 1.03546e-06 
287
0.637329
0
-0.00503736
0.00922571 -0.0148752 1.22266e-08 -0.0148752 1.83987 -5.10978e-07 1.22266e-08 -5.10978e-07 1.03546e-06 
288
0.637045
0
-0.00586005
0.00922554 -0.0148811 1.22217e-08 -0.0148811 1.84396 -5.10927e-07 1.22217e-08 -5.10927e-07 1.03546e-06 
289
0.636807
0
-0.00446274
0.00922522 -0.0148773 1.2203e-08 -0.0148773 1.84802 -5.10873e-07 1.2203e-08 -5.10873e-07 1.03546e-06 
290
0.636584
0
-0.00344134
0.00922574 -0.0149256 1.22058e-08 -0.0149256 1.85206 -5.10828e-07 1.22058e-08 -5.10828e-07 1.03546e-06 
291
0.636429
0
-0.00450252
0.00922657 -0.0149935 1.22181e-08 -0.0149935 1.85609 -5.10788e-07 1.22181e-08 -5.10788e-07 1.03546e-06 
292
0.636185
0
-0.00447505
0.00922671 -0.0150184 1.22164e-08 -0.0150184 1.86011 -5.10741e-07 1.22164e-08 -5.10741e-07 1.03546e-06 
293
0.63591
0
-0.00497701
0.00922691 -0.0150472 1.22204e-08 -0.0150472 1.8641 -5.10695e-07 1.22204e-08 -5.10695e-07 1.03546e-06 
294
0.635561
0
-0.00477421
0.00922693 -0.0150643 1.22123e-08 -0.0150643 1.86808 -5.10647e-07 1.22123e-08 -5.10647e-07 1.03546e-06 
295
0.635564
0
-0.00436722
0.00922714 -0.0150931 1.21974e-08 -0.0150931 1.87204 -5.10601e-07 1.21974e-08 -5.10601e-07 1.03546e-06 
296
0.635719
0
-0.00369406
0.00922754 -0.0151339 1.21889e-08 -0.0151339 1.87598 -5.10556e-07 1.21889e-08 -5.10556e-07 1.03546e-06 
297
0.636139
0
-0.00410844
0.00922816 -0.0151885 1.21916e-08 -0.0151885 1.87991 -5.10513e-07 1.21916e-08 -5.10513e-07 1.03546e-06 
298
0.636456
0
-0.00504564
0.00922845 -0.0152221 1.21979e-08 -0.0152221 1.88382 -5.10467e-07 1.21979e-08 -5.10467e-07 1.03546e-06 
299
0.637105
0
-0.00512477
0.00922832 -0.01523 1.21906e-08 -0.01523 1.88771 -5.10416e-07 1.21906e-08 -5.10416e-07 1.03546e-06 
300
0.637598
0
-0.00431362
0.00922833 -0.015246 1.21808e-08 -0.015246 1.89158 -5.10364e-07 1.21808e-08 -5.10364e-07 1.03546e-06 
301
0.637936
0
-0.00418363
0.00922879 -0.01529 1.21844e-08 -0.01529 1.89544 -5.10318e-07 1.21844e-08 -5.10318e-07 1.03546e-06 
302
0.638001
0
-0.00385262
0.00922921 -0.0153319 1.21848e-08 -0.0153319 1.89928 -5.10272e-07 1.21848e-08 -5.10272e-07 1.03546e-06 
303
0.638142
0
-0.00600589
0.0092297 -0.0153778 1.21921e-08 -0.0153778 1.9031 -5.1023e-07 1.21921e-08 -5.1023e-07 1.03546e-06 
304
0.638536
0
-0.00438009
0.00922917 -0.0153595 1.2164e-08 -0.0153595 1.90691 -5.10176e-07 1.2164e-08 -5.10176e-07 1.03546e-06 
305
0.638731
0
-0.00509095
0.00922967 -0.015406 1.2173e-08 -0.015406 1.9107 -5.10131e-07 1.2173e-08 -5.10131e-07 1.03546e-06 
306
0.638777
0
-0.00434298
0.00922975 -0.0154264 1.21724e-08 -0.0154264 1.91447 -5.10083e-07 1.21724e-08 -5.10083e-07 1.03546e-06 
307
0.638806
0
-0.00511365
0.00923023 -0.0154712 1.21789e-08 -0.0154712 1.91822 -5.10041e-07 1.21789e-08 -5.10041e-07 1.03546e-06 
308
0.638975
0
-0.004777
0.00923027 -0.0154889 1.2165e-08 -0.0154889 1.92196 -5.09994e-07 1.2165e-08 -5.09994e-07 1.03546e-06 
309
0.639036
0
-0.0041511
0.00923055 -0.015521 1.21522e-08 -0.015521 1.92569 -5.09948e-07 1.21522e-08 -5.09948e-07 1.03546e-06 
310
0.638928
0
-0.00518967
0.00923108 -0.015569 1.21539e-08 -0.015569 1.92939 -5.09907e-07 1.21539e-08 -5.09907e-07 1.03546e-06 
311
0.639021
0
-0.00484575
0.00923104 -0.015581 1.21427e-08 -0.015581 1.93308 -5.09861e-07 1.21427e-08 -5.09861e-07 1.03546e-06 
312
0.639074
0
-0.00581537
0.00923127 -0.01561 1.2143e-08 -0.01561 1.93675 -5.09817e-07 1.2143e-08 -5.09817e-07 1.03546e-06 
313
0.638938
0
-0.00598281
0.00923108 -0.0156128 1.21243e-08 -0.0156128 1.94041 -5.09767e-07 1.21243e-08 -5.09767e-07 1.03546e-06 
314
0.639042
0
-0.00489968
